frame_idx,time_s,target,pred_baseline,pred_ftrick,pred_smooth,pred_ftrick_smooth
0,0.0,0.0,-1.8187644,-0.89671993,-1.7738645,-0.8525487
1,0.04,0.2,-1.689143,-0.7692021,-1.7664553,-0.8452598
2,0.08,0.2,-1.4206886,-0.50510466,-1.7590412,-0.8379659
3,0.12,0.2,-1.097497,-0.18715826,-1.7516258,-0.83067083
4,0.16,0.2,-1.5557364,-0.6379607,-1.7442129,-0.82337826
5,0.2,0.3,-0.8848902,0.021998025,-1.7368062,-0.8160917
6,0.24,0.3,-1.7282107,-0.8076358,-1.7294093,-0.808815
7,0.28,0.3,-1.4830884,-0.56649166,-1.7220261,-0.8015516
8,0.32,0.3,-0.8919959,0.015007637,-1.71466,-0.794305
9,0.36,0.2,-1.4677391,-0.55139154,-1.7073147,-0.7870789
10,0.4,0.2,-0.7671787,0.13779911,-1.6999936,-0.7798767
11,0.44,0.0,-1.2044641,-0.29238933,-1.6927004,-0.7727018
12,0.48,0.0,-1.5328143,-0.61541057,-1.6854382,-0.7655575
13,0.52,0.0,-1.4003599,-0.48510584,-1.6782105,-0.7584471
14,0.56,0.0,-1.168423,-0.25693324,-1.6710206,-0.7513739
15,0.6,0.0,-1.0887746,-0.1785774,-1.6638716,-0.74434096
16,0.64,0.0,-1.7687936,-0.84756005,-1.6567668,-0.73735136
17,0.68,0.0,-0.45248353,0.44738698,-1.649709,-0.73040813
18,0.72,0.0,-1.6500092,-0.7307034,-1.6427013,-0.72351414
19,0.76,0.0,-1.2554723,-0.3425697,-1.6357464,-0.7166722
20,0.8,0.0,-1.6557094,-0.73631114,-1.6288472,-0.709885
21,0.84,0.0,-1.192977,-0.28108862,-1.6220065,-0.7031553
22,0.88,0.0,-1.1207744,-0.21005788,-1.6152267,-0.6964856
23,0.92,0.0,-1.049864,-0.14029838,-1.6085106,-0.68987834
24,0.96,0.0,-1.6988943,-0.7787951,-1.6018603,-0.68333596
25,1.0,0.0,-1.3383224,-0.4240752,-1.5952783,-0.67686075
26,1.04,0.0,-2.116869,-1.1899863,-1.5887667,-0.6704549
27,1.08,0.0,-2.3798237,-1.4486735,-1.5823277,-0.6641205
28,1.12,0.0,-1.7051946,-0.78499323,-1.5759636,-0.6578596
29,1.16,0.0,-1.4115148,-0.49607968,-1.569676,-0.6516741
30,1.2,0.0,-1.420018,-0.5044449,-1.5634671,-0.6455659
31,1.24,0.0,-1.7752681,-0.8539295,-1.5573385,-0.63953674
32,1.28,0.0,-1.8237756,-0.9016498,-1.5512918,-0.63358825
33,1.32,0.0,-0.9123609,-0.005026847,-1.5453289,-0.627722
34,1.36,0.0,-0.46983057,0.43032146,-1.539451,-0.62193954
35,1.4,0.0,-1.7564461,-0.835413,-1.5336596,-0.6162422
36,1.44,0.0,-1.3004613,-0.38682854,-1.5279561,-0.6106313
37,1.48,0.0,-1.4893466,-0.57264835,-1.5223417,-0.60510796
38,1.52,0.0,-1.2883632,-0.3749268,-1.5168175,-0.59967333
39,1.56,0.0,-1.4412631,-0.5253452,-1.5113844,-0.5943285
40,1.6,0.0,-1.5234799,-0.60622776,-1.5060436,-0.5890743
41,1.64,0.0,-1.3395166,-0.42525002,-1.5007956,-0.5839116
42,1.68,0.0,-1.8444918,-0.92202973,-1.4956416,-0.57884115
43,1.72,0.0,-1.3172674,-0.40336192,-1.4905819,-0.5738635
44,1.76,0.0,-0.766385,0.13857993,-1.485617,-0.5689794
45,1.8,0.0,-0.571567,0.33023617,-1.4807478,-0.56418914
46,1.84,0.0,-2.03377,-1.1082361,-1.4759744,-0.5594932
47,1.88,0.0,-0.756628,0.14817864,-1.4712971,-0.5548918
48,1.92,0.0,-1.1389712,-0.22795938,-1.4667163,-0.55038536
49,1.96,0.0,-1.7345861,-0.8139078,-1.462232,-0.5459738
50,2.0,0.0,-1.5442169,-0.6266281,-1.4578443,-0.54165727
51,2.04,0.0,-0.9792811,-0.07086098,-1.4535531,-0.53743577
52,2.08,0.0,-1.3611355,-0.44651803,-1.4493585,-0.53330916
53,2.12,0.0,-1.4549447,-0.5388048,-1.44526,-0.5292773
54,2.16,0.0,-2.350003,-1.4193368,-1.4412578,-0.52534
55,2.2,0.0,-1.6856997,-0.7658147,-1.4373513,-0.521497
56,2.24,0.0,-1.4043869,-0.4890675,-1.4335403,-0.5177478
57,2.28,0.0,-1.1874759,-0.27567688,-1.4298244,-0.51409215
58,2.32,0.0,-1.4035647,-0.48825863,-1.426203,-0.5105295
59,2.36,0.0,-1.3285601,-0.41447133,-1.4226755,-0.50705934
60,2.4,0.0,-1.4565004,-0.54033524,-1.4192415,-0.50368106
61,2.44,0.0,-0.74786955,0.1567949,-1.4159003,-0.50039405
62,2.48,0.0,-1.493547,-0.57678056,-1.4126512,-0.49719766
63,2.52,0.0,-0.9809816,-0.072533846,-1.4094934,-0.49409112
64,2.56,0.0,-1.3612425,-0.44662333,-1.4064262,-0.4910737
65,2.6,0.0,-1.8349202,-0.9126134,-1.4034487,-0.48814458
66,2.64,0.0,-2.3698182,-1.4388303,-1.4005603,-0.48530293
67,2.68,0.0,-2.0561285,-1.1302316,-1.3977597,-0.48254782
68,2.72,0.0,-1.4386858,-0.52280974,-1.3950461,-0.47987837
69,2.76,0.0,-1.9732754,-1.0487233,-1.3924187,-0.47729364
70,2.8,0.0,-0.8817184,0.025118344,-1.3898765,-0.47479263
71,2.84,0.0,-1.8776503,-0.95465004,-1.3874184,-0.47237438
72,2.88,0.0,-1.1499608,-0.23877057,-1.3850434,-0.47003788
73,2.92,0.0,-1.935998,-1.0120509,-1.3827503,-0.46778202
74,2.96,0.0,-1.5613275,-0.643461,-1.3805381,-0.46560577
75,3.0,0.0,-0.9544043,-0.04638789,-1.3784057,-0.463508
76,3.04,0.0,-1.1495078,-0.23832493,-1.3763521,-0.46148762
77,3.08,0.0,-0.5449333,0.3564376,-1.3743758,-0.4595435
78,3.12,0.0,-1.1129547,-0.20236513,-1.372476,-0.45767444
79,3.16,0.0,-1.5627818,-0.64489174,-1.3706511,-0.4558793
80,3.2,0.0,-2.3242269,-1.393979,-1.3689003,-0.45415682
81,3.24,0.0,-0.45984185,0.44014806,-1.3672221,-0.45250583
82,3.28,-0.2,-2.294187,-1.3644266,-1.3656152,-0.45092505
83,3.32,-0.2,-1.4103492,-0.49493307,-1.3640785,-0.4494133
84,3.36,0.0,-1.3377063,-0.42346913,-1.3626106,-0.44796923
85,3.4,0.0,-1.9902383,-1.0654109,-1.3612103,-0.44659165
86,3.44,0.0,-0.9101769,-0.0028782636,-1.3598762,-0.44527918
87,3.48,0.0,-0.6843573,0.2192764,-1.358607,-0.4440306
88,3.52,0.0,-1.1371955,-0.22621246,-1.3574014,-0.44284457
89,3.56,0.0,-1.7201991,-0.7997542,-1.356258,-0.44171977
90,3.6,0.0,-1.6297352,-0.71075857,-1.3551756,-0.44065487
91,3.64,0.0,-1.1502136,-0.2390193,-1.3541527,-0.43964857
92,3.68,0.0,-1.8807265,-0.9576763,-1.3531879,-0.4386995
93,3.72,0.0,-1.0564301,-0.14675787,-1.35228,-0.43780634
94,3.76,0.0,-0.8431526,0.063058265,-1.3514276,-0.4369677
95,3.8,0.0,-2.17274,-1.2449507,-1.3506292,-0.43618226
96,3.84,0.0,-1.3032017,-0.38952446,-1.3498834,-0.43544865
97,3.88,0.0,-1.04317,-0.13371295,-1.3491892,-0.43476555
98,3.92,0.0,-1.2148281,-0.30258518,-1.3485447,-0.43413156
99,3.96,0.0,-2.0349047,-1.1093524,-1.3479488,-0.43354535
100,4.0,0.0,-0.901262,0.005891949,-1.3474001,-0.43300557
101,4.04,0.0,-1.801954,-0.8801823,-1.3468972,-0.43251085
102,4.08,0.0,-0.6182654,0.28429565,-1.3464388,-0.43205985
103,4.12,0.0,-1.3945552,-0.4793954,-1.3460234,-0.4316512
104,4.16,0.0,-1.5734372,-0.6553742,-1.3456497,-0.43128362
105,4.2,0.0,-1.1717204,-0.26017705,-1.3453164,-0.43095568
106,4.24,0.0,-1.7459137,-0.8250515,-1.3450221,-0.43066612
107,4.28,0.0,-1.4413922,-0.5254722,-1.3447653,-0.43041357
108,4.32,0.0,-1.494643,-0.57785875,-1.3445449,-0.43019673
109,4.36,0.0,-1.1311156,-0.22023122,-1.3443594,-0.43001425
110,4.4,0.0,-0.84575397,0.060499094,-1.3442076,-0.42986488
111,4.44,0.0,-0.8822061,0.024638586,-1.3440881,-0.4297473
112,4.48,0.0,-1.7194352,-0.79900277,-1.3439995,-0.4296602
113,4.52,0.0,-1.4160914,-0.5005821,-1.3439407,-0.42960235
114,4.56,0.0,-0.726293,0.17802125,-1.3439103,-0.42957243
115,4.6,0.0,-2.2457013,-1.3167278,-1.3439071,-0.4295692
116,4.64,0.0,-1.0015948,-0.0928125,-1.3439296,-0.42959148
117,4.68,0.0,-2.2859633,-1.3563364,-1.343977,-0.42963797
118,4.72,0.0,-1.7272056,-0.80664706,-1.3440475,-0.42970747
119,4.76,0.0,-1.4415913,-0.5256681,-1.3441404,-0.42979884
120,4.8,0.0,-1.3820673,-0.46711016,-1.3442544,-0.42991084
121,4.84,0.0,-0.75944036,0.14541188,-1.344388,-0.43004236
122,4.88,0.0,-1.6515248,-0.7321945,-1.3445404,-0.43019226
123,4.92,0.0,-1.4925616,-0.57581115,-1.3447102,-0.43035936
124,4.96,0.0,-1.551572,-0.6338638,-1.3448966,-0.43054262
125,5.0,0.0,-1.1320721,-0.22117223,-1.345098,-0.4307409
126,5.04,0.0,-1.3669173,-0.45220596,-1.3453138,-0.43095315
127,5.08,0.0,-1.8295586,-0.90733886,-1.3455427,-0.4311783
128,5.12,0.0,-1.1700264,-0.2585106,-1.3457836,-0.4314153
129,5.16,0.0,-1.445689,-0.52969927,-1.3460355,-0.43166313
130,5.2,0.0,-1.5484724,-0.63081455,-1.3462974,-0.43192077
131,5.24,0.0,-1.9979615,-1.0730087,-1.3465682,-0.43218723
132,5.28,0.0,-1.7653257,-0.84414846,-1.346847,-0.43246153
133,5.32,0.0,-1.8445351,-0.9220723,-1.3471329,-0.43274269
134,5.36,0.0,-0.7761326,0.12899056,-1.3474246,-0.43302974
135,5.4,0.0,-1.2593155,-0.34635052,-1.3477215,-0.43332174
136,5.44,0.0,-1.0716555,-0.16173618,-1.3480225,-0.43361777
137,5.48,0.0,-1.4306953,-0.5149489,-1.3483264,-0.43391687
138,5.52,0.0,-0.82085496,0.08499401,-1.3486326,-0.43421808
139,5.56,0.0,-0.6289653,0.27376938,-1.34894,-0.4345205
140,5.6,0.0,-1.2289547,-0.31648245,-1.3492477,-0.43482322
141,5.64,0.0,-0.57556885,0.32629925,-1.3495548,-0.43512526
142,5.68,0.0,-1.8325766,-0.91030794,-1.3498602,-0.43542576
143,5.72,0.0,-1.295631,-0.3820767,-1.3501631,-0.43572375
144,5.76,0.0,-0.84585154,0.060403116,-1.3504626,-0.43601832
145,5.8,0.0,-1.4611319,-0.5448916,-1.3507576,-0.43630853
146,5.84,0.0,-1.6483446,-0.72906595,-1.3510472,-0.43659347
147,5.88,0.0,-0.74039483,0.16414833,-1.3513305,-0.43687224
148,5.92,0.0,-1.8028588,-0.8810724,-1.3516067,-0.4371439
149,5.96,0.0,-1.4485819,-0.53254527,-1.3518747,-0.4374075
150,6.0,0.0,-1.4446856,-0.52871215,-1.3521335,-0.43766218
151,6.04,0.0,-1.8281429,-0.90594614,-1.3523824,-0.437907
152,6.08,0.0,-1.5215732,-0.60435194,-1.3526204,-0.43814108
153,6.12,0.0,-1.8320532,-0.90979296,-1.3528464,-0.43836352
154,6.16,0.0,-1.1329489,-0.22203478,-1.3530598,-0.4385734
155,6.2,0.0,-1.2654583,-0.3523937,-1.3532594,-0.4387698
156,6.24,0.0,-1.0973198,-0.18698399,-1.3534445,-0.43895188
157,6.28,0.0,-1.1525402,-0.24130815,-1.3536141,-0.4391187
158,6.32,0.0,-0.4019565,0.49709398,-1.3537673,-0.43926945
159,6.36,0.0,-0.9030876,0.004095949,-1.3539033,-0.43940318
160,6.4,0.0,-1.3807111,-0.4657759,-1.354021,-0.43951902
161,6.44,0.0,-1.0730069,-0.16306561,-1.3541197,-0.43961608
162,6.48,0.0,-1.9231803,-0.9994412,-1.3541983,-0.4396935
163,6.52,0.0,-1.0388167,-0.12943031,-1.3542562,-0.4397504
164,6.56,0.0,-1.2270879,-0.31464595,-1.3542923,-0.43978593
165,6.6,0.0,-1.7885422,-0.86698806,-1.3543057,-0.4397992
166,6.64,0.0,-0.9959997,-0.08730821,-1.3542957,-0.43978935
167,6.68,0.0,-2.1998706,-1.2716409,-1.3542614,-0.43975556
168,6.72,0.0,-1.8949281,-0.9716475,-1.3542019,-0.439697
169,6.76,0.0,-1.3803787,-0.46544895,-1.3541163,-0.43961284
170,6.8,0.0,-1.4102029,-0.49478906,-1.3540039,-0.43950224
171,6.84,0.0,-1.5944926,-0.67608786,-1.3538638,-0.43936446
172,6.88,0.0,-1.8664154,-0.94359744,-1.3536954,-0.43919867
173,6.92,0.0,-1.4690979,-0.55272824,-1.3534976,-0.4390041
174,6.96,0.0,-0.87889564,0.027895309,-1.3532698,-0.43878
175,7.0,0.0,-1.3173523,-0.40344542,-1.3530113,-0.43852562
176,7.04,0.0,-1.336464,-0.422247,-1.3527211,-0.4382402
177,7.08,0.0,-1.6445713,-0.72535384,-1.3523986,-0.437923
178,7.12,0.0,-1.6387424,-0.7196196,-1.3520433,-0.43757334
179,7.16,0.0,-0.25671935,0.63997394,-1.351654,-0.43719047
180,7.2,0.0,-0.93197733,-0.024324901,-1.3512304,-0.4367737
181,7.24,0.0,-0.9769888,-0.068605855,-1.3507715,-0.43632227
182,7.28,0.0,-1.4452804,-0.52929735,-1.3502767,-0.43583554
183,7.32,0.0,-1.211546,-0.29935625,-1.3497454,-0.4353128
184,7.36,0.0,-1.1151618,-0.20453636,-1.3491768,-0.43475342
185,7.4,0.0,-1.24718,-0.33441198,-1.3485702,-0.43415666
186,7.44,0.0,-1.7371628,-0.81644267,-1.347925,-0.4335219
187,7.48,0.0,-1.1380688,-0.22707161,-1.3472404,-0.43284845
188,7.52,0.0,-1.0622859,-0.15251863,-1.3465159,-0.43213573
189,7.56,0.0,-1.4189314,-0.50337595,-1.3457508,-0.43138304
190,7.6,0.0,-1.3420026,-0.4276957,-1.3449445,-0.43058985
191,7.64,0.0,-1.0928298,-0.18256685,-1.3440964,-0.4297555
192,7.68,0.0,-0.97657615,-0.0681999,-1.3432059,-0.4288794
193,7.72,0.0,-1.8289547,-0.9067447,-1.3422724,-0.42796105
194,7.76,0.0,-1.3562914,-0.44175258,-1.3412954,-0.42699987
195,7.8,0.0,-0.41949165,0.47984344,-1.3402742,-0.4259953
196,7.84,0.0,-1.1391633,-0.22814831,-1.3392085,-0.42494684
197,7.88,0.0,-0.7904682,0.11488759,-1.3380976,-0.42385408
198,7.92,0.0,-1.4681225,-0.5517687,-1.3369412,-0.42271647
199,7.96,0.0,-1.4629269,-0.5466574,-1.3357389,-0.42153364
200,8.0,0.0,-1.854315,-0.93169355,-1.3344902,-0.42030516
201,8.04,0.0,-1.8505621,-0.92800146,-1.3331947,-0.4190307
202,8.08,0.0,-1.7053553,-0.78515136,-1.3318521,-0.4177099
203,8.12,0.0,-0.98950523,-0.08091916,-1.3304621,-0.41634247
204,8.16,0.0,-1.5567118,-0.63892025,-1.3290244,-0.41492817
205,8.2,0.0,-1.9998615,-1.0748779,-1.327539,-0.41346675
206,8.24,0.0,-2.1666532,-1.2389625,-1.3260053,-0.41195807
207,8.28,0.0,-1.229428,-0.31694815,-1.3244237,-0.41040203
208,8.32,0.0,-0.2655776,0.6312595,-1.3227936,-0.4087985
209,8.36,0.0,-0.9860402,-0.077510335,-1.3211154,-0.4071474
210,8.4,0.0,-1.5779353,-0.65979934,-1.3193887,-0.40544885
211,8.44,0.0,-1.9900837,-1.0652587,-1.317614,-0.40370283
212,8.48,0.0,-0.5391336,0.36214316,-1.315791,-0.4019094
213,8.52,0.0,-1.7498223,-0.82889664,-1.31392,-0.40006882
214,8.56,0.0,-0.7137711,0.19033995,-1.3120012,-0.39818117
215,8.6,0.0,-1.9454391,-1.0213387,-1.3100349,-0.39624676
216,8.64,0.0,-1.1753027,-0.26370126,-1.3080213,-0.3942659
217,8.68,0.0,-1.3195939,-0.40565065,-1.3059609,-0.39223886
218,8.72,0.0,-1.8447759,-0.9223092,-1.3038539,-0.3901661
219,8.76,0.0,-1.2149229,-0.3026784,-1.301701,-0.38804805
220,8.8,0.0,-1.8839071,-0.9608053,-1.2995024,-0.38588524
221,8.84,0.0,-1.218493,-0.30619055,-1.297259,-0.3836782
222,8.88,0.0,-1.1213382,-0.2106126,-1.2949712,-0.3814276
223,8.92,0.0,-1.2837831,-0.37042102,-1.2926399,-0.37913403
224,8.96,0.0,-1.3757612,-0.46090633,-1.2902656,-0.3767983
225,9.0,0.0,-1.7235289,-0.8030299,-1.2878492,-0.37442115
226,9.04,0.0,-1.2688024,-0.35568348,-1.2853916,-0.37200344
227,9.08,0.0,-1.5216978,-0.6044745,-1.2828937,-0.36954606
228,9.12,0.0,-1.8168826,-0.8948686,-1.2803564,-0.36704996
229,9.16,0.0,-1.261005,-0.34801266,-1.2777808,-0.3645161
230,9.2,0.0,-1.0584558,-0.14875072,-1.2751678,-0.36194563
231,9.24,0.0,-2.3542624,-1.423527,-1.2725189,-0.3593396
232,9.28,0.0,-1.3411549,-0.42686173,-1.2698349,-0.3566992
233,9.32,0.0,-1.4202225,-0.5046461,-1.2671173,-0.35402563
234,9.36,0.0,-0.7866949,0.118599676,-1.2643671,-0.35132015
235,9.4,0.0,-1.0500659,-0.14049692,-1.261586,-0.3485841
236,9.44,0.0,-1.566153,-0.64820826,-1.258775,-0.34581882
237,9.48,0.0,-1.4692916,-0.5529188,-1.2559358,-0.3430257
238,9.52,0.0,-1.530024,-0.61266565,-1.2530699,-0.34020627
239,9.56,0.0,-1.3558975,-0.4413651,-1.2501786,-0.3373619
240,9.6,0.0,-0.920349,-0.012885295,-1.2472636,-0.3344942
241,9.64,0.0,-1.2826122,-0.36926913,-1.2443264,-0.3316047
242,9.68,0.0,-1.484884,-0.5682582,-1.2413687,-0.328695
243,9.72,0.0,-1.7113907,-0.79108876,-1.2383921,-0.3257667
244,9.76,0.0,-0.892833,0.01418414,-1.2353984,-0.32282156
245,9.8,0.0,-1.7656077,-0.84442586,-1.2323891,-0.31986117
246,9.84,0.0,-1.5936826,-0.67529106,-1.2293662,-0.3168873
247,9.88,0.0,-1.0330225,-0.12373018,-1.2263314,-0.31390166
248,9.92,0.0,-1.1366335,-0.22565962,-1.2232863,-0.31090605
249,9.96,0.0,-1.5324423,-0.61504465,-1.2202328,-0.3079022
250,10.0,0.0,-1.0439795,-0.13450935,-1.2171729,-0.3048919
251,10.04,0.0,-1.2996621,-0.38604236,-1.2141082,-0.301877
252,10.08,0.0,-1.1492511,-0.23807243,-1.2110407,-0.29885927
253,10.12,0.0,-1.0600233,-0.15029275,-1.2079723,-0.29584056
254,10.16,0.0,-1.218194,-0.30589643,-1.2049046,-0.29282266
255,10.2,0.0,-1.2937466,-0.38022283,-1.2018396,-0.28980738
256,10.24,0.0,-0.87407213,0.032640524,-1.1987791,-0.28679657
257,10.28,0.0,-1.0680611,-0.15820011,-1.195725,-0.28379202
258,10.32,0.0,-1.4067804,-0.49142212,-1.192679,-0.2807955
259,10.36,0.0,-1.5689739,-0.65098333,-1.189643,-0.27780887
260,10.4,0.0,-0.9294989,-0.021886706,-1.1866189,-0.27483383
261,10.44,0.0,-1.2415725,-0.3288955,-1.1836084,-0.27187213
262,10.48,0.0,0.0009292364,0.8934411,-1.1806132,-0.26892552
263,10.52,0.0,-0.741274,0.16328341,-1.1776351,-0.2659957
264,10.56,0.0,-0.9385596,-0.030800335,-1.1746757,-0.26308435
265,10.6,0.0,-1.6403829,-0.72123337,-1.1717367,-0.26019314
266,10.64,0.0,-0.34787464,0.55029815,-1.1688199,-0.25732365
267,10.68,0.0,-1.4462024,-0.53020436,-1.1659268,-0.2544775
268,10.72,0.0,-1.2435403,-0.33083135,-1.163059,-0.2516562
269,10.76,0.0,-1.0536926,-0.14406478,-1.160218,-0.24886134
270,10.8,0.0,-0.9042076,0.0029941574,-1.1574054,-0.24609435
271,10.84,0.0,-1.3399296,-0.4256563,-1.1546226,-0.24335667
272,10.88,0.0,-0.9484723,-0.040552184,-1.151871,-0.24064974
273,10.92,0.0,-1.1477021,-0.23654857,-1.149152,-0.23797493
274,10.96,0.0,-1.1130836,-0.20249191,-1.1464671,-0.23533355
275,11.0,0.0,-0.8246605,0.08125026,-1.1438174,-0.23272689
276,11.04,0.0,-0.6593431,0.2438846,-1.1412042,-0.23015621
277,11.08,0.0,-0.9778882,-0.069490686,-1.138629,-0.22762272
278,11.12,0.0,-1.5207777,-0.6035693,-1.1360927,-0.22512758
279,11.16,0.0,-1.4236059,-0.5079746,-1.1335965,-0.22267188
280,11.2,0.0,-1.1764814,-0.26486075,-1.1311415,-0.22025673
281,11.24,0.0,-0.74231637,0.16225797,-1.1287287,-0.21788315
282,11.28,0.0,-0.67180353,0.23162642,-1.1263592,-0.21555212
283,11.32,0.0,-1.1497846,-0.23859724,-1.124034,-0.2132646
284,11.36,0.0,-1.125937,-0.21513669,-1.1217539,-0.21102148
285,11.4,0.0,-1.3225839,-0.40859213,-1.1195197,-0.20882362
286,11.44,0.0,-1.5478508,-0.63020307,-1.1173325,-0.20667182
287,11.48,0.0,-1.0904332,-0.18020916,-1.1151928,-0.20456684
288,11.52,0.0,-0.70921135,0.19482571,-1.1131014,-0.20250942
289,11.56,0.0,-0.6418148,0.2611284,-1.1110591,-0.2005002
290,11.6,0.0,-1.0738683,-0.16391303,-1.1090664,-0.19853985
291,11.64,0.0,-1.0660592,-0.15623072,-1.1071239,-0.19662893
292,11.68,0.0,-0.89889324,0.00822226,-1.1052322,-0.19476798
293,11.72,0.0,-0.84862965,0.05767008,-1.1033919,-0.19295752
294,11.76,0.0,-1.1485087,-0.23734206,-1.1016034,-0.19119796
295,11.8,0.0,-0.73824,0.16626817,-1.0998669,-0.18948972
296,11.84,0.0,-0.79797775,0.107499935,-1.098183,-0.18783319
297,11.88,0.0,-1.2436078,-0.33089772,-1.096552,-0.18622866
298,11.92,0.0,-1.2204987,-0.3081637,-1.0949743,-0.18467644
299,11.96,0.0,-1.1962562,-0.28431463,-1.0934498,-0.18317674
300,12.0,0.0,-1.165157,-0.25372013,-1.091979,-0.1817298
301,12.04,0.0,-1.1306355,-0.21975896,-1.090562,-0.18033576
302,12.08,0.0,-2.2891047,-1.3594267,-1.0891988,-0.17899476
303,12.12,0.0,-1.5531707,-0.6354366,-1.0878897,-0.17770691
304,12.16,0.0,-0.74268436,0.16189593,-1.0866348,-0.17647226
305,12.2,0.0,-1.2371538,-0.32454848,-1.0854338,-0.17529085
306,12.24,0.0,-1.1619728,-0.2505876,-1.084287,-0.17416267
307,12.28,0.0,-1.4964807,-0.5796667,-1.0831943,-0.1730877
308,12.32,0.0,-0.99197084,-0.08334474,-1.0821556,-0.17206584
309,12.36,0.0,-1.3350369,-0.420843,-1.0811708,-0.171097
310,12.4,0.0,-0.977262,-0.06887464,-1.0802397,-0.170181
311,12.44,0.0,-0.9400629,-0.032279223,-1.0793622,-0.16931772
312,12.48,0.0,-1.1670353,-0.25556803,-1.078538,-0.1685069
313,12.52,0.0,-0.6404561,0.2624651,-1.0777668,-0.1677483
314,12.56,0.0,-1.2161183,-0.30385444,-1.0770484,-0.16704161
315,12.6,0.0,-0.7779927,0.12716061,-1.0763825,-0.1663865
316,12.64,0.0,-1.1415935,-0.23053907,-1.0757687,-0.16578259
317,12.68,0.0,-0.9395734,-0.0317977,-1.0752064,-0.16522947
318,12.72,0.0,-0.37973356,0.51895624,-1.0746953,-0.16472667
319,12.76,0.0,-0.38055784,0.5181453,-1.0742348,-0.1642737
320,12.8,0.0,-0.89191246,0.015089728,-1.0738245,-0.16386999
321,12.84,0.0,-0.93217295,-0.02451735,-1.0734637,-0.163515
322,12.88,0.0,-1.0430292,-0.13357444,-1.0731517,-0.16320807
323,12.92,0.0,-0.7273629,0.17696878,-1.0728879,-0.16294853
324,12.96,0.0,-1.4264061,-0.5107294,-1.0726715,-0.16273572
325,13.0,0.0,-1.401428,-0.4861566,-1.0725019,-0.16256887
326,13.04,0.0,-0.78134394,0.12386378,-1.0723783,-0.16244721
327,13.08,0.0,-0.43149996,0.46802998,-1.0722997,-0.16236994
328,13.12,0.0,-1.1997151,-0.28771746,-1.0722655,-0.16233622
329,13.16,0.0,-1.2178488,-0.3055568,-1.0722746,-0.16234517
330,13.2,0.0,-0.42579246,0.47364485,-1.0723262,-0.16239591
331,13.24,0.0,-1.2464733,-0.33371678,-1.0724193,-0.1624875
332,13.28,0.0,-0.47903848,0.42126298,-1.0725529,-0.16261901
333,13.32,0.0,-0.7864425,0.11884796,-1.0727261,-0.16278946
334,13.36,0.0,-0.99516314,-0.086485244,-1.072938,-0.16299784
335,13.4,0.0,-1.5678539,-0.64988154,-1.0731874,-0.16324317
336,13.44,0.0,-1.6981869,-0.77809924,-1.0734732,-0.1635244
337,13.48,0.0,-1.4104023,-0.49498528,-1.0737946,-0.1638405
338,13.52,0.0,-1.7297642,-0.8091641,-1.0741502,-0.16419044
339,13.56,0.0,-1.1049403,-0.19448078,-1.0745393,-0.16457313
340,13.6,0.0,-1.0560522,-0.1463861,-1.0749605,-0.16498755
341,13.64,0.0,-1.4992472,-0.5823883,-1.0754129,-0.16543262
342,13.68,0.0,-0.92729294,-0.019716546,-1.0758954,-0.16590725
343,13.72,0.0,-0.79866326,0.10682554,-1.0764068,-0.1664104
344,13.76,0.0,-1.5831659,-0.664945,-1.0769461,-0.16694099
345,13.8,0.0,-1.359873,-0.4452761,-1.0775124,-0.16749795
346,13.84,0.0,-1.3817822,-0.46682963,-1.0781041,-0.1680802
347,13.88,0.0,-1.1705836,-0.2590587,-1.0787207,-0.16868667
348,13.92,0.0,-0.70303476,0.20090207,-1.0793607,-0.16931629
349,13.96,0.0,-0.9845249,-0.07601966,-1.0800232,-0.169968
350,14.0,0.0,-1.6106267,-0.6919601,-1.080707,-0.17064072
351,14.04,0.0,-0.7693025,0.13570982,-1.081411,-0.1713334
352,14.08,0.0,-0.87647724,0.030274443,-1.0821344,-0.17204496
353,14.12,0.0,-1.15822,-0.24689582,-1.0828757,-0.17277434
354,14.16,0.0,-0.5374806,0.36376938,-1.0836343,-0.1735205
355,14.2,0.0,-1.1986876,-0.28670657,-1.0844086,-0.17428237
356,14.24,0.0,-1.2265494,-0.3141162,-1.085198,-0.17505889
357,14.28,0.0,-0.86040896,0.046081953,-1.0860012,-0.175849
358,14.32,0.0,-1.7967582,-0.87507075,-1.0868171,-0.1766517
359,14.36,0.0,-1.0104561,-0.101529986,-1.0876447,-0.1774659
360,14.4,0.0,-1.4930658,-0.57630724,-1.088483,-0.17829058
361,14.44,0.0,-0.89801955,0.009081759,-1.0893309,-0.17912473
362,14.48,0.0,-0.6762949,0.22720793,-1.0901874,-0.1799673
363,14.52,0.0,-1.3682024,-0.4534703,-1.0910513,-0.18081728
364,14.56,0.0,-0.88281524,0.024039306,-1.0919219,-0.18167366
365,14.6,0.0,-0.6951804,0.20862892,-1.0927979,-0.18253545
366,14.64,0.0,-1.017646,-0.10860317,-1.0936784,-0.18340164
367,14.68,0.0,-1.0008882,-0.092117414,-1.0945623,-0.18427125
368,14.72,0.0,-0.62514293,0.27752972,-1.0954487,-0.18514328
369,14.76,0.0,-1.4357896,-0.5199606,-1.0963366,-0.18601675
370,14.8,0.0,-0.8943111,0.012730055,-1.0972251,-0.18689072
371,14.84,0.0,-0.89046955,0.016509227,-1.098113,-0.18776423
372,14.88,0.0,-0.86700517,0.039592795,-1.0989995,-0.18863633
373,14.92,0.0,-1.0662743,-0.15644228,-1.0998836,-0.18950608
374,14.96,0.0,-1.2439333,-0.331218,-1.1007644,-0.1903726
375,15.0,0.0,-0.75793535,0.14689246,-1.1016409,-0.19123496
376,15.04,0.0,-1.1138153,-0.20321174,-1.1025124,-0.19209228
377,15.08,0.0,-0.9914814,-0.08286327,-1.1033779,-0.1929437
378,15.12,0.0,-0.92104787,-0.013572812,-1.1042365,-0.1937884
379,15.16,0.0,-0.9077738,-0.000514172,-1.1050874,-0.19462553
380,15.2,0.0,-1.7928863,-0.87126166,-1.1059299,-0.19545431
381,15.24,0.0,-1.1456438,-0.23452371,-1.1067631,-0.19627398
382,15.28,0.0,-1.5058136,-0.5888481,-1.1075863,-0.19708379
383,15.32,0.0,-1.5200497,-0.6028531,-1.1083987,-0.19788301
384,15.36,0.0,-1.223098,-0.31072086,-1.1091996,-0.19867101
385,15.4,-0.2,-1.4634644,-0.5471862,-1.1099886,-0.19944711
386,15.44,-0.2,-1.0115786,-0.10263424,-1.1107647,-0.20021072
387,15.48,-0.2,-0.72722226,0.1771071,-1.1115277,-0.20096125
388,15.52,-0.2,-1.6383014,-0.7191857,-1.1122768,-0.20169817
389,15.56,-0.2,-1.4632388,-0.54696435,-1.1130115,-0.20242096
390,15.6,-0.2,-1.4932213,-0.5764601,-1.1137314,-0.20312919
391,15.64,-0.3,-0.8901945,0.016779833,-1.114436,-0.20382239
392,15.68,-0.3,-1.4367591,-0.5209143,-1.1151251,-0.2045002
393,15.72,-0.2,-1.2123779,-0.3001747,-1.115798,-0.20516223
394,15.76,-0.1,-1.4456695,-0.52968013,-1.1164546,-0.20580818
395,15.8,0.0,-1.5649579,-0.6470325,-1.1170945,-0.20643775
396,15.84,0.0,-0.9463016,-0.038416676,-1.1177176,-0.20705071
397,15.88,0.0,-1.7611661,-0.84005636,-1.1183236,-0.20764683
398,15.92,0.0,-0.67747116,0.22605076,-1.1189122,-0.20822595
399,15.96,0.0,-1.2721612,-0.3589878,-1.1194835,-0.20878789
400,16.0,0.0,-1.477749,-0.561239,-1.1200371,-0.20933256
401,16.04,0.0,-0.9278954,-0.020309247,-1.120573,-0.20985985
402,16.08,0.0,-0.90379584,0.0033992156,-1.1210914,-0.2103697
403,16.12,0.0,-1.5022935,-0.5853851,-1.1215919,-0.2108621
404,16.16,0.0,-1.0783027,-0.16827554,-1.1220746,-0.21133703
405,16.2,0.0,-1.0389837,-0.12959461,-1.1225396,-0.21179448
406,16.24,0.0,-1.0073339,-0.09845845,-1.1229869,-0.2122345
407,16.28,0.0,-1.1547627,-0.24349463,-1.1234165,-0.21265714
408,16.32,0.0,-1.3119919,-0.39817205,-1.1238285,-0.21306248
409,16.36,0.0,-1.4657094,-0.54939485,-1.1242231,-0.21345061
410,16.4,0.0,-0.86810404,0.03851176,-1.1246002,-0.21382163
411,16.44,0.0,-0.7565682,0.14823744,-1.1249601,-0.21417566
412,16.48,0.0,-1.0863781,-0.17621982,-1.1253028,-0.21451281
413,16.52,0.0,-0.76912844,0.13588104,-1.1256286,-0.21483324
414,16.56,0.0,-0.67306817,0.23038232,-1.1259375,-0.21513711
415,16.6,0.0,-1.0500652,-0.14049622,-1.1262295,-0.21542454
416,16.64,0.0,-1.7083073,-0.78805536,-1.1265053,-0.2156957
417,16.68,0.0,-0.2619496,0.6348286,-1.1267645,-0.21595076
418,16.72,0.0,-0.41601413,0.48326445,-1.1270076,-0.21618988
419,16.76,0.0,-1.2611008,-0.34810683,-1.1272346,-0.21641324
420,16.8,0.0,-1.2515175,-0.33867913,-1.1274458,-0.21662103
421,16.84,0.0,-0.48974591,0.4107293,-1.1276413,-0.21681339
422,16.88,0.0,-0.9076736,-0.0004156083,-1.1278214,-0.21699053
423,16.92,0.0,-1.0224247,-0.113304354,-1.1279862,-0.21715264
424,16.96,0.0,-2.1905553,-1.2624768,-1.1281359,-0.2172999
425,17.0,0.0,-1.2865071,-0.37310085,-1.1282706,-0.2174325
426,17.04,0.0,-0.713995,0.19011968,-1.1283908,-0.21755065
427,17.08,0.0,-0.90346706,0.0037226528,-1.1284964,-0.21765456
428,17.12,0.0,-0.3317334,0.5661774,-1.1285877,-0.21774444
429,17.16,0.0,-1.4299914,-0.5142564,-1.1286651,-0.21782051
430,17.2,0.0,-1.3361294,-0.42191783,-1.1287286,-0.217883
431,17.24,0.0,-0.9962912,-0.087595016,-1.1287786,-0.21793215
432,17.28,0.0,-0.9448068,-0.036946177,-1.1288152,-0.21796821
433,17.32,0.0,-1.5807722,-0.66259015,-1.1288388,-0.21799141
434,17.36,0.0,-1.0631021,-0.15332161,-1.1288496,-0.21800205
435,17.4,0.0,-1.2770709,-0.36381775,-1.128848,-0.21800038
436,17.44,0.0,-1.0962673,-0.18594858,-1.128834,-0.21798672
437,17.48,0.0,-1.1879184,-0.2761122,-1.1288083,-0.21796134
438,17.52,0.0,-1.4575856,-0.5414028,-1.1287708,-0.21792457
439,17.56,0.0,-1.8856456,-0.96251565,-1.1287222,-0.21787675
440,17.6,0.0,-1.2137527,-0.30152726,-1.1286627,-0.21781822
441,17.64,0.0,-1.198718,-0.28673646,-1.1285927,-0.21774934
442,17.68,0.0,-1.7489805,-0.82806855,-1.1285126,-0.21767049
443,17.72,0.0,-1.1031553,-0.1927247,-1.1284226,-0.21758203
444,17.76,0.0,-1.8782544,-0.9552444,-1.1283234,-0.2174844
445,17.8,0.0,-1.3456032,-0.43123785,-1.1282153,-0.21737799
446,17.84,0.0,-0.947159,-0.03926017,-1.1280986,-0.21726324
447,17.88,0.0,-1.1989394,-0.28695434,-1.1279739,-0.21714057
448,17.92,0.0,-1.1398224,-0.22879672,-1.1278416,-0.21701042
449,17.96,0.0,-0.9342478,-0.026558518,-1.1277021,-0.21687323
450,18.0,0.0,-0.15897566,0.73613137,-1.127556,-0.21672946
451,18.04,0.0,-1.1821853,-0.2704721,-1.1274036,-0.21657954
452,18.08,0.0,-0.843031,0.063177876,-1.1272454,-0.21642393
453,18.12,0.0,-1.236712,-0.32411388,-1.127082,-0.21626307
454,18.16,0.0,-1.0691631,-0.1592842,-1.1269135,-0.2160974
455,18.2,0.0,-0.9290508,-0.021445878,-1.1267407,-0.21592736
456,18.24,0.0,-1.4823228,-0.56573856,-1.1265639,-0.21575338
457,18.28,0.0,-2.1591873,-1.2316178,-1.1263834,-0.2155759
458,18.32,0.0,-0.108048856,0.78623164,-1.1261998,-0.21539533
459,18.36,0.0,-1.0612878,-0.15153669,-1.1260136,-0.21521208
460,18.4,0.0,-0.7590755,0.14577079,-1.125825,-0.21502656
461,18.44,0.0,-1.0325239,-0.12323962,-1.1256346,-0.21483918
462,18.48,0.0,-1.1735839,-0.2620103,-1.1254426,-0.2146503
463,18.52,0.0,-0.782036,0.12318296,-1.1252495,-0.21446033
464,18.56,0.0,-1.1116102,-0.2010424,-1.1250556,-0.2142696
465,18.6,0.0,-0.6314025,0.27137175,-1.1248614,-0.21407847
466,18.64,0.0,-1.110633,-0.2000811,-1.1246669,-0.21388729
467,18.68,0.0,-1.3835669,-0.46858537,-1.1244729,-0.21369638
468,18.72,0.0,-0.88370925,0.02315981,-1.1242794,-0.21350604
469,18.76,0.0,-0.64136684,0.26156914,-1.1240869,-0.2133166
470,18.8,0.0,-1.4216692,-0.50606936,-1.1238955,-0.21312833
471,18.84,0.0,-1.1333125,-0.22239247,-1.1237056,-0.21294153
472,18.88,0.0,-1.6837018,-0.76384926,-1.1235175,-0.21275645
473,18.92,0.0,-1.09906,-0.18869597,-1.1233314,-0.21257338
474,18.96,0.0,-1.5586998,-0.64087605,-1.1231476,-0.21239252
475,19.0,0.0,-0.8740327,0.03267934,-1.1229663,-0.21221416
476,19.04,0.0,-0.95089036,-0.042930983,-1.1227877,-0.2120385
477,19.08,0.0,-1.7560723,-0.83504516,-1.1226121,-0.21186577
478,19.12,0.0,-0.7890472,0.11628557,-1.1224397,-0.2116962
479,19.16,0.0,-1.0432801,-0.13382131,-1.1222707,-0.21152994
480,19.2,0.4,-0.8672502,0.03935174,-1.1221054,-0.21136722
481,19.24,0.4,-1.406054,-0.49070755,-1.1219437,-0.2112082
482,19.28,0.0,-1.1349326,-0.22398636,-1.121786,-0.21105304
483,19.32,0.0,-1.2469804,-0.33421567,-1.1216323,-0.21090193
484,19.36,0.0,-1.5097263,-0.5926973,-1.121483,-0.21075498
485,19.4,0.0,-0.8970781,0.010007925,-1.121338,-0.21061231
486,19.44,0.0,-0.78744733,0.117859446,-1.1211975,-0.21047407
487,19.48,0.0,-1.19779,-0.28582358,-1.1210616,-0.21034035
488,19.52,0.0,-1.7327673,-0.8121185,-1.1209303,-0.21021125
489,19.56,0.0,-0.9377703,-0.030023865,-1.1208038,-0.21008682
490,19.6,0.0,-1.3892689,-0.47419482,-1.1206821,-0.20996714
491,19.64,0.0,-0.6801151,0.22344974,-1.1205654,-0.20985225
492,19.68,0.0,-0.37661427,0.5220249,-1.1204535,-0.20974219
493,19.72,0.0,-0.95909953,-0.05100692,-1.1203465,-0.20963697
494,19.76,0.0,-0.5853649,0.3166622,-1.1202445,-0.20953658
495,19.8,0.2,-0.859488,0.04698796,-1.1201473,-0.209441
496,19.84,0.3,-0.80900985,0.09664688,-1.1200551,-0.20935021
497,19.88,0.3,-1.1255983,-0.21480352,-1.1199676,-0.20926413
498,19.92,0.3,-1.2916948,-0.3782043,-1.1198847,-0.20918271
499,19.96,0.1,-0.68620706,0.21745664,-1.1198066,-0.20910586
500,20.0,0.0,-1.2504463,-0.3376253,-1.1197331,-0.20903347
501,20.04,0.0,-1.4000341,-0.48478532,-1.119664,-0.20896547
502,20.08,0.0,-1.0661728,-0.15634248,-1.1195991,-0.2089017
503,20.12,0.0,-0.9095664,-0.0022776946,-1.1195385,-0.20884207
504,20.16,0.0,-1.2567956,-0.34387156,-1.1194819,-0.20878643
505,20.2,0.0,-1.4002888,-0.48503593,-1.1194293,-0.20873463
506,20.24,0.0,-1.343145,-0.42881954,-1.1193805,-0.20868656
507,20.28,0.0,-1.2009932,-0.28897476,-1.1193352,-0.20864205
508,20.32,0.0,-1.3537931,-0.43929487,-1.1192935,-0.20860095
509,20.36,0.0,-1.8782793,-0.95526886,-1.119255,-0.20856312
510,20.4,0.0,-0.92837393,-0.02077999,-1.1192197,-0.2085284
511,20.44,0.0,-1.0496871,-0.14012435,-1.1191874,-0.20849665
512,20.48,0.0,-0.9111543,-0.0038398504,-1.119158,-0.2084677
513,20.52,0.0,-1.061084,-0.15133627,-1.1191313,-0.20844142
514,20.56,0.0,-1.0597497,-0.15002361,-1.1191071,-0.20841765
515,20.6,0.0,-0.90115327,0.005998902,-1.1190853,-0.20839624
516,20.64,0.0,-1.113045,-0.20245391,-1.1190659,-0.20837703
517,20.68,0.0,-1.7522252,-0.8312605,-1.1190484,-0.20835988
518,20.72,0.0,-0.606866,0.29551002,-1.1190329,-0.20834465
519,20.76,0.0,-0.43687862,0.46273857,-1.1190192,-0.20833117
520,20.8,0.0,-1.1996201,-0.287624,-1.1190071,-0.2083193
521,20.84,0.0,-0.76649046,0.1384762,-1.1189966,-0.2083089
522,20.88,0.2,-1.8593584,-0.9366551,-1.1189873,-0.20829985
523,20.92,0.2,-1.283016,-0.36966634,-1.1189793,-0.20829199
524,20.96,0.2,-1.115458,-0.20482779,-1.1189725,-0.20828521
525,21.0,0.2,-0.9902804,-0.081681736,-1.1189666,-0.20827939
526,21.04,0.2,-1.3706381,-0.45586646,-1.1189615,-0.2082744
527,21.08,0.2,-0.8648974,0.041666396,-1.1189572,-0.20827015
528,21.12,0.2,-1.1542282,-0.24296877,-1.1189535,-0.20826651
529,21.16,0.1,-1.1262975,-0.21549132,-1.1189504,-0.20826343
530,21.2,0.1,-0.92438126,-0.01685211,-1.1189476,-0.20826082
531,21.24,0.1,-0.92677546,-0.019207455,-1.1189454,-0.20825858
532,21.28,0.1,-0.6276833,0.2750306,-1.1189435,-0.20825669
533,21.32,0.1,-1.7420406,-0.82124126,-1.1189419,-0.20825508
534,21.36,0.2,-1.17717,-0.26553825,-1.1189405,-0.20825371
535,21.4,0.2,-1.1522329,-0.24100582,-1.1189393,-0.20825258
536,21.44,0.2,-1.0561607,-0.14649282,-1.1189384,-0.20825167
537,21.48,0.2,-1.4215729,-0.5059746,-1.1189377,-0.20825098
538,21.52,0.2,-1.5707102,-0.6526914,-1.1189373,-0.20825055
539,21.56,0.2,-1.643145,-0.7239506,-1.1189371,-0.2082504
540,21.6,0.2,-1.1821299,-0.2704176,-1.1189374,-0.20825061
541,21.64,0.0,-1.2855793,-0.3721881,-1.118938,-0.20825125
542,21.68,0.0,-1.0699333,-0.16004191,-1.1189392,-0.20825242
543,21.72,0.0,-1.3405466,-0.4262633,-1.118941,-0.20825419
544,21.76,0.0,-1.31214,-0.3983177,-1.1189436,-0.20825672
545,21.8,0.0,-1.134754,-0.22381055,-1.118947,-0.20826016
546,21.84,0.0,-1.1998028,-0.28780365,-1.1189516,-0.20826463
547,21.88,0.0,-0.9216887,-0.014203228,-1.1189574,-0.20827034
548,21.92,0.0,-0.8832098,0.02365113,-1.1189646,-0.20827745
549,21.96,0.0,-1.1540619,-0.24280515,-1.1189734,-0.20828615
550,22.0,0.0,-1.0415953,-0.13216387,-1.1189841,-0.20829666
551,22.04,0.0,-1.2501903,-0.3373734,-1.1189969,-0.20830917
552,22.08,0.0,-1.0347458,-0.1254255,-1.1190119,-0.20832394
553,22.12,0.0,-1.4411609,-0.5252447,-1.1190294,-0.20834118
554,22.16,0.0,-1.4888804,-0.5721897,-1.1190497,-0.20836115
555,22.2,0.0,-1.7334492,-0.8127893,-1.119073,-0.20838408
556,22.24,0.0,-0.82094085,0.084909506,-1.1190996,-0.20841025
557,22.28,0.0,-0.7175225,0.18664944,-1.1191298,-0.20843992
558,22.32,0.0,-0.79275364,0.112639256,-1.1191638,-0.20847332
559,22.36,0.0,-1.0138711,-0.10488955,-1.1192018,-0.20851079
560,22.4,0.0,-1.3507471,-0.43629822,-1.1192442,-0.20855252
561,22.44,0.0,-1.232865,-0.32032928,-1.1192913,-0.20859884
562,22.48,0.0,-1.292098,-0.37860104,-1.1193433,-0.20864998
563,22.52,0.0,-1.5653846,-0.6474523,-1.1194004,-0.20870623
564,22.56,0.0,-0.54340506,0.35794106,-1.1194631,-0.20876783
565,22.6,0.0,-0.34527403,0.5528565,-1.1195314,-0.20883508
566,22.64,0.0,-1.1937304,-0.2818298,-1.1196058,-0.20890819
567,22.68,0.0,-0.8988646,0.008250393,-1.1196862,-0.20898743
568,22.72,0.0,-0.6950075,0.208799,-1.1197733,-0.20907302
569,22.76,0.0,-1.4675888,-0.55124366,-1.119867,-0.20916522
570,22.8,0.0,-0.89285016,0.014167257,-1.1199677,-0.20926422
571,22.84,0.0,-0.8311199,0.07489566,-1.1200755,-0.20937026
572,22.88,0.0,-0.6196286,0.28295457,-1.1201906,-0.20948353
573,22.92,0.0,-1.2115575,-0.29936764,-1.1203133,-0.20960423
574,22.96,0.0,-1.2221377,-0.3097761,-1.1204437,-0.20973256
575,23.0,0.0,-1.3287841,-0.41469172,-1.1205821,-0.20986868
576,23.04,0.0,-0.87523663,0.031494923,-1.1207286,-0.21001278
577,23.08,0.0,-0.9200668,-0.012607649,-1.1208833,-0.21016504
578,23.12,0.0,-1.0674987,-0.1576468,-1.1210465,-0.21032558
579,23.16,0.0,-1.3794143,-0.4645002,-1.1212183,-0.2104946
580,23.2,0.0,-0.970919,-0.06263458,-1.1213989,-0.21067223
581,23.24,0.0,-0.8629744,0.043558143,-1.1215883,-0.21085861
582,23.28,0.0,-1.6039264,-0.6853686,-1.1217868,-0.21105392
583,23.32,0.0,-0.8053299,0.10026709,-1.1219946,-0.21125826
584,23.36,0.0,-1.1582987,-0.24697322,-1.1222116,-0.2114718
585,23.4,0.0,-1.6153815,-0.6966377,-1.1224382,-0.21169466
586,23.44,0.0,-1.320184,-0.40623116,-1.1226743,-0.21192698
587,23.48,0.0,-1.0210763,-0.11197786,-1.1229203,-0.21216892
588,23.52,0.0,-1.5633312,-0.64543223,-1.1231761,-0.2124206
589,23.56,0.0,-1.0705049,-0.16060424,-1.1234419,-0.21268217
590,23.6,0.0,-1.6222954,-0.7034394,-1.123718,-0.21295376
591,23.64,0.0,-1.0457072,-0.13620903,-1.1240045,-0.21323553
592,23.68,0.0,-1.0546763,-0.14503253,-1.1243013,-0.2135276
593,23.72,0.0,-1.5751841,-0.65709275,-1.1246089,-0.21383014
594,23.76,0.0,-1.4904345,-0.5737186,-1.1249272,-0.21414328
595,23.8,0.0,-1.517662,-0.6005043,-1.1252564,-0.21446715
596,23.84,0.0,-0.8831398,0.023720033,-1.1255966,-0.21480191
597,23.88,0.0,-0.94989014,-0.041946992,-1.1259482,-0.21514769
598,23.92,0.0,-1.4429262,-0.5269813,-1.126311,-0.21550462
599,23.96,0.0,-1.6225848,-0.7037242,-1.1266853,-0.21587282
600,24.0,0.0,-0.68187773,0.22171569,-1.1270711,-0.21625243
601,24.04,0.0,-1.1515408,-0.24032493,-1.1274687,-0.21664354
602,24.08,0.0,-1.0675987,-0.15774521,-1.1278781,-0.21704625
603,24.12,0.0,-1.5592148,-0.64138263,-1.1282992,-0.21746065
604,24.16,0.0,-0.82625633,0.07968029,-1.1287324,-0.21788682
605,24.2,0.0,-1.2810103,-0.36769322,-1.1291777,-0.21832483
606,24.24,0.0,-1.1193483,-0.20865493,-1.129635,-0.21877468
607,24.28,0.0,-1.1883354,-0.27652243,-1.1301043,-0.21923642
608,24.32,0.0,-1.3762913,-0.46142784,-1.1305858,-0.21971005
609,24.36,0.0,-1.1061403,-0.19566125,-1.1310793,-0.22019553
610,24.4,0.0,-0.85865724,0.047805242,-1.1315848,-0.22069284
611,24.44,0.0,-0.67280346,0.23064274,-1.1321023,-0.2212019
612,24.48,0.0,-1.0177485,-0.10870402,-1.1326315,-0.22172259
613,24.52,0.0,-1.5554929,-0.63772106,-1.1331725,-0.22225478
614,24.56,0.0,-0.523132,0.37788507,-1.133725,-0.22279833
615,24.6,0.0,-0.8429314,0.063275866,-1.1342889,-0.22335303
616,24.64,0.0,-1.1300939,-0.21922617,-1.1348639,-0.22391863
617,24.68,0.0,-0.9028028,0.0043761134,-1.1354495,-0.22449489
618,24.72,0.0,-0.53171235,0.36944398,-1.1360458,-0.2250815
619,24.76,0.0,-0.81198424,0.09372077,-1.1366524,-0.22567812
620,24.8,0.0,-1.2941296,-0.38059962,-1.1372685,-0.22628435
621,24.84,0.0,-1.2826748,-0.3693307,-1.1378942,-0.22689982
622,24.88,0.0,-0.9185702,-0.011135384,-1.1385287,-0.22752403
623,24.92,0.0,-0.86256135,0.043964498,-1.1391716,-0.22815652
624,24.96,0.0,-0.5860938,0.31594512,-1.1398224,-0.22879674
625,25.0,0.0,-0.47397983,0.42623955,-1.1404805,-0.22944415
626,25.04,0.0,-1.2740309,-0.36082715,-1.1411452,-0.23009811
627,25.08,0.0,-0.7389271,0.16559222,-1.141816,-0.23075803
628,25.12,0.0,-1.1248682,-0.2140852,-1.1424922,-0.2314232
629,25.16,0.0,-0.5776502,0.32425168,-1.143173,-0.23209293
630,25.2,0.0,-1.2800678,-0.36676604,-1.1438576,-0.2327665
631,25.24,0.0,-1.0504025,-0.14082812,-1.1445454,-0.23344311
632,25.28,0.0,-1.1149694,-0.20434707,-1.1452355,-0.23412202
633,25.32,0.0,-1.3177192,-0.4038064,-1.1459271,-0.23480238
634,25.36,0.0,-1.454287,-0.5381578,-1.1466193,-0.23548338
635,25.4,0.0,-1.0191754,-0.1101078,-1.1473113,-0.23616414
636,25.44,0.0,-1.2811958,-0.3678757,-1.1480023,-0.23684381
637,25.48,0.0,-1.1627561,-0.25135824,-1.148691,-0.23752148
638,25.52,0.0,-1.6598485,-0.740383,-1.149377,-0.2381963
639,25.56,0.0,-1.3053412,-0.3916293,-1.1500591,-0.23886731
640,25.6,0.0,-1.1070554,-0.19656157,-1.1507365,-0.23953362
641,25.64,0.0,-1.4410343,-0.5251202,-1.151408,-0.24019429
642,25.68,0.0,-1.1787119,-0.2670551,-1.1520729,-0.24084839
643,25.72,0.0,-0.9091378,-0.0018560365,-1.1527301,-0.24149498
644,25.76,0.0,-0.97055954,-0.06228094,-1.1533788,-0.24213314
645,25.8,0.0,-1.5494518,-0.6317781,-1.1540179,-0.2427619
646,25.84,0.0,-1.0254573,-0.1162877,-1.1546465,-0.24338034
647,25.88,0.0,-1.2901616,-0.37669602,-1.1552638,-0.2439875
648,25.92,0.0,-1.2892892,-0.3758378,-1.1558685,-0.24458243
649,25.96,0.0,-1.59703,-0.67858416,-1.1564599,-0.24516422
650,26.0,0.0,-0.995952,-0.087261304,-1.1570369,-0.2457319
651,26.04,0.0,-1.3344431,-0.42025882,-1.1575987,-0.24628457
652,26.08,0.0,-0.93105936,-0.023421831,-1.1581442,-0.24682128
653,26.12,0.0,-1.2171074,-0.30482748,-1.1586727,-0.24734113
654,26.16,0.0,-1.0042589,-0.095433354,-1.159183,-0.24784318
655,26.2,0.0,-1.0978855,-0.18754046,-1.1596744,-0.24832654
656,26.24,0.0,-1.0469129,-0.13739514,-1.1601458,-0.24879031
657,26.28,0.0,-1.2483392,-0.33555233,-1.1605964,-0.2492336
658,26.32,0.0,-0.81858915,0.087223046,-1.1610253,-0.24965554
659,26.36,0.0,-1.7122006,-0.79188555,-1.1614316,-0.25005525
660,26.4,0.0,-1.3481387,-0.43373218,-1.1618145,-0.25043187
661,26.44,0.0,-1.2957964,-0.38223937,-1.1621729,-0.25078455
662,26.48,0.0,-1.0330765,-0.123783305,-1.1625062,-0.2511125
663,26.52,0.0,-1.4392571,-0.5233719,-1.1628137,-0.25141484
664,26.56,0.0,-1.3318808,-0.41773814,-1.1630942,-0.2516908
665,26.6,0.0,-0.7213589,0.1828753,-1.163347,-0.25193962
666,26.64,0.0,-0.9897949,-0.08120413,-1.1635716,-0.2521605
667,26.68,0.0,-0.9783629,-0.06995767,-1.163767,-0.25235268
668,26.72,0.0,-1.4059024,-0.4905584,-1.1639323,-0.25251544
669,26.76,0.0,-1.343559,-0.42922685,-1.1640671,-0.25264803
670,26.8,0.0,-1.3646845,-0.4500094,-1.1641706,-0.25274977
671,26.84,0.0,-1.2386948,-0.3260645,-1.1642419,-0.25281996
672,26.88,-0.2,-0.92799693,-0.020409107,-1.1642805,-0.25285795
673,26.92,-0.2,-1.7390482,-0.81829745,-1.1642858,-0.25286308
674,26.96,-0.2,-1.4438137,-0.52785444,-1.1642569,-0.25283474
675,27.0,0.0,-0.9991648,-0.090421975,-1.1641935,-0.25277227
676,27.04,0.0,-1.1046597,-0.1942047,-1.1640947,-0.25267515
677,27.08,0.0,-0.9165057,-0.009104371,-1.1639602,-0.25254276
678,27.12,0.0,-0.7631725,0.14174029,-1.1637892,-0.2523746
679,27.16,0.0,-1.123729,-0.21296453,-1.1635814,-0.2521701
680,27.2,0.0,-1.1455173,-0.23439927,-1.163336,-0.25192872
681,27.24,0.0,-0.4539895,0.4459054,-1.1630527,-0.25165004
682,27.28,0.0,-0.94795555,-0.0400438,-1.1627309,-0.25133353
683,27.32,0.0,-1.0724012,-0.16246973,-1.1623704,-0.2509788
684,27.36,0.0,-1.4619176,-0.54566455,-1.1619705,-0.25058538
685,27.4,0.0,-0.780604,0.1245917,-1.1615309,-0.25015286
686,27.44,0.0,-1.5690331,-0.6510416,-1.161051,-0.2496809
687,27.48,0.0,-1.2116185,-0.2994277,-1.1605308,-0.24916913
688,27.52,0.0,-1.2179625,-0.30566868,-1.1599698,-0.2486172
689,27.56,0.0,-1.0822005,-0.17211005,-1.1593677,-0.24802484
690,27.6,0.0,-1.5153527,-0.5982324,-1.1587242,-0.24739178
691,27.64,0.0,-1.069718,-0.15983012,-1.1580391,-0.24671778
692,27.68,0.0,-1.3837438,-0.4687594,-1.1573122,-0.24600264
693,27.72,0.0,-1.2628953,-0.3498723,-1.1565433,-0.2452462
694,27.76,0.0,-0.9725291,-0.06421855,-1.1557322,-0.2444483
695,27.8,0.0,-1.0919243,-0.18167603,-1.1548789,-0.24360886
696,27.84,0.0,-1.2567762,-0.34385246,-1.1539832,-0.2427278
697,27.88,0.0,-1.1040554,-0.19361025,-1.1530453,-0.24180509
698,27.92,0.0,-1.8371593,-0.91481614,-1.152065,-0.24084075
699,27.96,-0.1,-0.94101095,-0.03321191,-1.1510426,-0.23983482
700,28.0,-0.1,-1.1617982,-0.25041595,-1.1499778,-0.23878737
701,28.04,-0.1,-1.369983,-0.45522192,-1.1488711,-0.23769851
702,28.08,-0.1,-0.93570673,-0.027993783,-1.1477222,-0.23656844
703,28.12,-0.1,-1.0525701,-0.14296052,-1.1465318,-0.23539731
704,28.16,-0.1,-0.9587701,-0.050682835,-1.1452999,-0.23418538
705,28.2,0.0,-1.0318127,-0.12253997,-1.1440268,-0.23293293
706,28.24,0.0,-1.3741765,-0.4593474,-1.1427128,-0.23164026
707,28.28,0.0,-1.5266271,-0.6093238,-1.1413584,-0.23030774
708,28.32,0.0,-0.75142527,0.15329689,-1.1399637,-0.22893578
709,28.36,0.0,-1.3033261,-0.3896469,-1.1385294,-0.22752477
710,28.4,0.0,-1.3809941,-0.46605435,-1.137056,-0.22607525
711,28.44,0.0,-1.2051339,-0.2930483,-1.135544,-0.22458768
712,28.48,0.0,-0.95852536,-0.05044207,-1.1339937,-0.22306268
713,28.52,0.0,-1.3164918,-0.40259895,-1.1324061,-0.22150081
714,28.56,0.0,-1.4300047,-0.51426953,-1.1307817,-0.21990275
715,28.6,0.0,-0.9772864,-0.068898626,-1.1291212,-0.21826917
716,28.64,0.0,-1.1819538,-0.27024436,-1.1274253,-0.21660082
717,28.68,0.0,-1.3506637,-0.43621615,-1.1256949,-0.21489847
718,28.72,0.0,-1.2047647,-0.2926851,-1.1239307,-0.21316291
719,28.76,-0.1,-0.9442651,-0.036413275,-1.1221336,-0.21139504
720,28.8,-0.1,-1.2667341,-0.35364875,-1.1203046,-0.20959574
721,28.84,-0.1,-1.5295641,-0.6122132,-1.1184447,-0.20776595
722,28.88,-0.1,-1.8271366,-0.9049562,-1.1165546,-0.20590664
723,28.92,-0.1,-0.98593426,-0.07740614,-1.1146357,-0.20401885
724,28.96,0.0,-1.3960078,-0.48082435,-1.1126889,-0.20210363
725,29.0,0.0,-1.3143184,-0.40046078,-1.1107154,-0.20016208
726,29.04,0.0,-1.1047366,-0.19428036,-1.1087161,-0.19819532
727,29.08,0.0,-1.1879914,-0.27618396,-1.1066926,-0.19620454
728,29.12,0.0,-1.3962803,-0.48109245,-1.1046457,-0.19419093
729,29.16,0.0,-0.9071722,7.764995e-05,-1.1025769,-0.19215572
730,29.2,0.0,-1.3290561,-0.41495934,-1.1004875,-0.19010016
731,29.24,0.0,-0.62381303,0.27883807,-1.0983787,-0.18802556
732,29.28,0.0,-1.3530494,-0.4385632,-1.0962517,-0.18593322
733,29.32,0.0,-0.9332051,-0.025532775,-1.0941082,-0.18382446
734,29.36,-0.2,-1.0491927,-0.13963789,-1.0919493,-0.18170065
735,29.4,-0.3,-1.1274788,-0.21665353,-1.0897766,-0.17956316
736,29.44,-0.3,-0.9842797,-0.075778425,-1.0875913,-0.17741337
737,29.48,-0.3,-1.344585,-0.4302361,-1.085395,-0.17525272
738,29.52,-0.3,-0.83369637,0.072361015,-1.0831891,-0.17308259
739,29.56,-0.3,-1.369062,-0.45431587,-1.080975,-0.17090441
740,29.6,-0.3,-1.3381572,-0.42391264,-1.0787542,-0.16871963
741,29.64,-0.2,-0.7111069,0.19296095,-1.0765281,-0.16652972
742,29.68,-0.1,-1.0476276,-0.1380982,-1.0742983,-0.16433609
743,29.72,0.0,-1.0487767,-0.13922872,-1.0720662,-0.1621402
744,29.76,0.0,-0.660126,0.24311447,-1.0698333,-0.15994352
745,29.8,0.0,-0.86616814,0.040416233,-1.0676011,-0.1577475
746,29.84,0.0,-1.6041456,-0.68558425,-1.0653709,-0.1555536
747,29.88,0.0,-1.1651955,-0.253758,-1.0631444,-0.15336324
748,29.92,0.0,-1.1801573,-0.26847705,-1.060923,-0.15117788
749,29.96,-0.1,-1.301008,-0.38736638,-1.0587082,-0.14899896
750,30.0,-0.2,-1.0911592,-0.18092336,-1.0565013,-0.1468279
751,30.04,-0.2,-1.6571839,-0.73776174,-1.0543039,-0.1446661
752,30.08,-0.2,-1.2235422,-0.31115782,-1.0521172,-0.14251497
753,30.12,-0.2,-0.3685344,0.5299736,-1.0499429,-0.1403759
754,30.16,-0.2,-0.83051383,0.0754919,-1.0477821,-0.13825023
755,30.2,-0.2,0.25820947,1.1465458,-1.0456364,-0.13613932
756,30.24,-0.2,-1.4695933,-0.5532156,-1.043507,-0.13404447
757,30.28,-0.2,-1.045876,-0.13637508,-1.0413952,-0.131967
758,30.32,-0.2,-1.1572424,-0.24593404,-1.0393023,-0.12990813
759,30.36,-0.2,-0.7888005,0.116528265,-1.0372298,-0.12786913
760,30.4,-0.2,-0.97391003,-0.06557706,-1.0351785,-0.1258512
761,30.44,-0.2,-0.851087,0.05525265,-1.03315,-0.123855494
762,30.48,-0.2,-1.0164562,-0.10743277,-1.031145,-0.12188316
763,30.52,-0.3,-0.9159841,-0.008591235,-1.029165,-0.11993531
764,30.56,-0.3,-0.90097034,0.0061788633,-1.0272111,-0.11801301
765,30.6,-0.3,-0.8300548,0.07594346,-1.025284,-0.11611728
766,30.64,-0.3,-0.971738,-0.06344026,-1.023385,-0.11424913
767,30.68,-0.2,-1.1243149,-0.21354094,-1.0215151,-0.11240952
768,30.72,-0.2,-1.3847958,-0.46979433,-1.019675,-0.110599354
769,30.76,-0.2,-1.1398733,-0.22884679,-1.0178659,-0.108819515
770,30.8,-0.1,-0.66938955,0.23400122,-1.0160884,-0.107070856
771,30.84,-0.1,-1.0338987,-0.124592155,-1.0143434,-0.10535417
772,30.88,0.0,-0.8432663,0.06294639,-1.0126317,-0.1036702
773,30.92,0.0,-0.8927168,0.014298417,-1.0109539,-0.102019675
774,30.96,0.0,-0.92716473,-0.019590408,-1.0093107,-0.100403264
775,31.0,0.0,-0.93544847,-0.027739704,-1.0077031,-0.098821595
776,31.04,0.0,-0.73158705,0.17281315,-1.0061312,-0.09727525
777,31.08,0.0,-0.6208509,0.2817521,-1.0045958,-0.095764756
778,31.12,0.0,-1.0461041,-0.13659942,-1.0030973,-0.094290614
779,31.16,0.0,-1.1504967,-0.23929784,-1.0016363,-0.09285326
780,31.2,0.0,-0.7741633,0.13092789,-1.000213,-0.09145311
781,31.24,0.0,-0.7830588,0.122176744,-0.9988279,-0.09009052
782,31.28,0.0,-0.8230515,0.08283309,-0.9974813,-0.088765785
783,31.32,0.0,-0.84059805,0.065571345,-0.9961735,-0.087479174
784,31.36,0.0,-1.114899,-0.20427789,-0.99490464,-0.08623092
785,31.4,0.0,-0.5186752,0.38226956,-0.99367493,-0.08502119
786,31.44,0.0,-0.85940444,0.047070153,-0.99248457,-0.08385013
787,31.48,0.0,-1.4733514,-0.5569127,-0.99133354,-0.08271782
788,31.52,0.0,-0.21773165,0.67832893,-0.99022204,-0.081624314
789,31.56,0.0,-1.1566803,-0.24538109,-0.9891499,-0.08056963
790,31.6,0.0,-1.1559619,-0.2446743,-0.9881173,-0.07955374
791,31.64,0.0,-0.48649126,0.4139312,-0.987124,-0.07857658
792,31.68,0.0,-0.93521994,-0.02751489,-0.98617,-0.077638045
793,31.72,0.0,-1.4323399,-0.5165669,-0.9852551,-0.076738
794,31.76,0.0,-0.8562533,0.05017013,-0.9843792,-0.07587627
795,31.8,0.0,-0.79456395,0.110858314,-0.98354197,-0.07505267
796,31.84,0.0,-1.2249418,-0.31253475,-0.9827433,-0.07426696
797,31.88,0.0,-0.8573085,0.049132086,-0.9819829,-0.07351888
798,31.92,0.0,-1.2269952,-0.3145548,-0.9812604,-0.07280815
799,31.96,-0.2,-0.86045253,0.046039097,-0.9805756,-0.07213444
800,32.0,-0.2,-0.76678616,0.13818532,-0.9799281,-0.07149743
801,32.04,-0.2,-0.66729105,0.23606566,-0.9793175,-0.07089676
802,32.08,-0.2,-1.7319884,-0.81135225,-0.97874343,-0.070332035
803,32.12,-0.2,-1.047633,-0.13810359,-0.97820556,-0.069802865
804,32.16,-0.2,-0.94110847,-0.033307843,-0.97770333,-0.06930882
805,32.2,0.0,-1.0068419,-0.09797446,-0.97723645,-0.068849474
806,32.24,0.0,-1.6281275,-0.70917684,-0.9768043,-0.06842437
807,32.28,0.0,-0.9312507,-0.023610055,-0.9764065,-0.068033025
808,32.32,0.0,-1.0196022,-0.11052765,-0.97604257,-0.06767498
809,32.36,0.0,-1.5717437,-0.6537082,-0.97571194,-0.06734972
810,32.4,0.0,-1.1853547,-0.2735901,-0.97541416,-0.06705675
811,32.44,0.0,-1.1919405,-0.28006905,-0.9751486,-0.06679554
812,32.48,0.0,-1.021106,-0.11200707,-0.97491485,-0.066565566
813,32.52,0.0,-0.6472395,0.25579178,-0.97471225,-0.06636627
814,32.56,0.0,-0.8226111,0.08326637,-0.9745403,-0.066197105
815,32.6,0.0,-0.50314283,0.3975498,-0.9743984,-0.06605749
816,32.64,0.0,-0.82760525,0.07835328,-0.9742859,-0.06594684
817,32.68,0.0,-1.0676831,-0.15782824,-0.9742023,-0.06586456
818,32.72,0.0,-0.68531966,0.21832967,-0.97414684,-0.06581003
819,32.76,0.0,-1.3214225,-0.4074495,-0.974119,-0.06578263
820,32.8,0.0,-1.0602367,-0.15050268,-0.97411805,-0.06578172
821,32.84,0.0,-0.90254503,0.0046297237,-0.9741434,-0.06580664
822,32.88,0.0,-1.136473,-0.22550166,-0.97419435,-0.06585675
823,32.92,0.0,-0.8967832,0.010298066,-0.97427016,-0.06593135
824,32.96,0.0,-0.9710293,-0.06274307,-0.97437024,-0.06602978
825,33.0,0.0,-0.41057515,0.4886152,-0.9744938,-0.06615133
826,33.04,0.0,-1.60643,-0.6878316,-0.97464013,-0.0662953
827,33.08,0.0,-0.9802027,-0.071767576,-0.9748085,-0.06646098
828,33.12,0.0,-0.6111706,0.29127532,-0.9749983,-0.06664764
829,33.16,0.0,-1.2137543,-0.30152878,-0.9752086,-0.06685455
830,33.2,0.0,-1.3390462,-0.42478728,-0.9754388,-0.06708097
831,33.24,0.0,-0.93034214,-0.022716247,-0.975688,-0.06732614
832,33.28,0.0,-0.8449229,0.061316676,-0.9759555,-0.06758932
833,33.32,0.0,-0.5109687,0.38985097,-0.9762405,-0.06786973
834,33.36,0.0,-1.211591,-0.2994006,-0.9765423,-0.0681666
835,33.4,0.0,-1.363174,-0.44852343,-0.97686,-0.06847915
836,33.44,0.0,-1.2246981,-0.31229493,-0.9771928,-0.068806596
837,33.48,0.0,-0.60606533,0.2962977,-0.97754,-0.06914813
838,33.52,0.0,-0.29727608,0.6000755,-0.9779007,-0.069502965
839,33.56,0.0,-1.4106586,-0.4952374,-0.9782741,-0.06987028
840,33.6,0.0,-0.71183,0.19224954,-0.97865933,-0.07024927
841,33.64,0.0,-0.60487616,0.2974676,-0.9790556,-0.0706391
842,33.68,0.0,-1.1487572,-0.23758656,-0.979462,-0.07103896
843,33.72,-0.2,-0.749205,0.15548113,-0.9798778,-0.071448006
844,33.76,-0.2,-1.2930846,-0.3795716,-0.98030216,-0.07186541
845,33.8,-0.2,-0.31492823,0.58270985,-0.98073405,-0.07229032
846,33.84,-0.2,-0.7326061,0.17181063,-0.98117274,-0.07272191
847,33.88,-0.1,-0.40549374,0.49361408,-0.9816174,-0.07315933
848,33.92,0.0,-0.9474775,-0.039573528,-0.9820671,-0.07360174
849,33.96,0.0,-0.71336997,0.19073457,-0.982521,-0.07404829
850,34.0,0.0,-1.1291703,-0.21831752,-0.9829783,-0.07449815
851,34.04,0.0,-0.7102361,0.19381762,-0.9834381,-0.07495049
852,34.08,0.0,-0.69728744,0.20655608,-0.9838996,-0.07540447
853,34.12,0.0,-1.1814343,-0.26973328,-0.9843619,-0.0758593
854,34.16,0.0,-1.0056753,-0.09682681,-0.9848243,-0.07631417
855,34.2,0.0,-1.3624046,-0.44776654,-0.9852859,-0.0767683
856,34.24,0.0,-1.5281845,-0.61085594,-0.98574597,-0.07722092
857,34.28,0.0,-1.0543742,-0.14473535,-0.9862038,-0.077671275
858,34.32,0.0,-1.3800149,-0.46509105,-0.9866585,-0.07811866
859,34.36,0.0,-0.70702326,0.19697827,-0.98710954,-0.07856237
860,34.4,0.0,-1.4623966,-0.5461358,-0.98755616,-0.07900173
861,34.44,0.0,-1.1744217,-0.2628345,-0.9879977,-0.079436116
862,34.48,0.0,-0.9432634,-0.035427824,-0.9884336,-0.07986489
863,34.52,0.0,-1.6397583,-0.72061896,-0.9888631,-0.08028748
864,34.56,-0.2,-1.4576918,-0.5415073,-0.9892859,-0.08070334
865,34.6,-0.2,-1.317366,-0.4034589,-0.9897012,-0.081111945
866,34.64,-0.2,-0.7618504,0.14304096,-0.99010867,-0.08151281
867,34.68,-0.2,-1.4894156,-0.5727163,-0.99050784,-0.08190548
868,34.72,-0.2,-0.6531427,0.24998441,-0.9908982,-0.08228953
869,34.76,-0.2,-1.2102923,-0.298123,-0.9912795,-0.08266458
870,34.8,-0.2,-0.31277287,0.58483016,-0.9916512,-0.08303027
871,34.84,-0.2,-0.59331584,0.30884027,-0.99201304,-0.08338627
872,34.88,0.0,-1.439147,-0.52326345,-0.99236476,-0.0837323
873,34.92,0.0,-1.0436878,-0.13422239,-0.9927061,-0.084068075
874,34.96,0.0,-1.1267604,-0.2159467,-0.99303675,-0.084393375
875,35.0,0.0,-1.1244737,-0.21369715,-0.9933566,-0.084708
876,35.04,0.0,-0.46189278,0.43813044,-0.9936654,-0.08501178
877,35.08,0.0,-0.7951658,0.11026626,-0.993963,-0.08530457
878,35.12,0.0,-1.0399837,-0.13057843,-0.99424934,-0.08558628
879,35.16,0.0,-0.32168955,0.5760582,-0.99452436,-0.085856825
880,35.2,0.0,-0.83851993,0.067615725,-0.994788,-0.08611616
881,35.24,0.0,-1.148303,-0.23713975,-0.9950402,-0.08636428
882,35.28,0.0,-1.0154865,-0.10647874,-0.99528104,-0.08660121
883,35.32,0.0,-1.4148674,-0.4993779,-0.9955105,-0.08682701
884,35.36,0.0,-1.1299812,-0.21911523,-0.99572885,-0.087041765
885,35.4,0.0,-1.347392,-0.43299755,-0.99593604,-0.08724562
886,35.44,0.0,-0.97310954,-0.06478956,-0.9961324,-0.08743873
887,35.48,0.0,-0.6925962,0.21117118,-0.9963179,-0.08762131
888,35.52,0.0,-0.88200134,0.02483999,-0.9964931,-0.087793596
889,35.56,0.0,-1.2466254,-0.33386642,-0.996658,-0.08795588
890,35.6,0.0,-0.7818886,0.12332795,-0.9968132,-0.08810847
891,35.64,0.0,-1.0020162,-0.093227066,-0.9969588,-0.08825174
892,35.68,0.0,-1.0315361,-0.12226789,-0.99709535,-0.08838608
893,35.72,0.0,-1.8161843,-0.8941816,-0.99722326,-0.088511944
894,35.76,0.0,-1.1690959,-0.25759512,-0.99734306,-0.0886298
895,35.8,0.0,-1.2996209,-0.38600177,-0.9974553,-0.08874018
896,35.84,0.0,-0.7252207,0.1790762,-0.99756044,-0.088843636
897,35.88,0.0,-0.8202546,0.08558459,-0.9976592,-0.088940784
898,35.92,0.0,-1.3861573,-0.47113374,-0.9977522,-0.08903226
899,35.96,0.0,-0.51089495,0.3899235,-0.9978401,-0.08911876
900,36.0,0.0,-1.1771284,-0.26549733,-0.9979237,-0.08920099
901,36.04,0.0,-1.5758,-0.65769863,-0.9980037,-0.089279726
902,36.08,0.0,-0.9516964,-0.04372394,-0.998081,-0.08935577
903,36.12,0.0,-1.3976289,-0.48241916,-0.9981564,-0.089429945
904,36.16,0.0,-0.9145751,-0.007205099,-0.9982308,-0.08950314
905,36.2,0.0,-1.2323151,-0.3197883,-0.99830514,-0.08957627
906,36.24,-0.2,-1.2195495,-0.30722997,-0.99838036,-0.089650266
907,36.28,-0.2,-0.9927977,-0.08415817,-0.9984575,-0.08972613
908,36.32,-0.2,-0.53348297,0.3677021,-0.99853754,-0.08980486
909,36.36,-0.2,-0.7829634,0.12227061,-0.9986215,-0.08988751
910,36.4,-0.2,-1.6347561,-0.7156979,-0.99871063,-0.089975156
911,36.44,-0.2,-1.1385448,-0.22753988,-0.99880594,-0.09006889
912,36.48,-0.2,-1.4019792,-0.48669887,-0.9989085,-0.090169854
913,36.52,-0.2,-0.6445378,0.25844964,-0.9990197,-0.09027921
914,36.56,-0.2,-1.0406463,-0.13123025,-0.99914056,-0.090398125
915,36.6,-0.2,-0.80098695,0.104539566,-0.9992724,-0.0905278
916,36.64,-0.2,-1.3976412,-0.48243126,-0.9994164,-0.09066948
917,36.68,-0.2,-1.0902828,-0.18006116,-0.9995739,-0.090824395
918,36.72,-0.2,-1.1843157,-0.27256793,-0.9997461,-0.0909938
919,36.76,-0.2,-1.452615,-0.5365129,-0.9999343,-0.091178976
920,36.8,-0.2,-1.0241144,-0.11496661,-1.0001398,-0.091381215
921,36.84,-0.2,-0.65029764,0.25278327,-1.0003641,-0.09160181
922,36.88,-0.2,-0.87130237,0.035365336,-1.0006083,-0.09184207
923,36.92,-0.2,-0.8384745,0.06766041,-1.0008739,-0.09210332
924,36.96,-0.2,-1.5613081,-0.643442,-1.0011622,-0.09238686
925,37.0,-0.2,-1.436803,-0.52095747,-1.0014744,-0.09269402
926,37.04,-0.2,-1.3094935,-0.39571422,-1.001812,-0.09302612
927,37.08,-0.2,-0.81271017,0.09300662,-1.0021762,-0.09338447
928,37.12,-0.2,-0.21084648,0.68510234,-1.0025685,-0.09377037
929,37.16,-0.2,-0.47062713,0.42953783,-1.00299,-0.094185136
930,37.2,-0.2,-1.1475712,-0.2364198,-1.0034423,-0.09463004
931,37.24,-0.2,-0.5466768,0.35472238,-1.0039265,-0.09510637
932,37.28,-0.2,-0.8845375,0.022344984,-1.0044439,-0.095615365
933,37.32,-0.2,-1.1610119,-0.2496424,-1.0049957,-0.09615827
934,37.36,-0.2,-0.87800556,0.028770931,-1.0055833,-0.096736304
935,37.4,-0.2,-1.1354585,-0.22450364,-1.0062078,-0.09735066
936,37.44,-0.2,-1.2182869,-0.30598778,-1.0068704,-0.0980025
937,37.48,-0.2,-1.5202776,-0.60307735,-1.0075723,-0.09869298
938,37.52,-0.2,-0.7842413,0.12101344,-1.0083146,-0.09942323
939,37.56,-0.2,-1.1162062,-0.20556381,-1.0090984,-0.10019433
940,37.6,-0.2,-0.9828951,-0.07441628,-1.0099248,-0.101007335
941,37.64,-0.2,-1.38072,-0.46578473,-1.0107949,-0.10186329
942,37.68,-0.3,-1.6590741,-0.7396212,-1.0117096,-0.102763176
943,37.72,-0.3,-1.6300399,-0.7110583,-1.01267,-0.103707954
944,37.76,-0.3,-1.0280815,-0.11886939,-1.0136769,-0.10469855
945,37.8,-0.3,-0.68638957,0.21727708,-1.0147313,-0.10573584
946,37.84,-0.2,-0.39241374,0.5064818,-1.015834,-0.106820635
947,37.88,-0.1,-0.8627544,0.043774582,-1.0169858,-0.107953735
948,37.92,0.0,-1.0722868,-0.16235727,-1.0181874,-0.10913586
949,37.96,0.0,-0.94010663,-0.032322265,-1.0194396,-0.11036768
950,38.0,0.0,-0.7196001,0.1846056,-1.0207429,-0.111649804
951,38.04,0.0,-0.44128793,0.45840085,-1.0220978,-0.112982795
952,38.08,0.0,-1.2865489,-0.37314188,-1.023505,-0.114367135
953,38.12,0.0,-0.7583084,0.14652547,-1.0249648,-0.11580325
954,38.16,0.0,-0.60510796,0.29723954,-1.0264776,-0.11729149
955,38.2,0.0,-0.87072766,0.035930716,-1.0280436,-0.11883213
956,38.24,0.0,-1.2153656,-0.30311397,-1.0296632,-0.12042541
957,38.28,0.0,-1.321362,-0.40739006,-1.0313364,-0.12207145
958,38.32,-0.2,-0.39882833,0.50017136,-1.0330633,-0.123770334
959,38.36,-0.2,-1.1328845,-0.22197145,-1.0348439,-0.12552203
960,38.4,-0.2,-0.83904976,0.0670945,-1.0366781,-0.12732646
961,38.44,-0.2,-0.57068413,0.33110467,-1.0385658,-0.12918346
962,38.48,-0.2,-0.77232295,0.13273838,-1.0405066,-0.13109279
963,38.52,-0.2,-0.8251925,0.080726855,-1.0425003,-0.13305412
964,38.56,-0.2,-0.9777913,-0.06939535,-1.0445464,-0.13506705
965,38.6,-0.2,-0.1869877,0.7085739,-1.0466444,-0.13713107
966,38.64,-0.2,-0.854705,0.051693358,-1.0487939,-0.13924564
967,38.68,-0.2,-0.9370487,-0.029313937,-1.0509942,-0.1414101
968,38.72,-0.2,-1.2014139,-0.28938863,-1.0532442,-0.1436237
969,38.76,-0.2,-1.3862559,-0.47123072,-1.0555435,-0.14588566
970,38.8,-0.2,-0.779337,0.12583816,-1.057891,-0.14819507
971,38.84,-0.2,-1.1018529,-0.19144347,-1.0602858,-0.15055096
972,38.88,-0.2,-0.8272764,0.07867678,-1.0627267,-0.15295231
973,38.92,-0.2,-0.84945405,0.056859083,-1.0652127,-0.15539798
974,38.96,-0.2,-0.7292571,0.17510527,-1.0677426,-0.15788677
975,39.0,-0.3,-0.65509474,0.24806401,-1.070315,-0.16041744
976,39.04,-0.3,-1.0049267,-0.096090324,-1.0729285,-0.1629886
977,39.08,-0.3,-0.6351223,0.26771232,-1.0755819,-0.16559887
978,39.12,-0.3,-0.40183055,0.4972179,-1.0782735,-0.16824675
979,39.16,-0.3,-0.79517204,0.11026011,-1.0810018,-0.1709307
980,39.2,-0.2,-0.65605164,0.24712268,-1.0837649,-0.17364909
981,39.24,-0.2,-1.6898974,-0.7699443,-1.0865616,-0.17640026
982,39.28,-0.2,-1.215076,-0.302829,-1.0893896,-0.17918247
983,39.32,-0.2,-0.67279124,0.23065475,-1.0922475,-0.18199392
984,39.36,-0.2,-0.83476174,0.07131293,-1.0951332,-0.18483278
985,39.4,-0.2,-0.92750823,-0.019928344,-1.0980448,-0.18769714
986,39.44,-0.2,-1.7680737,-0.8468518,-1.1009804,-0.19058509
987,39.48,-0.2,-1.1117256,-0.20115593,-1.1039379,-0.19349465
988,39.52,-0.2,-1.3026508,-0.38898253,-1.1069154,-0.1964238
989,39.56,-0.2,-0.76243263,0.14246818,-1.1099107,-0.19937049
990,39.6,-0.2,-0.68834215,0.2153562,-1.1129217,-0.20233265
991,39.64,-0.2,-1.1747761,-0.26318315,-1.1159463,-0.20530815
992,39.68,-0.2,-1.0711151,-0.16120458,-1.1189823,-0.2082949
993,39.72,-0.2,-0.9406845,-0.03289076,-1.1220275,-0.21129072
994,39.76,-0.2,-1.1433768,-0.23229349,-1.1250799,-0.21429345
995,39.8,-0.1,-1.3954524,-0.480278,-1.1281369,-0.21730092
996,39.84,0.0,-1.250649,-0.33782467,-1.1311966,-0.22031094
997,39.88,0.0,-1.2733862,-0.36019292,-1.1342566,-0.2233213
998,39.92,0.0,-0.7195424,0.18466234,-1.1373148,-0.22632983
999,39.96,0.0,-1.3621054,-0.44747218,-1.1403688,-0.22933432
1000,40.0,0.0,-1.3064458,-0.39271596,-1.1434165,-0.23233259
1001,40.04,0.0,-1.2709674,-0.3578133,-1.1464558,-0.23532246
1002,40.08,0.0,-1.8268347,-0.90465915,-1.1494843,-0.23830178
1003,40.12,0.0,-0.7543496,0.15042004,-1.1524998,-0.2412684
1004,40.16,0.0,-1.4987242,-0.5818738,-1.1555003,-0.24422017
1005,40.2,0.0,-0.3606866,0.5376941,-1.1584835,-0.247155
1006,40.24,0.0,-1.7329412,-0.8122895,-1.1614474,-0.2500708
1007,40.28,0.0,-1.6168046,-0.6980378,-1.16439,-0.25296557
1008,40.32,0.0,-1.4359264,-0.52009517,-1.167309,-0.25583726
1009,40.36,0.0,-0.58873725,0.31334457,-1.1702026,-0.25868386
1010,40.4,0.0,-1.6847243,-0.7648552,-1.1730686,-0.2615035
1011,40.44,0.0,-1.6790855,-0.75930786,-1.1759055,-0.26429418
1012,40.48,0.0,-1.5189526,-0.6017739,-1.1787109,-0.2670541
1013,40.52,0.0,-0.7196367,0.18456957,-1.1814833,-0.26978144
1014,40.56,0.0,-1.0556375,-0.14597811,-1.1842207,-0.27247444
1015,40.6,0.0,-1.460182,-0.54395705,-1.1869214,-0.27513134
1016,40.64,0.0,-1.8325067,-0.9102391,-1.1895838,-0.27775052
1017,40.68,0.0,-0.85052586,0.055804648,-1.1922061,-0.28033033
1018,40.72,0.0,-1.8078842,-0.88601625,-1.1947869,-0.28286925
1019,40.76,0.0,-1.6084622,-0.6898308,-1.1973246,-0.28536573
1020,40.8,0.0,-0.9610842,-0.052959368,-1.1998177,-0.28781834
1021,40.84,0.0,-1.949261,-1.0250986,-1.2022648,-0.29022568
1022,40.88,0.0,-0.31272078,0.5848814,-1.2046645,-0.29258648
1023,40.92,0.0,-1.4534278,-0.5373125,-1.2070155,-0.29489937
1024,40.96,0.0,-1.3659117,-0.45121676,-1.2093167,-0.29716325
1025,41.0,0.0,-1.4707279,-0.55433184,-1.2115669,-0.2993769
1026,41.04,0.0,-1.3715318,-0.45674565,-1.213765,-0.30153927
1027,41.08,0.0,-1.4999352,-0.5830651,-1.2159098,-0.3036493
1028,41.12,0.0,-1.2868294,-0.37341785,-1.2180005,-0.3057061
1029,41.16,0.0,-1.1238948,-0.21312766,-1.2200361,-0.3077087
1030,41.2,0.0,-1.7080531,-0.7878054,-1.222016,-0.30965632
1031,41.24,0.0,-1.4118053,-0.49636546,-1.2239391,-0.31154817
1032,41.28,0.0,-1.9903908,-1.0655608,-1.2258047,-0.31338358
1033,41.32,0.0,-0.9142369,-0.006872393,-1.2276123,-0.31516182
1034,41.36,0.0,-1.4097109,-0.49430507,-1.2293612,-0.3168824
1035,41.4,0.0,-1.0106927,-0.10176278,-1.231051,-0.31854478
1036,41.44,0.0,-1.1907024,-0.27885103,-1.2326812,-0.32014844
1037,41.48,0.0,-1.226093,-0.31366727,-1.2342513,-0.32169306
1038,41.52,0.0,-0.55887973,0.3427175,-1.2357609,-0.32317823
1039,41.56,0.0,-1.2505357,-0.33771327,-1.2372099,-0.32460368
1040,41.6,0.0,-1.3698359,-0.45507717,-1.2385979,-0.3259692
1041,41.64,0.0,-0.58014643,0.32179597,-1.2399248,-0.3272746
1042,41.68,0.0,-1.3269137,-0.41285166,-1.2411906,-0.32851973
1043,41.72,0.0,-1.4567714,-0.5406018,-1.2423949,-0.32970455
1044,41.76,0.0,-1.7921008,-0.870489,-1.2435379,-0.33082902
1045,41.8,0.0,-1.3064198,-0.3926904,-1.2446196,-0.3318932
1046,41.84,0.0,-1.7383082,-0.81756943,-1.2456402,-0.3328972
1047,41.88,0.0,-1.3419907,-0.42768398,-1.2465997,-0.33384112
1048,41.92,0.0,-0.8756114,0.031126209,-1.2474984,-0.33472517
1049,41.96,0.0,-1.4056566,-0.49031657,-1.2483364,-0.33554962
1050,42.0,0.0,-1.4063978,-0.49104577,-1.2491142,-0.33631474
1051,42.04,0.0,-0.6269587,0.27574342,-1.2498319,-0.3370209
1052,42.08,0.0,-1.3745584,-0.45972314,-1.2504902,-0.3376685
1053,42.12,0.0,-1.0964842,-0.18616189,-1.2510895,-0.33825797
1054,42.16,0.0,-1.1261778,-0.21537358,-1.2516301,-0.3387898
1055,42.2,0.0,-1.5301764,-0.6128155,-1.2521126,-0.3392645
1056,42.24,0.0,-1.7193539,-0.7989227,-1.2525377,-0.3396827
1057,42.28,0.0,-1.3042217,-0.39052796,-1.252906,-0.340045
1058,42.32,0.0,-1.3889141,-0.47384584,-1.253218,-0.3403521
1059,42.36,0.0,-0.80948484,0.0961796,-1.2534748,-0.3406046
1060,42.4,0.0,-1.1426034,-0.2315326,-1.2536768,-0.34080338
1061,42.44,0.0,-1.361691,-0.44706455,-1.253825,-0.34094915
1062,42.48,0.0,-1.202618,-0.2905732,-1.2539202,-0.3410428
1063,42.52,0.0,-0.6989864,0.20488468,-1.2539632,-0.3410851
1064,42.56,0.0,-1.078338,-0.16831024,-1.253955,-0.34107703
1065,42.6,0.0,-1.6804228,-0.76062346,-1.2538966,-0.3410195
1066,42.64,0.0,-1.1377537,-0.22676165,-1.2537888,-0.34091353
1067,42.68,0.0,-1.726903,-0.8063493,-1.2536328,-0.34076008
1068,42.72,0.0,-2.1948109,-1.2666633,-1.2534297,-0.3405602
1069,42.76,0.0,-1.6572907,-0.7378668,-1.2531804,-0.34031495
1070,42.8,0.0,-1.1572194,-0.24591142,-1.2528862,-0.3400255
1071,42.84,0.0,-1.281189,-0.367869,-1.2525481,-0.33969295
1072,42.88,0.0,-0.9468685,-0.038974382,-1.2521675,-0.33931845
1073,42.92,0.0,-1.5285457,-0.6112113,-1.2517453,-0.33890328
1074,42.96,0.0,-0.7450969,0.15952253,-1.2512832,-0.33844855
1075,43.0,0.0,-1.001619,-0.092836305,-1.250782,-0.3379556
1076,43.04,0.0,-1.2407428,-0.32807925,-1.2502433,-0.33742562
1077,43.08,0.0,-1.3371196,-0.42289189,-1.2496684,-0.33685997
1078,43.12,0.0,-1.2909406,-0.37746242,-1.2490584,-0.3362599
1079,43.16,0.0,-1.1310642,-0.22018068,-1.2484148,-0.33562672
1080,43.2,0.0,-2.2956371,-1.3658532,-1.247739,-0.33496183
1081,43.24,0.0,-0.7581459,0.1466853,-1.2470322,-0.3342665
1082,43.28,0.0,-1.389786,-0.47470358,-1.2462958,-0.33354214
1083,43.32,0.0,-1.6623521,-0.7428461,-1.2455313,-0.33279008
1084,43.36,0.0,-1.2665541,-0.3534717,-1.2447401,-0.33201173
1085,43.4,0.0,-1.4097521,-0.49434564,-1.2439235,-0.33120844
1086,43.44,0.0,-1.4311876,-0.5154333,-1.2430831,-0.3303816
1087,43.48,0.0,-1.0368515,-0.12749705,-1.24222,-0.3295326
1088,43.52,0.0,-0.73857665,0.16593698,-1.241336,-0.32866278
1089,43.56,0.0,-1.4482583,-0.53222686,-1.240432,-0.32777357
1090,43.6,-0.2,-0.9101068,-0.002809301,-1.2395098,-0.32686633
1091,43.64,-0.2,-1.0172447,-0.108208425,-1.2385707,-0.32594237
1092,43.68,-0.2,-0.8153827,0.09037744,-1.2376158,-0.32500306
1093,43.72,-0.2,-0.68556416,0.21808913,-1.2366468,-0.3240497
1094,43.76,-0.2,-0.3257357,0.57207775,-1.2356648,-0.3230837
1095,43.8,-0.2,-0.71107805,0.19298929,-1.2346712,-0.32210624
1096,43.84,0.0,-1.1669562,-0.25549018,-1.2336674,-0.32111865
1097,43.88,0.0,-1.2922183,-0.37871936,-1.2326545,-0.32012215
1098,43.92,0.0,-0.4414366,0.45825464,-1.2316338,-0.31911805
1099,43.96,0.0,-0.99372613,-0.085071556,-1.2306066,-0.31810752
1100,44.0,0.0,-1.3730248,-0.4582144,-1.229574,-0.31709173
1101,44.04,0.0,-1.6804428,-0.7606432,-1.2285374,-0.31607196
1102,44.08,0.0,-1.6027546,-0.6842158,-1.2274979,-0.31504932
1103,44.12,0.0,-1.3468456,-0.4324601,-1.2264566,-0.31402496
1104,44.16,0.0,-1.6881373,-0.76821274,-1.2254149,-0.31300005
1105,44.2,0.0,-1.2360139,-0.32342708,-1.2243736,-0.31197572
1106,44.24,0.0,-1.9329637,-1.0090659,-1.2233341,-0.3109531
1107,44.28,0.0,-1.3632939,-0.4486414,-1.2222974,-0.30993327
1108,44.32,0.0,-1.1683874,-0.25689816,-1.2212647,-0.30891734
1109,44.36,0.0,-0.6177085,0.2848435,-1.2202371,-0.3079064
1110,44.4,0.0,-0.89938855,0.0077349767,-1.2192156,-0.30690148
1111,44.44,0.0,-1.5892699,-0.6709499,-1.2182014,-0.30590367
1112,44.48,0.0,-1.0690458,-0.15916881,-1.2171954,-0.30491403
1113,44.52,0.0,-1.5870621,-0.668778,-1.2161987,-0.3039335
1114,44.56,0.0,-1.7516391,-0.830684,-1.2152123,-0.30296317
1115,44.6,0.0,-1.3604,-0.44579446,-1.2142373,-0.302004
1116,44.64,0.0,-0.28543025,0.6117291,-1.2132747,-0.30105695
1117,44.68,0.0,-1.5145146,-0.5974078,-1.2123253,-0.300123
1118,44.72,0.0,-1.8467017,-0.92420375,-1.2113903,-0.2992031
1119,44.76,-0.2,-1.5554159,-0.63764536,-1.2104703,-0.29829812
1120,44.8,-0.3,-1.0791372,-0.16909645,-1.2095666,-0.29740903
1121,44.84,-0.4,-1.0126752,-0.10371305,-1.2086798,-0.29653668
1122,44.88,-0.4,-1.338021,-0.4237787,-1.207811,-0.29568192
1123,44.92,-0.2,-1.503101,-0.5861795,-1.2069609,-0.29484558
1124,44.96,0.0,-1.3196723,-0.40572783,-1.2061303,-0.29402852
1125,45.0,0.0,-1.1884915,-0.27667594,-1.2053201,-0.29323146
1126,45.04,0.0,-0.8822751,0.024570681,-1.2045311,-0.29245523
1127,45.08,0.0,-2.062405,-1.1364064,-1.2037638,-0.2917005
1128,45.12,0.0,-1.4467661,-0.530759,-1.2030193,-0.290968
1129,45.16,0.0,-0.8442411,0.061987422,-1.2022979,-0.29025838
1130,45.2,0.0,-1.0184689,-0.109412715,-1.2016006,-0.2895723
1131,45.24,0.0,-0.51079357,0.3900233,-1.2009277,-0.28891033
1132,45.28,0.0,-1.0922636,-0.18200979,-1.2002798,-0.288273
1133,45.32,0.0,-1.1346313,-0.22368988,-1.1996577,-0.2876609
1134,45.36,0.0,-0.29556578,0.601758,-1.1990615,-0.28707448
1135,45.4,0.0,-1.0228035,-0.113677055,-1.1984919,-0.2865141
1136,45.44,0.0,-1.2411981,-0.32852715,-1.1979493,-0.28598025
1137,45.48,0.0,-1.1097511,-0.1992135,-1.1974338,-0.2854732
1138,45.52,0.0,-0.15156066,0.74342597,-1.196946,-0.2849933
1139,45.56,0.0,-1.4445485,-0.52857727,-1.196486,-0.28454074
1140,45.6,-0.2,-1.3448576,-0.4305043,-1.1960541,-0.2841158
1141,45.64,-0.2,-1.3739693,-0.45914358,-1.1956503,-0.28371862
1142,45.68,-0.2,-0.87746483,0.029302873,-1.195275,-0.2833493
1143,45.72,-0.2,-0.98661435,-0.078075185,-1.1949279,-0.28300792
1144,45.76,-0.2,-1.0365608,-0.127211,-1.1946094,-0.28269455
1145,45.8,0.0,-0.78672975,0.11856537,-1.1943192,-0.2824092
1146,45.84,0.0,-1.7049165,-0.78471965,-1.1940576,-0.28215176
1147,45.88,0.0,-0.8942883,0.012752451,-1.1938243,-0.2819222
1148,45.92,0.0,-1.2647245,-0.35167176,-1.1936191,-0.28172034
1149,45.96,0.0,-0.7806631,0.1245336,-1.193442,-0.28154612
1150,46.0,0.0,-0.8084849,0.09716328,-1.1932927,-0.28139925
1151,46.04,0.0,-1.0466388,-0.13712552,-1.193171,-0.28127953
1152,46.08,0.0,-1.4840899,-0.5674769,-1.1930767,-0.28118673
1153,46.12,0.0,-1.5274419,-0.61012536,-1.1930094,-0.28112054
1154,46.16,0.0,-1.0618829,-0.15212213,-1.1929688,-0.2810806
1155,46.2,0.0,-1.8497941,-0.92724603,-1.1929545,-0.28106663
1156,46.24,-0.2,-0.9917867,-0.08316362,-1.1929663,-0.2810782
1157,46.28,-0.2,-1.254427,-0.34154135,-1.1930037,-0.2811149
1158,46.32,-0.2,-0.71270645,0.19138736,-1.1930661,-0.28117636
1159,46.36,-0.2,-1.059717,-0.14999148,-1.1931533,-0.28126207
1160,46.4,-0.2,-1.7788551,-0.85745823,-1.1932646,-0.28137162
1161,46.44,-0.2,-1.5535955,-0.63585454,-1.1933997,-0.2815045
1162,46.48,-0.3,-0.77090245,0.13413581,-1.193558,-0.2816602
1163,46.52,-0.3,-1.1273665,-0.21654305,-1.1937389,-0.2818382
1164,46.56,-0.3,-0.9260161,-0.018460415,-1.193942,-0.282038
1165,46.6,-0.3,-1.3440948,-0.42975387,-1.1941667,-0.282259
1166,46.64,-0.3,-1.219053,-0.3067415,-1.1944122,-0.28250062
1167,46.68,-0.3,-2.146759,-1.2193913,-1.1946783,-0.28276232
1168,46.72,-0.3,-1.3950415,-0.47987372,-1.194964,-0.28304353
1169,46.76,-0.3,-1.3335806,-0.41941038,-1.1952691,-0.2833436
1170,46.8,-0.3,-0.3552528,0.5430397,-1.1955928,-0.283662
1171,46.84,-0.3,-1.277959,-0.36469147,-1.1959343,-0.283998
1172,46.88,-0.3,-1.4660144,-0.54969484,-1.1962932,-0.28435108
1173,46.92,-0.3,-1.158547,-0.2472175,-1.1966689,-0.2847206
1174,46.96,-0.3,-0.6285143,0.2742131,-1.1970605,-0.28510585
1175,47.0,-0.3,-1.3870411,-0.4720032,-1.1974674,-0.28550625
1176,47.04,-0.3,-1.3937362,-0.47858968,-1.1978892,-0.28592113
1177,47.08,-0.3,-0.9408044,-0.033008732,-1.1983249,-0.28634983
1178,47.12,-0.3,-1.5115608,-0.59450203,-1.1987741,-0.2867917
1179,47.16,-0.3,-0.297055,0.600293,-1.199236,-0.2872461
1180,47.2,-0.3,-1.3767734,-0.46190208,-1.19971,-0.28771237
1181,47.24,-0.3,-1.2643902,-0.35134292,-1.2001953,-0.28818983
1182,47.28,-0.3,-1.545016,-0.62741435,-1.2006913,-0.2886778
1183,47.32,-0.2,-2.018441,-1.0931559,-1.2011974,-0.28917566
1184,47.36,-0.2,-1.3825209,-0.4675564,-1.2017128,-0.28968275
1185,47.4,-0.2,-1.0341499,-0.124839246,-1.202237,-0.29019842
1186,47.44,-0.2,-1.1994843,-0.28749043,-1.2027693,-0.29072198
1187,47.48,-0.2,-1.154686,-0.24341911,-1.2033088,-0.29125285
1188,47.52,-0.2,-0.55438155,0.3471427,-1.2038553,-0.2917904
1189,47.56,-0.2,-1.3409172,-0.42662793,-1.2044078,-0.29233393
1190,47.6,-0.2,-1.3440034,-0.42966402,-1.2049658,-0.2928829
1191,47.64,-0.3,-1.141719,-0.23066255,-1.2055286,-0.29343662
1192,47.68,-0.3,-1.3368212,-0.42259833,-1.2060958,-0.29399452
1193,47.72,-0.3,-1.605866,-0.68727666,-1.2066665,-0.29455602
1194,47.76,-0.4,-1.1201484,-0.20944208,-1.2072403,-0.29512048
1195,47.8,-0.4,-0.7988523,0.10663956,-1.2078165,-0.29568735
1196,47.84,-0.4,-1.492928,-0.57617164,-1.2083946,-0.29625607
1197,47.88,-0.4,-1.2654959,-0.3524306,-1.208974,-0.29682603
1198,47.92,-0.4,-0.6265043,0.27619046,-1.2095541,-0.29739672
1199,47.96,-0.4,-1.6043763,-0.6858112,-1.2101344,-0.29796758
1200,48.0,-0.4,-1.6425827,-0.72339743,-1.2107142,-0.2985381
1201,48.04,-0.4,-1.2714703,-0.35830808,-1.2112933,-0.29910773
1202,48.08,-0.4,-1.7287426,-0.80815905,-1.2118709,-0.299676
1203,48.12,-0.4,-1.6227173,-0.7038545,-1.2124467,-0.3002424
1204,48.16,-0.4,-0.9430334,-0.035201542,-1.2130201,-0.30080646
1205,48.2,-0.4,-1.1961806,-0.28424028,-1.2135906,-0.30136773
1206,48.24,-0.4,-1.5553536,-0.63758415,-1.2141578,-0.30192575
1207,48.28,-0.3,-0.6184859,0.28407872,-1.2147213,-0.30248004
1208,48.32,-0.3,-1.30376,-0.39007378,-1.2152805,-0.30303022
1209,48.36,-0.3,-1.1441731,-0.23307689,-1.2158352,-0.30357587
1210,48.4,-0.3,-1.1395571,-0.22853577,-1.2163848,-0.30411652
1211,48.44,-0.3,-1.028639,-0.119417764,-1.2169288,-0.30465183
1212,48.48,-0.3,-0.9962058,-0.08751099,-1.2174672,-0.30518138
1213,48.52,-0.3,-1.478064,-0.5615488,-1.2179992,-0.30570483
1214,48.56,-0.4,-0.4916429,0.40886313,-1.2185247,-0.30622172
1215,48.6,-0.4,-1.4125972,-0.49714452,-1.2190431,-0.3067318
1216,48.64,-0.5,-1.4508936,-0.5348195,-1.2195543,-0.3072346
1217,48.68,-0.5,-1.3144542,-0.40059435,-1.2200576,-0.30772984
1218,48.72,-0.5,-1.8491461,-0.9266085,-1.220553,-0.30821717
1219,48.76,-0.5,-1.5707221,-0.65270317,-1.22104,-0.30869624
1220,48.8,-0.5,-0.7281198,0.17622414,-1.2215183,-0.3091668
1221,48.84,-0.5,-1.2442919,-0.33157077,-1.2219876,-0.30962846
1222,48.88,-0.5,-0.3015452,0.5958756,-1.2224476,-0.31008098
1223,48.92,-0.5,-1.6783061,-0.7585411,-1.222898,-0.31052405
1224,48.96,-0.4,-1.1168308,-0.20617831,-1.2233385,-0.31095737
1225,49.0,-0.4,-1.3891346,-0.47406277,-1.2237688,-0.3113807
1226,49.04,-0.4,-1.6148007,-0.6960664,-1.2241887,-0.3117938
1227,49.08,-0.3,-0.65494215,0.24821413,-1.2245979,-0.31219637
1228,49.12,-0.3,-1.0962228,-0.18590471,-1.2249961,-0.31258816
1229,49.16,-0.3,-1.134651,-0.22370923,-1.2253833,-0.31296897
1230,49.2,-0.3,-0.5294525,0.37166718,-1.2257589,-0.31333855
1231,49.24,-0.3,-1.8259395,-0.90377855,-1.226123,-0.31369668
1232,49.28,-0.3,-1.279546,-0.36625272,-1.2264751,-0.31404316
1233,49.32,-0.3,-1.6209952,-0.70216036,-1.2268152,-0.31437778
1234,49.36,-0.3,-1.3664776,-0.45177346,-1.2271432,-0.31470037
1235,49.4,-0.3,-0.6956911,0.20812652,-1.2274587,-0.31501073
1236,49.44,-0.3,-1.2006702,-0.28865707,-1.2277616,-0.31530872
1237,49.48,-0.3,-1.0665032,-0.15666746,-1.2280518,-0.3155942
1238,49.52,-0.3,-1.3618002,-0.44717196,-1.2283291,-0.31586698
1239,49.56,-0.3,-1.8581282,-0.93544483,-1.2285933,-0.31612697
1240,49.6,-0.3,-0.49045563,0.41003114,-1.2288444,-0.31637403
1241,49.64,-0.3,-1.1302971,-0.219426,-1.2290823,-0.31660807
1242,49.68,-0.3,-1.149898,-0.23870888,-1.2293069,-0.316829
1243,49.72,-0.3,-1.49813,-0.5812892,-1.229518,-0.31703675
1244,49.76,-0.3,-1.457853,-0.54166585,-1.2297158,-0.31723124
1245,49.8,-0.3,-1.6967845,-0.7767196,-1.2299,-0.31741244
1246,49.84,-0.3,-1.4414586,-0.52553755,-1.2300707,-0.31758034
1247,49.88,-0.3,-1.1314533,-0.22056346,-1.2302277,-0.3177349
1248,49.92,-0.3,-1.1603972,-0.2490376,-1.2303714,-0.3178761
1249,49.96,-0.3,-1.2020018,-0.28996703,-1.2305013,-0.31800398
1250,50.0,-0.3,-1.0977343,-0.18739176,-1.2306179,-0.3181186
1251,50.04,-0.3,-0.61155474,0.2908974,-1.2307209,-0.31822
1252,50.08,-0.3,-1.2823766,-0.3690374,-1.2308105,-0.3183082
1253,50.12,-0.3,-1.1107993,-0.2002447,-1.2308869,-0.3183833
1254,50.16,-0.3,-1.5088354,-0.5918209,-1.23095,-0.3184454
1255,50.2,-0.3,-1.6132362,-0.6945272,-1.2310001,-0.31849462
1256,50.24,-0.3,-1.1716212,-0.26007947,-1.2310371,-0.31853107
1257,50.28,-0.3,-0.752352,0.1523852,-1.2310613,-0.31855488
1258,50.32,-0.3,-1.4556546,-0.5395032,-1.2310729,-0.31856626
1259,50.36,-0.3,-2.214737,-1.286266,-1.231072,-0.3185653
1260,50.4,-0.3,-1.7081497,-0.7879003,-1.2310587,-0.31855232
1261,50.44,-0.3,-1.6167456,-0.6979797,-1.2310333,-0.3185274
1262,50.48,-0.3,-1.0806742,-0.17060846,-1.2309961,-0.31849083
1263,50.52,-0.3,-0.76005644,0.14480582,-1.2309474,-0.31844285
1264,50.56,-0.3,-1.2865212,-0.3731147,-1.2308873,-0.31838372
1265,50.6,-0.3,-1.1049268,-0.19446751,-1.2308161,-0.31831372
1266,50.64,-0.3,-1.278134,-0.3648636,-1.2307342,-0.3182331
1267,50.68,-0.3,-1.6319847,-0.71297145,-1.2306418,-0.31814218
1268,50.72,-0.3,-1.4487199,-0.532681,-1.2305392,-0.31804127
1269,50.76,-0.3,-0.8896279,0.01733724,-1.2304268,-0.31793064
1270,50.8,-0.3,-1.0897069,-0.17949459,-1.2303048,-0.31781068
1271,50.84,-0.3,-0.91864437,-0.011208333,-1.2301737,-0.31768167
1272,50.88,-0.3,-1.0672832,-0.15743478,-1.2300336,-0.31754395
1273,50.92,-0.3,-1.8431637,-0.9207232,-1.2298852,-0.3173979
1274,50.96,-0.3,-0.8138356,0.09189943,-1.2297286,-0.3172438
1275,51.0,-0.3,-1.4948571,-0.5780694,-1.2295642,-0.31708205
1276,51.04,-0.3,-1.8538983,-0.93128353,-1.2293923,-0.316913
1277,51.08,-0.3,-1.0247306,-0.115572795,-1.2292134,-0.31673697
1278,51.12,-0.3,-1.119103,-0.20841357,-1.2290277,-0.31655434
1279,51.16,-0.3,-0.75264937,0.15209267,-1.2288357,-0.31636542
1280,51.2,-0.3,-1.32913,-0.41503203,-1.2286377,-0.3161706
1281,51.24,-0.3,-1.0181382,-0.10908739,-1.228434,-0.31597024
1282,51.28,-0.3,-0.9315077,-0.023862906,-1.228225,-0.31576464
1283,51.32,-0.3,-1.4217263,-0.50612557,-1.228011,-0.31555414
1284,51.36,-0.3,-1.3174112,-0.40350336,-1.2277925,-0.31533912
1285,51.4,-0.3,-0.7881468,0.11717134,-1.2275696,-0.31511983
1286,51.44,-0.3,-0.8274047,0.078550585,-1.2273427,-0.31489664
1287,51.48,-0.3,-1.2296443,-0.31716087,-1.2271122,-0.31466988
1288,51.52,-0.3,-1.1601706,-0.24881467,-1.2268783,-0.31443977
1289,51.56,-0.3,-1.3480747,-0.4336692,-1.2266414,-0.3142067
1290,51.6,-0.3,-0.9048345,0.0023774058,-1.2264017,-0.3139709
1291,51.64,-0.3,-1.0904744,-0.18024962,-1.2261595,-0.31373262
1292,51.68,-0.3,-0.8757285,0.031011052,-1.2259151,-0.3134922
1293,51.72,-0.3,-1.4015211,-0.4862482,-1.2256688,-0.3132499
1294,51.76,-0.3,-1.4449965,-0.529018,-1.2254207,-0.3130059
1295,51.8,-0.3,-1.73669,-0.8159775,-1.2251713,-0.31276053
1296,51.84,-0.3,-1.5947678,-0.67635864,-1.2249207,-0.31251398
1297,51.88,-0.3,-1.1666495,-0.25518844,-1.2246692,-0.31226656
1298,51.92,-0.3,-1.267936,-0.35483113,-1.224417,-0.31201842
1299,51.96,-0.3,-1.070591,-0.1606889,-1.2241644,-0.31176987
1300,52.0,-0.3,-1.1587374,-0.24740478,-1.2239114,-0.31152108
1301,52.04,-0.3,-1.1294487,-0.21859136,-1.2236586,-0.3112723
1302,52.08,-0.3,-1.2140071,-0.3017775,-1.2234058,-0.31102368
1303,52.12,-0.3,-1.0594993,-0.14977722,-1.2231536,-0.31077552
1304,52.16,-0.3,-1.0005157,-0.09175093,-1.2229019,-0.31052792
1305,52.2,-0.3,-1.4194009,-0.5038379,-1.2226511,-0.31028116
1306,52.24,-0.3,-1.197686,-0.2857212,-1.2224013,-0.31003535
1307,52.28,-0.3,-1.1631658,-0.25176132,-1.2221526,-0.3097907
1308,52.32,-0.3,-1.2653831,-0.3523197,-1.2219052,-0.3095474
1309,52.36,-0.3,-1.350384,-0.43594104,-1.2216594,-0.30930558
1310,52.4,-0.3,-1.1868067,-0.2750185,-1.2214153,-0.3090654
1311,52.44,-0.3,-1.2916425,-0.37815294,-1.2211729,-0.30882704
1312,52.48,-0.3,-1.2100673,-0.2979016,-1.2209327,-0.30859062
1313,52.52,-0.3,-1.5721736,-0.6541311,-1.2206944,-0.3083563
1314,52.56,-0.3,-1.0715642,-0.16164635,-1.2204585,-0.3081242
1315,52.6,-0.3,-0.93513775,-0.027434029,-1.220225,-0.30789447
1316,52.64,-0.3,-1.2837372,-0.37037587,-1.219994,-0.3076672
1317,52.68,-0.3,-1.3569793,-0.44242924,-1.2197655,-0.30744252
1318,52.72,-0.3,-1.0969665,-0.18663639,-1.21954,-0.30722052
1319,52.76,-0.3,-1.2932158,-0.3797006,-1.2193172,-0.30700135
1320,52.8,-0.3,-1.2384647,-0.32583815,-1.2190973,-0.30678505
1321,52.84,-0.3,-1.0666126,-0.15677512,-1.2188804,-0.30657175
1322,52.88,-0.3,-1.3438001,-0.42946398,-1.2186668,-0.3063615
1323,52.92,-0.3,-0.93688524,-0.02915316,-1.2184563,-0.3061544
1324,52.96,-0.3,-1.3197721,-0.40582597,-1.218249,-0.3059505
1325,53.0,-0.3,-0.7503977,0.15430781,-1.218045,-0.30574986
1326,53.04,-0.3,-1.5298421,-0.61248666,-1.2178445,-0.30555254
1327,53.08,-0.3,-1.4294691,-0.5137427,-1.2176473,-0.3053586
1328,53.12,-0.3,-0.9920676,-0.08343992,-1.2174536,-0.30516806
1329,53.16,-0.3,-1.7403576,-0.81958556,-1.2172635,-0.30498096
1330,53.2,-0.3,-0.6433884,0.2595804,-1.2170768,-0.30479735
1331,53.24,-0.3,-1.0204673,-0.11137871,-1.2168937,-0.30461726
1332,53.28,-0.3,-0.80160576,0.10393079,-1.2167143,-0.30444065
1333,53.32,-0.3,-1.1712157,-0.2596805,-1.2165383,-0.3042676
1334,53.36,-0.3,-1.3302402,-0.4161242,-1.2163659,-0.30409804
1335,53.4,-0.3,-1.7478383,-0.8269448,-1.2161973,-0.30393204
1336,53.44,-0.3,-1.8195184,-0.89746165,-1.2160321,-0.30376962
1337,53.48,-0.3,-1.2509513,-0.33812207,-1.2158706,-0.30361068
1338,53.52,-0.3,-1.2875519,-0.37412864,-1.2157127,-0.30345532
1339,53.56,-0.3,-1.1946183,-0.28270337,-1.2155583,-0.30330345
1340,53.6,-0.3,-0.6147424,0.28776148,-1.2154075,-0.30315512
1341,53.64,-0.3,-1.0547616,-0.1451165,-1.2152603,-0.30301028
1342,53.68,-0.3,-0.79506934,0.11036114,-1.2151166,-0.30286893
1343,53.72,-0.3,-1.3360301,-0.4218201,-1.2149764,-0.30273107
1344,53.76,-0.3,-1.9092537,-0.98574054,-1.2148398,-0.30259663
1345,53.8,-0.3,-1.5080516,-0.59104985,-1.2147065,-0.3024656
1346,53.84,-0.3,-1.4128654,-0.4974084,-1.2145768,-0.30233797
1347,53.88,-0.3,-1.1366878,-0.22571298,-1.2144505,-0.3022137
1348,53.92,-0.3,-0.82816064,0.07780688,-1.2143276,-0.3020928
1349,53.96,-0.2,-1.0397782,-0.13037625,-1.214208,-0.30197516
1350,54.0,0.0,-1.5744703,-0.6563905,-1.2140918,-0.30186084
1351,54.04,0.0,-1.178912,-0.267252,-1.2139789,-0.3017497
1352,54.08,0.0,-1.0357896,-0.12645236,-1.2138692,-0.3016418
1353,54.12,0.0,-1.823597,-0.901474,-1.2137628,-0.30153704
1354,54.16,0.0,-1.2428982,-0.33019972,-1.2136594,-0.3014354
1355,54.2,0.0,-1.9597666,-1.0354338,-1.2135592,-0.30133682
1356,54.24,0.0,-0.735035,0.16942117,-1.213462,-0.30124125
1357,54.28,0.0,-1.0074586,-0.09858112,-1.2133679,-0.30114862
1358,54.32,0.0,-1.2547761,-0.34188485,-1.2132767,-0.30105892
1359,54.36,0.0,-1.7971077,-0.8754146,-1.2131884,-0.30097204
1360,54.4,0.0,-1.1636595,-0.25224695,-1.2131029,-0.30088794
1361,54.44,0.0,-0.5771767,0.32471752,-1.2130201,-0.3008065
1362,54.48,0.0,-0.8158883,0.08988007,-1.21294,-0.30072764
1363,54.52,0.0,-1.8466301,-0.9241333,-1.2128624,-0.30065128
1364,54.56,0.0,-1.1677428,-0.25626406,-1.2127872,-0.3005773
1365,54.6,0.0,-1.0906596,-0.18043186,-1.2127143,-0.3005056
1366,54.64,0.0,-1.0202606,-0.11117535,-1.2126435,-0.30043605
1367,54.68,0.0,-1.0772098,-0.16720036,-1.2125748,-0.30036846
1368,54.72,0.0,-0.641388,0.2615483,-1.212508,-0.3003027
1369,54.76,0.0,-0.695397,0.20841584,-1.2124429,-0.3002386
1370,54.8,0.0,-1.026926,-0.117732644,-1.2123792,-0.300176
1371,54.84,0.0,-0.97062254,-0.06234292,-1.2123169,-0.30011466
1372,54.88,0.0,-1.6345196,-0.71546525,-1.2122556,-0.3000544
1373,54.92,0.0,-1.1505789,-0.23937863,-1.2121953,-0.299995
1374,54.96,0.0,-0.5280593,0.37303773,-1.2121354,-0.2999362
1375,55.0,0.0,-1.1046082,-0.19415405,-1.2120761,-0.2998778
1376,55.04,0.0,-1.5645392,-0.6466206,-1.2120168,-0.2998195
1377,55.08,0.0,-1.1903535,-0.27850777,-1.2119575,-0.2997611
1378,55.12,0.2,-1.674834,-0.7551254,-1.2118976,-0.29970223
1379,55.16,0.2,-0.9305309,-0.022901952,-1.2118372,-0.2996427
1380,55.2,0.3,-1.1578307,-0.2465128,-1.2117757,-0.2995822
1381,55.24,0.3,-1.0571355,-0.14745179,-1.2117128,-0.2995205
1382,55.28,0.3,-1.2266551,-0.31422025,-1.2116486,-0.29945725
1383,55.32,0.0,-1.1988817,-0.2868976,-1.2115824,-0.2993922
1384,55.36,0.0,-1.4381801,-0.5223122,-1.2115142,-0.29932502
1385,55.4,0.0,-0.8723055,0.03437846,-1.2114435,-0.29925546
1386,55.44,0.0,-1.3703245,-0.4555579,-1.2113701,-0.29918325
1387,55.48,0.0,-0.9686793,-0.060431227,-1.2112937,-0.2991081
1388,55.52,0.0,-1.7270904,-0.80653363,-1.211214,-0.29902968
1389,55.56,0.0,-1.2823708,-0.36903167,-1.2111307,-0.29894778
1390,55.6,0.0,-1.1565509,-0.24525374,-1.2110436,-0.2988621
1391,55.64,0.0,-2.0664663,-1.1404017,-1.2109525,-0.29877242
1392,55.68,0.0,-1.0310522,-0.12179187,-1.2108569,-0.29867843
1393,55.72,0.0,-1.1921155,-0.28024122,-1.2107568,-0.29857996
1394,55.76,0.0,-1.4315314,-0.5157715,-1.2106519,-0.29847673
1395,55.8,0.2,-1.1404049,-0.22936985,-1.2105418,-0.2983685
1396,55.84,0.2,-1.1869551,-0.2751645,-1.2104267,-0.29825512
1397,55.88,0.2,-1.1192316,-0.20854011,-1.2103059,-0.29813632
1398,55.92,0.3,-1.334312,-0.42012987,-1.2101794,-0.298012
1399,55.96,0.3,-1.6764073,-0.7566732,-1.2100472,-0.29788184
1400,56.0,0.3,-1.2123966,-0.30019313,-1.209909,-0.2977458
1401,56.04,0.3,-1.3471329,-0.43274274,-1.2097644,-0.29760364
1402,56.08,0.3,-0.8488699,0.057433717,-1.2096136,-0.29745525
1403,56.12,0.3,-0.91592836,-0.008536406,-1.2094562,-0.29730043
1404,56.16,0.3,-1.5142372,-0.59713495,-1.2092922,-0.2971391
1405,56.2,0.3,-1.4602139,-0.54398847,-1.2091215,-0.29697114
1406,56.24,0.3,-1.3184394,-0.40451485,-1.2089438,-0.2967964
1407,56.28,0.3,-0.7161098,0.18803921,-1.2087593,-0.2966148
1408,56.32,0.3,-1.6363153,-0.71723187,-1.2085676,-0.2964262
1409,56.36,0.3,-1.7039812,-0.7837995,-1.2083687,-0.29623058
1410,56.4,0.3,-1.2518662,-0.33902216,-1.2081625,-0.2960278
1411,56.44,0.3,-1.5300286,-0.61267006,-1.2079492,-0.29581782
1412,56.48,0.5,-0.5251001,0.37594894,-1.2077283,-0.29560053
1413,56.52,0.6,-1.2749128,-0.36169472,-1.2075,-0.29537594
1414,56.56,0.6,-1.6795409,-0.75975585,-1.2072641,-0.29514393
1415,56.6,0.6,-0.7966152,0.10884038,-1.2070208,-0.29490447
1416,56.64,0.6,-1.1926175,-0.28073505,-1.2067697,-0.29465753
1417,56.68,0.2,-1.7121296,-0.79181564,-1.206511,-0.29440305
1418,56.72,0.0,-0.8981766,0.008927248,-1.2062446,-0.29414096
1419,56.76,0.0,-1.4199995,-0.5044267,-1.2059704,-0.29387125
1420,56.8,0.0,-0.8621,0.044418342,-1.2056885,-0.29359388
1421,56.84,0.0,-1.1026037,-0.19218206,-1.2053987,-0.29330876
1422,56.88,0.0,-1.2111988,-0.29901475,-1.205101,-0.2930159
1423,56.92,0.0,-1.562357,-0.6444738,-1.2047954,-0.29271522
1424,56.96,0.0,-1.1248928,-0.21410948,-1.2044817,-0.29240668
1425,57.0,0.0,-0.55476123,0.34676918,-1.2041601,-0.2920902
1426,57.04,0.0,-0.98441184,-0.07590842,-1.2038302,-0.29176575
1427,57.08,0.0,-0.7385823,0.16593143,-1.2034922,-0.29143324
1428,57.12,0.0,-1.0913657,-0.18112648,-1.203146,-0.2910926
1429,57.16,0.0,-1.1394173,-0.22839822,-1.2027913,-0.29074374
1430,57.2,0.0,-1.2103603,-0.29818985,-1.2024283,-0.2903866
1431,57.24,0.0,-1.1347648,-0.22382122,-1.2020566,-0.290021
1432,57.28,0.0,-1.5524211,-0.63469917,-1.2016765,-0.28964695
1433,57.32,-0.2,-0.65910804,0.24411589,-1.2012875,-0.28926432
1434,57.36,-0.2,-1.1699362,-0.2584218,-1.2008897,-0.28887296
1435,57.4,-0.2,-0.7249092,0.17938262,-1.200483,-0.28847277
1436,57.44,-0.3,-1.3988957,-0.48366544,-1.200067,-0.28806365
1437,57.48,-0.4,-1.9152894,-0.9916783,-1.199642,-0.2876455
1438,57.52,-0.3,-0.76070523,0.14416754,-1.1992075,-0.28721815
1439,57.56,-0.2,-1.2483748,-0.33558744,-1.1987637,-0.28678152
1440,57.6,0.0,-1.664446,-0.744906,-1.1983104,-0.28633547
1441,57.64,0.0,-0.6750345,0.22844785,-1.1978472,-0.28587988
1442,57.68,0.0,-1.477874,-0.56136197,-1.1973743,-0.28541464
1443,57.72,0.0,-1.0823561,-0.1722631,-1.1968914,-0.28493962
1444,57.76,0.0,-1.2342428,-0.32168475,-1.1963986,-0.28445473
1445,57.8,0.0,-1.6579864,-0.7385512,-1.1958956,-0.28395984
1446,57.84,0.0,-1.5383712,-0.6208773,-1.1953821,-0.2834548
1447,57.88,0.0,-0.81768835,0.08810923,-1.1948584,-0.2829396
1448,57.92,0.0,-1.5176294,-0.60047215,-1.1943243,-0.28241408
1449,57.96,-0.3,-0.7873746,0.11793097,-1.1937795,-0.28187814
1450,58.0,-0.4,-0.39874524,0.50025314,-1.1932241,-0.2813317
1451,58.04,-0.5,-1.1708518,-0.25932258,-1.1926578,-0.28077465
1452,58.08,-0.6,-0.59669673,0.30551428,-1.1920807,-0.28020695
1453,58.12,-0.6,-1.7086976,-0.78843933,-1.1914928,-0.27962852
1454,58.16,-0.6,-1.6107333,-0.692065,-1.1908938,-0.27903923
1455,58.2,-0.6,-0.49750608,0.40309513,-1.1902837,-0.27843907
1456,58.24,-0.6,-1.4497948,-0.53373843,-1.1896625,-0.27782795
1457,58.28,-0.6,-1.8206067,-0.8985323,-1.1890302,-0.27720585
1458,58.32,-0.6,-1.044506,-0.13502724,-1.1883866,-0.27657276
1459,58.36,-0.5,-1.2564013,-0.34348363,-1.1877317,-0.2759286
1460,58.4,-0.4,-1.139333,-0.22831531,-1.1870657,-0.27527338
1461,58.44,-0.4,-1.270721,-0.3575709,-1.1863885,-0.27460712
1462,58.48,-0.4,-1.2967799,-0.38320687,-1.1857,-0.2739298
1463,58.52,-0.4,-0.90946,-0.0021730214,-1.1850004,-0.27324152
1464,58.56,-0.4,-1.1951698,-0.2832459,-1.1842896,-0.27254227
1465,58.6,-0.4,-1.1361954,-0.22522864,-1.1835678,-0.2718321
1466,58.64,-0.4,-1.386328,-0.47130167,-1.1828349,-0.27111113
1467,58.68,-0.4,-0.93602324,-0.028305143,-1.1820911,-0.27037945
1468,58.72,-0.4,-1.7428629,-0.8220503,-1.1813365,-0.26963717
1469,58.76,-0.4,-1.0479628,-0.13842797,-1.1805713,-0.2688844
1470,58.8,-0.4,-1.4031627,-0.48786318,-1.1797956,-0.26812127
1471,58.84,-0.4,-1.7746363,-0.8533079,-1.1790097,-0.26734802
1472,58.88,-0.4,-1.4677441,-0.5513965,-1.1782135,-0.2665648
1473,58.92,-0.4,-0.8669475,0.039649554,-1.1774074,-0.2657718
1474,58.96,-0.4,-1.308408,-0.39464632,-1.1765916,-0.26496926
1475,59.0,-0.5,-0.43767184,0.4619583,-1.1757665,-0.2641574
1476,59.04,-0.5,-1.6931201,-0.77311474,-1.174932,-0.26333657
1477,59.08,-0.5,-0.92943865,-0.021827422,-1.1740887,-0.26250696
1478,59.12,-0.5,-1.8055997,-0.88376886,-1.1732368,-0.2616689
1479,59.16,-0.5,-0.83353096,0.07252372,-1.1723766,-0.26082268
1480,59.2,-0.5,-1.5043643,-0.58742225,-1.1715086,-0.25996867
1481,59.24,-0.5,-1.2113366,-0.29915032,-1.170633,-0.25910723
1482,59.28,-0.5,-1.2292849,-0.3168073,-1.1697501,-0.25823867
1483,59.32,-0.5,-0.62389475,0.27875766,-1.1688603,-0.25736344
1484,59.36,-0.5,-1.4272707,-0.5115799,-1.1679642,-0.2564819
1485,59.4,-0.5,-1.7152048,-0.794841,-1.1670622,-0.25559443
1486,59.44,-0.5,-0.89666593,0.010413401,-1.1661545,-0.2547015
1487,59.48,-0.5,-1.6346816,-0.7156246,-1.1652417,-0.25380355
1488,59.52,-0.5,-1.9094837,-0.9859668,-1.1643243,-0.25290102
1489,59.56,-0.5,-1.3280822,-0.4140012,-1.1634027,-0.25199437
1490,59.6,-0.5,-0.74905765,0.15562609,-1.1624774,-0.2510841
1491,59.64,-0.5,-0.96962184,-0.06135846,-1.1615489,-0.25017062
1492,59.68,-0.5,-1.0784729,-0.16844288,-1.1606176,-0.2492545
1493,59.72,-0.5,-1.2431124,-0.33041045,-1.1596842,-0.2483362
1494,59.76,-0.4,-0.72785103,0.17648855,-1.158749,-0.2474162
1495,59.8,-0.4,-0.9423457,-0.034524977,-1.1578126,-0.24649502
1496,59.84,-0.3,-1.4371003,-0.52125,-1.1568756,-0.24557318
1497,59.88,-0.3,-0.7083043,0.19571805,-1.1559384,-0.24465114
1498,59.92,-0.2,-0.93982893,-0.032049082,-1.1550014,-0.24372941
1499,59.96,-0.2,-1.1708531,-0.25932387,-1.1540653,-0.2428085
1500,60.0,-0.2,-1.4887307,-0.5720424,-1.1531305,-0.2418889
1501,60.04,-0.2,-1.8645573,-0.94176954,-1.1521976,-0.24097109
1502,60.08,-0.2,-1.2173334,-0.30504984,-1.1512669,-0.24005555
1503,60.12,-0.2,-0.27312762,0.623832,-1.1503391,-0.23914278
1504,60.16,-0.2,-0.8117423,0.09395877,-1.1494145,-0.23823322
1505,60.2,-0.3,-0.8896737,0.01729215,-1.1484938,-0.23732737
1506,60.24,-0.3,-1.4372702,-0.5214171,-1.1475772,-0.23642567
1507,60.28,-0.3,-1.9775171,-1.0528961,-1.1466652,-0.23552856
1508,60.32,-0.4,-1.164955,-0.25352147,-1.1457585,-0.2346365
1509,60.36,-0.4,-0.5439983,0.3573574,-1.1448573,-0.23374988
1510,60.4,-0.4,-0.6550349,0.2481229,-1.143962,-0.23286915
1511,60.44,-0.4,-0.86642015,0.040168308,-1.1430731,-0.2319947
1512,60.48,-0.4,-1.4474694,-0.53145075,-1.142191,-0.23112692
1513,60.52,-0.4,-1.441722,-0.5257967,-1.141316,-0.23026617
1514,60.56,-0.4,-0.7683396,0.13665709,-1.1404487,-0.22941284
1515,60.6,-0.4,-0.8195795,0.08624879,-1.1395892,-0.22856727
1516,60.64,-0.4,-1.638216,-0.71910167,-1.1387378,-0.2277298
1517,60.68,-0.3,-0.5420388,0.35928512,-1.1378951,-0.22690073
1518,60.72,-0.3,-1.4518499,-0.5357603,-1.1370612,-0.22608037
1519,60.76,-0.3,-1.3459911,-0.43161947,-1.1362365,-0.22526905
1520,60.8,-0.3,-0.74001825,0.16451877,-1.1354212,-0.224467
1521,60.84,-0.3,-1.4833267,-0.56672615,-1.1346157,-0.22367449
1522,60.88,-0.3,-0.68512976,0.21851644,-1.13382,-0.2228918
1523,60.92,-0.3,-0.9320916,-0.024437316,-1.1330346,-0.22211912
1524,60.96,-0.3,-1.2667437,-0.35365814,-1.1322596,-0.22135669
1525,61.0,-0.3,-1.1576135,-0.24629912,-1.1314952,-0.22060472
1526,61.04,-0.4,-1.2788926,-0.36560994,-1.1307416,-0.21986337
1527,61.08,-0.5,-1.78004,-0.858624,-1.129999,-0.21913284
1528,61.12,-0.5,-0.8581477,0.048306532,-1.1292676,-0.21841328
1529,61.16,-0.5,-0.97205263,-0.063749805,-1.1285474,-0.21770483
1530,61.2,-0.5,-1.0857667,-0.17561832,-1.1278387,-0.21700762
1531,61.24,-0.5,-1.0426806,-0.13323154,-1.1271416,-0.21632178
1532,61.28,-0.5,-1.3278762,-0.41379854,-1.1264561,-0.21564738
1533,61.32,-0.5,-0.84298456,0.06322356,-1.1257824,-0.21498455
1534,61.36,-0.5,-0.8270564,0.07889321,-1.1251204,-0.21433333
1535,61.4,-0.5,-1.2577624,-0.34482267,-1.1244702,-0.21369377
1536,61.44,-0.5,-1.1954346,-0.28350636,-1.1238321,-0.21306592
1537,61.48,-0.5,-1.4081578,-0.49277723,-1.1232058,-0.2124498
1538,61.52,-0.4,-0.8513152,0.05502812,-1.1225914,-0.21184543
1539,61.56,-0.4,-0.96848613,-0.060241185,-1.121989,-0.2112528
1540,61.6,-0.4,-1.4966505,-0.5798337,-1.1213986,-0.21067189
1541,61.64,-0.4,-0.95745677,-0.049390823,-1.1208199,-0.21010265
1542,61.68,-0.4,-0.9835185,-0.07502957,-1.1202531,-0.20954505
1543,61.72,-0.4,-1.0794733,-0.16942704,-1.119698,-0.20899901
1544,61.76,-0.4,-0.83123887,0.07477864,-1.1191547,-0.20846447
1545,61.8,-0.4,-0.9438132,-0.035968684,-1.1186229,-0.20794132
1546,61.84,-0.4,-1.2493559,-0.3365526,-1.1181027,-0.20742948
1547,61.88,-0.4,-0.96396285,-0.05579132,-1.1175936,-0.2069288
1548,61.92,-0.4,-0.68336064,0.2202569,-1.117096,-0.20643918
1549,61.96,-0.4,-1.3915323,-0.4764215,-1.1166093,-0.20596045
1550,62.0,-0.4,-0.85456073,0.05183526,-1.1161337,-0.20549247
1551,62.04,-0.4,-0.843261,0.0629516,-1.1156687,-0.20503506
1552,62.08,-0.4,-1.2062458,-0.29414213,-1.1152143,-0.20458806
1553,62.12,-0.4,-1.2400068,-0.3273552,-1.1147703,-0.20415127
1554,62.16,-0.4,-1.2989936,-0.38538468,-1.1143365,-0.20372452
1555,62.2,-0.4,-1.3615894,-0.4469646,-1.1139127,-0.2033076
1556,62.24,-0.4,-1.034018,-0.12470955,-1.1134987,-0.2029003
1557,62.28,-0.4,-1.0150244,-0.10602418,-1.1130943,-0.20250244
1558,62.32,-0.4,-1.840764,-0.9183625,-1.1126993,-0.20211379
1559,62.36,-0.4,-1.162086,-0.25069904,-1.1123134,-0.20173416
1560,62.4,-0.4,-0.9122638,-0.004931323,-1.1119363,-0.20136331
1561,62.44,-0.4,-1.2658733,-0.35280192,-1.1115681,-0.20100105
1562,62.48,-0.4,-0.9648575,-0.056671463,-1.1112084,-0.20064716
1563,62.52,-0.4,-0.90503347,0.0021816716,-1.110857,-0.20030144
1564,62.56,-0.4,-0.9922528,-0.08362216,-1.1105137,-0.19996364
1565,62.6,-0.4,-1.2101893,-0.29802167,-1.1101781,-0.19963358
1566,62.64,-0.4,-1.3340104,-0.41983312,-1.1098503,-0.19931105
1567,62.68,-0.4,-0.9988723,-0.09013418,-1.1095299,-0.1989958
1568,62.72,-0.4,-1.1336207,-0.22269574,-1.1092166,-0.19868766
1569,62.76,-0.3,-1.0702937,-0.16039643,-1.1089103,-0.1983864
1570,62.8,-0.3,-1.4742151,-0.5577625,-1.1086109,-0.19809182
1571,62.84,-0.3,-0.7906972,0.11466231,-1.1083181,-0.19780372
1572,62.88,-0.3,-1.0827534,-0.17265397,-1.1080316,-0.1975219
1573,62.92,-0.3,-1.7648766,-0.8437066,-1.1077514,-0.19724616
1574,62.96,-0.3,-1.1304457,-0.21957225,-1.1074771,-0.19697632
1575,63.0,-0.3,-1.1540637,-0.24280693,-1.1072085,-0.1967122
1576,63.04,-0.5,-0.8566853,0.049745195,-1.1069456,-0.1964536
1577,63.08,-0.5,-1.3565902,-0.44204646,-1.1066883,-0.19620034
1578,63.12,-0.5,-1.1269063,-0.21609026,-1.1064361,-0.19595228
1579,63.16,-0.5,-0.8798393,0.026966952,-1.106189,-0.19570921
1580,63.2,-0.5,-1.9103138,-0.9867835,-1.1059469,-0.195471
1581,63.24,-0.5,-0.8737983,0.032909907,-1.1057094,-0.19523746
1582,63.28,-0.5,-1.2717438,-0.3585771,-1.1054767,-0.19500846
1583,63.32,-0.5,-1.4961095,-0.5793015,-1.1052483,-0.1947838
1584,63.36,-0.5,-0.93339,-0.025714666,-1.1050242,-0.19456337
1585,63.4,-0.5,-1.0156833,-0.10667236,-1.1048043,-0.194347
1586,63.44,-0.5,-0.85075784,0.055576436,-1.1045884,-0.19413453
1587,63.48,-0.5,-0.65083504,0.2522546,-1.1043762,-0.19392583
1588,63.52,-0.5,-0.9294498,-0.02183839,-1.1041677,-0.19372073
1589,63.56,-0.5,-1.1782455,-0.26659632,-1.1039628,-0.19351907
1590,63.6,-0.5,-1.3639308,-0.449268,-1.1037611,-0.19332069
1591,63.64,-0.5,-1.5022008,-0.58529395,-1.1035626,-0.19312546
1592,63.68,-0.5,-1.243994,-0.3312777,-1.1033672,-0.19293317
1593,63.72,-0.5,-1.052644,-0.14303324,-1.1031746,-0.19274369
1594,63.76,-0.5,-0.2674238,0.6294433,-1.1029847,-0.19255684
1595,63.8,-0.5,-0.9191985,-0.011753477,-1.1027972,-0.19237244
1596,63.84,-0.5,-0.81826776,0.08753922,-1.102612,-0.1921903
1597,63.88,-0.5,-0.737254,0.16723818,-1.102429,-0.19201027
1598,63.92,-0.5,-1.2359188,-0.3233335,-1.102248,-0.19183214
1599,63.96,-0.5,-1.2401011,-0.32744798,-1.1020687,-0.19165571
1600,64.0,-0.5,-0.25613117,0.64055264,-1.1018908,-0.1914808
1601,64.04,-0.4,-1.7159667,-0.7955905,-1.1017144,-0.1913072
1602,64.08,-0.4,-1.3960104,-0.48082694,-1.101539,-0.1911347
1603,64.12,-0.4,-0.77478284,0.1303184,-1.1013646,-0.19096312
1604,64.16,-0.4,-1.5029597,-0.58604056,-1.1011909,-0.19079223
1605,64.2,-0.4,-0.94589955,-0.03802117,-1.1010177,-0.19062185
1606,64.24,-0.4,-1.6723397,-0.75267154,-1.1008449,-0.19045176
1607,64.28,-0.4,-1.2903396,-0.3768711,-1.100672,-0.19028173
1608,64.32,-0.4,-0.7633704,0.14154562,-1.100499,-0.19011162
1609,64.36,-0.4,-0.75607115,0.14872643,-1.1003258,-0.18994118
1610,64.4,-0.4,-1.4385461,-0.5226723,-1.100152,-0.18977022
1611,64.44,-0.4,-1.8488407,-0.92630804,-1.0999775,-0.18959855
1612,64.48,-0.4,-1.3379781,-0.4237365,-1.0998021,-0.18942598
1613,64.52,-0.4,-1.1495333,-0.23835002,-1.0996256,-0.1892523
1614,64.56,-0.4,-1.0640302,-0.15423459,-1.0994477,-0.18907732
1615,64.6,-0.4,-1.3712714,-0.4564894,-1.0992683,-0.18890086
1616,64.64,-0.4,-0.5567689,0.3447941,-1.0990872,-0.18872271
1617,64.68,-0.4,-1.4577247,-0.54153967,-1.0989043,-0.18854268
1618,64.72,-0.4,-1.7036474,-0.7834711,-1.0987191,-0.18836059
1619,64.76,-0.4,-1.469524,-0.5531475,-1.0985317,-0.18817623
1620,64.8,-0.4,-1.2602277,-0.34724793,-1.0983418,-0.1879894
1621,64.84,-0.4,-1.3008921,-0.3872524,-1.0981492,-0.18779989
1622,64.88,-0.4,-1.1442677,-0.23316988,-1.0979536,-0.18760747
1623,64.92,-0.4,-1.0514432,-0.14185192,-1.0977548,-0.18741195
1624,64.96,-0.4,-1.046459,-0.13694856,-1.0975527,-0.18721308
1625,65.0,-0.4,-0.3181008,0.5795887,-1.0973469,-0.1870106
1626,65.04,-0.4,-0.66897273,0.23441127,-1.0971371,-0.18680426
1627,65.08,-0.4,-1.8477209,-0.9252064,-1.0969232,-0.18659379
1628,65.12,-0.4,-1.2502201,-0.3374027,-1.0967047,-0.18637887
1629,65.16,-0.4,-0.57666194,0.3252239,-1.0964814,-0.18615918
1630,65.2,-0.4,-1.0771232,-0.16711509,-1.0962529,-0.18593441
1631,65.24,-0.4,-0.7702367,0.13479081,-1.0960189,-0.18570417
1632,65.28,-0.4,-0.8198564,0.08597637,-1.095779,-0.1854681
1633,65.32,-0.4,-1.3192174,-0.40528032,-1.0955327,-0.18522575
1634,65.36,-0.4,-0.3707196,0.52782387,-1.0952795,-0.18497671
1635,65.4,-0.4,-0.96215236,-0.054010212,-1.095019,-0.1847205
1636,65.44,-0.5,-0.6719421,0.23149008,-1.0947508,-0.18445662
1637,65.48,-0.5,-0.6464158,0.25660208,-1.0944742,-0.18418455
1638,65.52,-0.5,-0.70522237,0.19874996,-1.0941888,-0.18390375
1639,65.56,-0.5,-1.6703172,-0.7506818,-1.0938939,-0.18361361
1640,65.6,-0.5,-1.339124,-0.42486373,-1.0935888,-0.18331355
1641,65.64,-0.5,-1.0994747,-0.18910384,-1.093273,-0.18300292
1642,65.68,-0.5,-1.4410598,-0.52514523,-1.0929459,-0.18268104
1643,65.72,-0.5,-1.0878669,-0.17768446,-1.0926065,-0.18234724
1644,65.76,-0.5,-0.70354915,0.200396,-1.0922544,-0.1820008
1645,65.8,-0.5,-1.0958008,-0.18548957,-1.0918887,-0.18164097
1646,65.84,-0.5,-1.2219332,-0.30957496,-1.0915085,-0.18126698
1647,65.88,-0.5,-0.88533694,0.021558546,-1.0911132,-0.18087804
1648,65.92,-0.5,-0.90206665,0.005100347,-1.0907018,-0.18047334
1649,65.96,-0.5,-1.0314623,-0.122195296,-1.0902735,-0.18005201
1650,66.0,-0.5,-1.1296902,-0.21882896,-1.0898274,-0.1796132
1651,66.04,-0.5,-0.95956796,-0.051467754,-1.0893627,-0.17915602
1652,66.08,-0.5,-1.5213959,-0.60417753,-1.0888784,-0.17867953
1653,66.12,-0.5,-1.247344,-0.33457336,-1.0883734,-0.17818278
1654,66.16,-0.5,-0.712569,0.19152254,-1.087847,-0.17766483
1655,66.2,-0.6,-1.1341214,-0.2231883,-1.0872979,-0.17712468
1656,66.24,-0.6,-0.83581364,0.0702781,-1.0867252,-0.17656133
1657,66.28,-0.6,-1.0938815,-0.18360144,-1.086128,-0.17597373
1658,66.32,-0.6,-0.30187255,0.5955536,-1.085505,-0.17536084
1659,66.36,-0.6,-1.0226134,-0.11349,-1.0848552,-0.17472158
1660,66.4,-0.6,-0.8548789,0.051522247,-1.0841774,-0.17405488
1661,66.44,-0.6,-0.57530105,0.3265627,-1.0834707,-0.17335959
1662,66.48,-0.6,-1.6779907,-0.7582308,-1.0827338,-0.1726346
1663,66.52,-0.6,-0.5958562,0.30634117,-1.0819654,-0.17187876
1664,66.56,-0.6,-0.82910323,0.0768796,-1.0811646,-0.17109093
1665,66.6,-0.6,-0.9484384,-0.040518828,-1.08033,-0.17026992
1666,66.64,-0.6,-0.6379785,0.26490247,-1.0794606,-0.16941456
1667,66.68,-0.6,-1.1819513,-0.2702419,-1.078555,-0.16852367
1668,66.72,-0.6,-1.1996053,-0.28760946,-1.077612,-0.16759606
1669,66.76,-0.6,-1.0058583,-0.09700683,-1.0766306,-0.16663054
1670,66.8,-0.6,-1.0427265,-0.13327669,-1.0756094,-0.1656259
1671,66.84,-0.6,-1.1030139,-0.19258562,-1.0745473,-0.16458097
1672,66.88,-0.6,-1.4788178,-0.56229043,-1.0734429,-0.16349456
1673,66.92,-0.6,-0.87179875,0.034876995,-1.0722952,-0.1623655
1674,66.96,-0.6,-1.0121921,-0.10323786,-1.071103,-0.16119263
1675,67.0,-0.6,-1.4711657,-0.5547625,-1.0698651,-0.1599748
1676,67.04,-0.6,-1.4010656,-0.4858001,-1.0685803,-0.15871087
1677,67.08,-0.6,-1.4019346,-0.48665503,-1.0672475,-0.15739974
1678,67.12,-0.6,-1.4120998,-0.49665526,-1.0658656,-0.15604031
1679,67.16,-0.6,-0.65747774,0.24571973,-1.0644337,-0.15463153
1680,67.2,-0.6,-1.1376925,-0.22670138,-1.0629504,-0.15317231
1681,67.24,-0.6,-0.874542,0.032178275,-1.0614148,-0.15166168
1682,67.28,-0.6,-1.1728206,-0.26125938,-1.059826,-0.15009862
1683,67.32,-0.6,-1.0880631,-0.1778775,-1.0581828,-0.14848219
1684,67.36,-0.6,-1.5569657,-0.63917005,-1.0564846,-0.14681143
1685,67.4,-0.5,-0.7522955,0.15244079,-1.05473,-0.14508544
1686,67.44,-0.3,-1.030709,-0.12145424,-1.0529187,-0.14330338
1687,67.48,-0.2,-0.77268904,0.13237822,-1.0510494,-0.14146441
1688,67.52,0.0,-0.58459616,0.31741846,-1.0491214,-0.13956772
1689,67.56,0.0,-0.8983966,0.008710824,-1.0471339,-0.13761257
1690,67.6,0.0,-0.90274996,0.004428126,-1.0450864,-0.13559821
1691,67.64,0.0,-0.87465763,0.03206452,-1.0429779,-0.13352402
1692,67.68,0.0,-0.85338795,0.052989013,-1.040808,-0.1313893
1693,67.72,0.0,-1.6494148,-0.7301187,-1.038576,-0.12919353
1694,67.76,0.0,-1.1582911,-0.2469657,-1.0362813,-0.12693614
1695,67.8,0.0,-0.49970597,0.40093088,-1.0339236,-0.12461664
1696,67.84,0.0,-0.96737546,-0.059148535,-1.0315022,-0.122234605
1697,67.88,0.0,-1.5123062,-0.59523535,-1.029017,-0.11978966
1698,67.92,0.0,-0.9806519,-0.07220952,-1.0264674,-0.11728148
1699,67.96,0.0,-1.1885341,-0.27671793,-1.0238533,-0.11470982
1700,68.0,0.0,-1.7479107,-0.8270161,-1.0211746,-0.11207447
1701,68.04,0.0,-1.047775,-0.13824326,-1.0184308,-0.10937531
1702,68.08,0.0,-1.72666,-0.80611026,-1.0156223,-0.10661228
1703,68.12,0.0,-0.632259,0.27052915,-1.0127487,-0.10378538
1704,68.16,0.0,-0.81724256,0.08854777,-1.0098103,-0.10089468
1705,68.2,0.0,-1.532771,-0.615368,-1.0068072,-0.09794034
1706,68.24,0.0,-1.2521055,-0.33925754,-1.0037396,-0.09492256
1707,68.28,0.0,-0.71336794,0.19073656,-1.0006078,-0.09184164
1708,68.32,0.0,-1.0659006,-0.15607463,-0.9974123,-0.08869794
1709,68.36,0.0,-1.1863961,-0.2746146,-0.9941534,-0.08549189
1710,68.4,0.0,-1.1269629,-0.21614596,-0.9908316,-0.08222401
1711,68.44,0.0,-1.1559219,-0.24463499,-0.98744756,-0.07889489
1712,68.48,0.0,-1.330028,-0.41591543,-0.98400193,-0.07550518
1713,68.52,0.0,-1.3504324,-0.43598863,-0.98049545,-0.07205563
1714,68.56,0.0,-0.8721552,0.034526356,-0.976929,-0.06854704
1715,68.6,0.0,-1.4038446,-0.488534,-0.97330344,-0.064980306
1716,68.64,0.0,-1.1557261,-0.24444231,-0.96961975,-0.061356395
1717,68.68,0.0,-1.2600726,-0.34709534,-0.96587896,-0.05767635
1718,68.72,0.0,-0.931471,-0.023826785,-0.96208227,-0.053941276
1719,68.76,0.0,-1.2608525,-0.34786254,-0.95823085,-0.05015237
1720,68.8,0.0,-1.0260497,-0.11687056,-0.95432603,-0.046310883
1721,68.84,0.0,-1.0679379,-0.15807885,-0.95036906,-0.042418156
1722,68.88,0.0,-1.1003171,-0.18993263,-0.9463615,-0.03847558
1723,68.92,0.0,-1.3588824,-0.44430152,-0.9423047,-0.03448463
1724,68.96,0.0,-0.6171264,0.28541616,-0.93820024,-0.030446833
1725,69.0,0.0,-0.81514215,0.0906141,-0.93404984,-0.026363794
1726,69.04,0.0,-0.9496797,-0.04173994,-0.92985517,-0.022237169
1727,69.08,0.0,-0.68950486,0.21421236,-0.9256179,-0.018068682
1728,69.12,0.0,-0.97108686,-0.06279971,-0.9213399,-0.013860111
1729,69.16,0.0,-0.74377644,0.16082159,-0.917023,-0.009613293
1730,69.2,0.0,-0.6766025,0.22690535,-0.9126692,-0.0053301184
1731,69.24,0.0,-1.092141,-0.18188924,-0.9082804,-0.0010125322
1732,69.28,0.0,-1.0362607,-0.12691583,-0.9038586,0.003337469
1733,69.32,0.0,-1.6040673,-0.68550724,-0.89940596,0.0077178376
1734,69.36,0.0,-0.8325323,0.0735062,-0.8949246,0.012126477
1735,69.4,0.0,-0.93024844,-0.022624068,-0.8904167,0.016561246
1736,69.44,0.0,-1.1205422,-0.20982942,-0.8858844,0.021019952
1737,69.48,0.0,-1.3250729,-0.4110407,-0.8813301,0.025500365
1738,69.52,0.0,-0.8407063,0.06546486,-0.876756,0.030000212
1739,69.56,0.0,-1.3931509,-0.47801387,-0.8721645,0.03451718
1740,69.6,0.0,-0.81613386,0.089638494,-0.867558,0.03904893
1741,69.64,0.0,-0.61969566,0.28288862,-0.8629389,0.043593068
1742,69.68,0.0,-1.3658183,-0.45112482,-0.8583096,0.048147194
1743,69.72,0.0,-1.1894159,-0.27758542,-0.8536727,0.052708875
1744,69.76,0.0,-0.5921904,0.3099475,-0.8490306,0.057275645
1745,69.8,0.0,-1.6107011,-0.69203335,-0.84438586,0.06184503
1746,69.84,0.0,-1.2363483,-0.32375607,-0.83974093,0.066414535
1747,69.88,0.0,-1.271569,-0.35840517,-0.8350985,0.07098165
1748,69.92,0.0,-1.1447601,-0.23365435,-0.830461,0.07554387
1749,69.96,0.2,-1.1989491,-0.28696385,-0.82583106,0.080098666
1750,70.0,0.2,-1.2102634,-0.2980945,-0.8212112,0.084643535
1751,70.04,0.2,-1.3506901,-0.4362422,-0.816604,0.089175954
1752,70.08,0.3,-1.1644773,-0.25305158,-0.812012,0.09369344
1753,70.12,0.2,-0.20221323,0.69359547,-0.8074377,0.09819352
1754,70.16,0.0,-0.07206583,0.82163066,-0.80288357,0.10267373
1755,70.2,0.0,1.1115584,1.9860452,-0.7983521,0.10713167
1756,70.24,0.0,-1.0710262,-0.16111708,-0.79384565,0.11156494
1757,70.28,0.0,-0.80161494,0.10392176,-0.7893667,0.11597122
1758,70.32,0.0,-0.38096994,0.51773995,-0.7849175,0.12034822
1759,70.36,0.0,0.8337953,1.7127901,-0.78050035,0.1246937
1760,70.4,0.0,-0.41781634,0.4814915,-0.7761174,0.12900549
1761,70.44,0.0,0.0114851,0.90382564,-0.7717709,0.13328147
1762,70.48,0.0,-1.3751304,-0.4602858,-0.76746285,0.13751957
1763,70.52,0.0,-1.1789514,-0.2672907,-0.7631954,0.1417178
1764,70.56,0.0,-0.09374148,0.8003068,-0.7589704,0.14587426
1765,70.6,0.0,-0.9680855,-0.059847083,-0.7547897,0.14998707
1766,70.64,0.0,-1.0635184,-0.15373114,-0.75065523,0.15405445
1767,70.68,0.0,-0.099425554,0.794715,-0.7465687,0.15807466
1768,70.72,0.0,-1.2300782,-0.31758776,-0.7425317,0.16204609
1769,70.76,0.0,-1.2767719,-0.36352363,-0.73854595,0.16596717
1770,70.8,0.0,-0.41139483,0.48780876,-0.73461294,0.16983637
1771,70.84,0.0,-1.2561775,-0.3432635,-0.73073405,0.1736523
1772,70.88,0.0,0.6368892,1.5190798,-0.72691065,0.17741364
1773,70.92,0.1,0.1593591,1.0492997,-0.72314405,0.18111911
1774,70.96,0.1,-1.3338921,-0.4197168,-0.7194354,0.18476757
1775,71.0,0.1,-0.40860152,0.49055678,-0.7157858,0.18835792
1776,71.04,0.1,0.4045931,1.2905537,-0.7121963,0.19188918
1777,71.08,0.2,-0.5039918,0.3967147,-0.7086678,0.19536044
1778,71.12,0.2,-0.6166893,0.28584614,-0.7052011,0.19877088
1779,71.16,0.2,-0.82321274,0.08267448,-0.70179695,0.20211977
1780,71.2,0.2,-0.27233744,0.62460935,-0.69845605,0.20540647
1781,71.24,0.2,-0.23888528,0.6575186,-0.69517887,0.20863043
1782,71.28,0.2,-1.1907247,-0.27887297,-0.691966,0.21179117
1783,71.32,0.2,-0.22546971,0.67071646,-0.68881774,0.21488832
1784,71.36,0.1,-0.5851183,0.31690478,-0.68573445,0.21792157
1785,71.4,0.1,-0.88194704,0.024893425,-0.6827163,0.22089072
1786,71.44,0.1,-0.93263364,-0.024970561,-0.6797635,0.22379562
1787,71.48,0.1,-0.39432746,0.50459915,-0.676876,0.22663623
1788,71.52,0.1,0.28755033,1.1754104,-0.6740539,0.22941257
1789,71.56,0.1,0.29792905,1.1856207,-0.67129695,0.23212476
1790,71.6,0.1,-0.9146745,-0.00730291,-0.668605,0.23477298
1791,71.64,0.1,0.3801154,1.2664733,-0.66597795,0.23735747
1792,71.68,0.1,-0.64565206,0.25735345,-0.66341525,0.23987858
1793,71.72,0.1,-0.36270237,0.535711,-0.66091657,0.24233669
1794,71.76,0.2,-0.40523374,0.4938699,-0.6584814,0.24473229
1795,71.8,0.2,-0.79866415,0.10682466,-0.65610933,0.2470659
1796,71.84,0.2,-1.2089773,-0.29682934,-0.65379965,0.24933808
1797,71.88,0.2,-1.0284106,-0.11919306,-0.6515518,0.25154948
1798,71.92,0.2,-1.0587269,-0.1490174,-0.64936495,0.25370082
1799,71.96,0.2,-1.2535635,-0.3406919,-0.6472385,0.25579277
1800,72.0,0.2,-0.5457409,0.3556431,-0.6451716,0.25782615
1801,72.04,0.2,-0.2664687,0.6303829,-0.6431634,0.25980175
1802,72.08,0.2,-0.75886536,0.14597756,-0.64121306,0.26172045
1803,72.12,0.2,-0.7709299,0.13410884,-0.63931966,0.2635831
1804,72.16,0.2,-0.7226461,0.18160897,-0.6374823,0.2653906
1805,72.2,0.2,-0.16283691,0.73233277,-0.63570005,0.26714396
1806,72.24,0.2,-1.5502259,-0.6325396,-0.6339718,0.2688441
1807,72.28,0.2,-0.16107428,0.73406684,-0.63229674,0.27049205
1808,72.32,0.2,0.025289059,0.9174055,-0.63067365,0.2720888
1809,72.36,0.2,-1.2484431,-0.33565462,-0.6291016,0.27363536
1810,72.4,0.2,-0.89083236,0.0161523,-0.6275794,0.2751328
1811,72.44,0.2,-0.472898,0.4273038,-0.6261061,0.2765822
1812,72.48,0.2,-0.49880993,0.40181243,-0.6246805,0.27798462
1813,72.52,0.2,0.47315478,1.3580027,-0.6233016,0.27934113
1814,72.56,0.2,-1.1220326,-0.21129572,-0.6219683,0.28065285
1815,72.6,0.2,-1.3331354,-0.41897234,-0.62067944,0.2819208
1816,72.64,0.2,-0.8572328,0.049206547,-0.6194339,0.2831461
1817,72.68,0.2,-0.7071301,0.19687319,-0.6182306,0.2843299
1818,72.72,0.2,-1.7610755,-0.8399672,-0.61706847,0.28547317
1819,72.76,0.2,-1.0846341,-0.1745041,-0.6159464,0.28657702
1820,72.8,0.2,-0.6694022,0.23398879,-0.6148633,0.28764254
1821,72.84,0.2,-0.846663,0.059604816,-0.61381817,0.28867072
1822,72.88,0.2,-1.1586837,-0.24735188,-0.6128099,0.28966263
1823,72.92,0.2,-1.5850153,-0.6667644,-0.61183745,0.29061928
1824,72.96,0.2,-0.47184604,0.4283387,-0.6108998,0.2915417
1825,73.0,0.2,-0.26258337,0.63420516,-0.60999596,0.29243085
1826,73.04,0.2,-0.9257369,-0.018185757,-0.60912496,0.29328772
1827,73.08,0.2,-0.53744966,0.36379978,-0.6082858,0.2941133
1828,73.12,0.2,-0.2800821,0.6169904,-0.6074774,0.29490852
1829,73.16,0.2,-0.11598432,0.7784249,-0.60669893,0.29567438
1830,73.2,0.2,-1.5070204,-0.59003526,-0.6059494,0.29641178
1831,73.24,0.2,-1.0606802,-0.15093894,-0.6052278,0.29712164
1832,73.28,0.2,-0.5745165,0.32733455,-0.60453326,0.29780492
1833,73.32,0.2,-0.6727812,0.23066458,-0.60386485,0.2984625
1834,73.36,0.2,-0.7175044,0.18666726,-0.60322154,0.29909533
1835,73.4,0.2,-0.25668555,0.6400072,-0.60260254,0.29970428
1836,73.44,0.2,0.39640892,1.2825023,-0.6020069,0.3002903
1837,73.48,0.2,-0.16318274,0.73199254,-0.60143363,0.30085424
1838,73.52,0.3,0.5788481,1.4619806,-0.60088193,0.301397
1839,73.56,0.3,-0.8889622,0.017992102,-0.6003508,0.3019195
1840,73.6,0.3,-1.1270455,-0.21622723,-0.5998394,0.3024226
1841,73.64,0.4,0.31012905,1.1976227,-0.59934676,0.30290726
1842,73.68,0.4,-1.342685,-0.42836696,-0.598872,0.30337432
1843,73.72,0.4,-0.34238368,0.55569994,-0.5984142,0.30382466
1844,73.76,0.4,0.7115636,1.5925423,-0.5979725,0.30425918
1845,73.8,0.4,0.5346924,1.4185416,-0.59754604,0.30467877
1846,73.84,0.4,0.044661522,0.9364636,-0.5971338,0.30508426
1847,73.88,0.4,-0.61999404,0.28259507,-0.5967351,0.30547652
1848,73.92,0.4,-0.8693793,0.037257202,-0.59634894,0.3058564
1849,73.96,0.4,0.11723721,1.0078614,-0.59597456,0.30622473
1850,74.0,0.4,-0.9889247,-0.08034803,-0.59561104,0.30658233
1851,74.04,0.4,-0.64076644,0.2621598,-0.5952577,0.30692998
1852,74.08,0.4,-1.4312271,-0.51547205,-0.59491366,0.3072684
1853,74.12,0.4,-0.14910579,0.7458411,-0.59457827,0.30759835
1854,74.16,0.4,-1.146493,-0.23535904,-0.59425074,0.30792055
1855,74.2,0.4,-0.16449308,0.7307035,-0.59393054,0.3082356
1856,74.24,0.4,-1.2596195,-0.3466496,-0.5936169,0.3085441
1857,74.28,0.4,-1.0379676,-0.12859496,-0.59330934,0.30884665
1858,74.32,0.4,-0.05200565,0.8413653,-0.5930073,0.30914378
1859,74.36,0.4,-0.4021213,0.49693185,-0.5927104,0.30943593
1860,74.4,0.4,-0.98384625,-0.07535201,-0.5924181,0.3097235
1861,74.44,0.4,-1.3675554,-0.45283374,-0.59213,0.3100069
1862,74.48,0.4,-0.81739914,0.088393725,-0.5918459,0.31028634
1863,74.52,0.4,0.0011690855,0.893677,-0.59156555,0.31056216
1864,74.56,0.4,-1.3143098,-0.40045235,-0.59128875,0.31083447
1865,74.6,0.4,-1.162908,-0.25150764,-0.5910154,0.31110337
1866,74.64,0.4,-0.58631074,0.3157317,-0.5907455,0.3113689
1867,74.68,0.4,-1.5242062,-0.6069422,-0.59047896,0.3116311
1868,74.72,0.4,-2.2433658,-1.3144301,-0.59021604,0.3118898
1869,74.76,0.4,-1.8141062,-0.8921373,-0.58995676,0.31214485
1870,74.8,0.4,-0.32983828,0.56804174,-0.5897015,0.31239602
1871,74.84,0.4,-0.6141122,0.28838143,-0.5894504,0.31264296
1872,74.88,0.4,-0.68640286,0.21726403,-0.589204,0.31288537
1873,74.92,0.4,-1.5269413,-0.6096329,-0.58896273,0.31312275
1874,74.96,0.4,-1.9215674,-0.9978545,-0.58872706,0.3133546
1875,75.0,0.4,-1.1102827,-0.19973643,-0.5884975,0.3135804
1876,75.04,0.4,0.32016778,1.2074986,-0.58827484,0.31379947
1877,75.08,0.4,-0.87611496,0.03063085,-0.5880596,0.3140112
1878,75.12,0.4,-0.2725057,0.6244438,-0.58785266,0.31421483
1879,75.16,0.4,-1.1421654,-0.23110175,-0.58765465,0.3144096
1880,75.2,0.4,-0.3746416,0.52396554,-0.5874664,0.31459475
1881,75.24,0.4,-0.075199366,0.818548,-0.5872889,0.31476942
1882,75.28,0.4,-0.524892,0.37615368,-0.58712286,0.31493273
1883,75.32,0.4,-0.18534648,0.7101885,-0.58696926,0.31508383
1884,75.36,0.4,0.2971841,1.1848879,-0.586829,0.31522182
1885,75.4,0.4,-1.0881468,-0.17795983,-0.58670306,0.31534573
1886,75.44,0.4,-0.23754543,0.6588367,-0.5865924,0.31545463
1887,75.48,0.4,-0.41611427,0.48316592,-0.58649784,0.31554762
1888,75.52,0.4,0.85726225,1.7358762,-0.58642054,0.31562367
1889,75.56,0.4,-0.11665845,0.77776176,-0.58636135,0.31568187
1890,75.6,0.4,-0.24543959,0.65107065,-0.58632135,0.31572127
1891,75.64,0.4,0.12159014,1.0121437,-0.5863014,0.31574088
1892,75.68,0.4,-0.16480392,0.73039764,-0.5863026,0.31573972
1893,75.72,0.4,-1.696595,-0.7765331,-0.5863258,0.31571686
1894,75.76,0.4,-0.83225125,0.073782675,-0.5863721,0.31567135
1895,75.8,0.4,0.06382835,0.9553194,-0.58644235,0.3156022
1896,75.84,0.4,-0.8829936,0.02386386,-0.5865376,0.31550848
1897,75.88,0.4,-0.23827672,0.6581173,-0.58665884,0.31538925
1898,75.92,0.4,-0.72687924,0.17744455,-0.58680695,0.3152435
1899,75.96,0.4,0.71020293,1.5912036,-0.586983,0.31507036
1900,76.0,0.4,-0.2776755,0.61935794,-0.5871879,0.3148688
1901,76.04,0.4,-0.35562092,0.5426775,-0.5874225,0.31463796
1902,76.08,0.4,-1.3755857,-0.4607337,-0.5876879,0.31437686
1903,76.12,0.4,-1.378418,-0.46352002,-0.58798504,0.31408456
1904,76.16,0.3,-0.047871828,0.84543204,-0.5883148,0.31376016
1905,76.2,0.2,-0.6042199,0.29811317,-0.5886782,0.3134027
1906,76.24,0.2,-0.41974896,0.4795903,-0.5890761,0.31301123
1907,76.28,0.2,-0.7728245,0.13224494,-0.5895095,0.31258485
1908,76.32,0.2,-1.001406,-0.092626736,-0.5899794,0.31212258
1909,76.36,0.2,0.44253063,1.3278755,-0.5904867,0.3116235
1910,76.4,0.4,-0.5875938,0.31446946,-0.5910323,0.3110867
1911,76.44,0.5,-0.5998182,0.30244344,-0.59161735,0.3105112
1912,76.48,0.5,-1.2799938,-0.36669323,-0.59224266,0.30989605
1913,76.52,0.5,-0.35777915,0.54055434,-0.5929092,0.30924034
1914,76.56,0.5,0.034677267,0.92664135,-0.593618,0.30854306
1915,76.6,0.5,-1.0793515,-0.1693073,-0.59437,0.30780324
1916,76.64,0.5,-1.3604635,-0.44585696,-0.5951662,0.30701998
1917,76.68,0.5,-0.8290453,0.076936595,-0.5960076,0.30619225
1918,76.72,0.5,-0.7674021,0.13757935,-0.59689516,0.30531907
1919,76.76,0.5,-0.39054102,0.50832415,-0.5978299,0.3043995
1920,76.8,0.5,-0.9352592,-0.027553536,-0.5988129,0.30343246
1921,76.84,0.4,-0.92488575,-0.017348416,-0.59984505,0.302417
1922,76.88,0.4,-0.9296492,-0.022034533,-0.60092753,0.3013521
1923,76.92,0.4,0.0846473,0.9758004,-0.60206133,0.30023676
1924,76.96,0.4,-0.5028898,0.39779872,-0.6032474,0.29906988
1925,77.0,0.4,-1.6726847,-0.7530109,-0.6044869,0.29785052
1926,77.04,0.4,-1.1452968,-0.23418233,-0.60578084,0.29657757
1927,77.08,0.4,-0.97821236,-0.069809556,-0.6071303,0.29525006
1928,77.12,0.4,-0.7653814,0.13956729,-0.60853624,0.2938669
1929,77.16,0.4,-0.603243,0.29907426,-0.60999984,0.29242706
1930,77.2,0.4,-0.5850326,0.31698912,-0.6115221,0.29092953
1931,77.24,0.6,-0.7686786,0.13632357,-0.61310405,0.28937325
1932,77.28,0.6,0.46114743,1.3461901,-0.61474675,0.28775722
1933,77.32,0.6,-1.670506,-0.7508676,-0.6164512,0.28608036
1934,77.36,0.6,-0.31817102,0.5795196,-0.61821854,0.28434175
1935,77.4,0.6,-1.9992532,-1.0742794,-0.62004966,0.28254032
1936,77.44,0.6,-0.099963844,0.7941854,-0.6219456,0.28067514
1937,77.48,0.6,-0.3549409,0.5433465,-0.6239074,0.27874526
1938,77.52,0.5,-0.841894,0.06429645,-0.62593585,0.2767497
1939,77.56,0.3,-0.33880067,0.5592248,-0.628032,0.27468756
1940,77.6,0.3,0.058668137,0.9502429,-0.63019675,0.27255794
1941,77.64,0.3,-1.0155234,-0.106515095,-0.6324309,0.27036005
1942,77.68,0.3,-0.0691272,0.8245216,-0.63473535,0.268093
1943,77.72,0.3,-1.0270782,-0.11788229,-0.6371109,0.265756
1944,77.76,0.3,-0.84594303,0.060313098,-0.6395583,0.26334834
1945,77.8,0.3,-0.027012587,0.86595273,-0.6420782,0.26086926
1946,77.84,0.3,-0.7866983,0.11859634,-0.64467144,0.25831813
1947,77.88,0.3,-1.3692268,-0.45447803,-0.64733857,0.25569433
1948,77.92,0.3,0.22868276,1.1174983,-0.65008014,0.25299722
1949,77.96,0.3,-1.0830857,-0.17298082,-0.65289676,0.25022632
1950,78.0,0.3,-1.5755587,-0.6574612,-0.6557889,0.24738115
1951,78.04,0.3,-0.2059685,0.6899012,-0.658757,0.24446124
1952,78.08,0.3,-1.2732933,-0.36010143,-0.6618014,0.24146624
1953,78.12,0.3,-1.2558864,-0.3429771,-0.6649224,0.23839583
1954,78.16,0.3,0.16790426,1.0577061,-0.66812044,0.23524974
1955,78.2,0.3,-1.8027742,-0.88098913,-0.67139554,0.23202781
1956,78.24,0.4,-0.505066,0.3956579,-0.6747478,0.22872989
1957,78.28,0.5,-0.104029775,0.7901855,-0.6781775,0.22535592
1958,78.32,0.5,-1.3100852,-0.39629623,-0.6816844,0.22190593
1959,78.36,0.5,-0.055337667,0.8380874,-0.68526846,0.21838003
1960,78.4,0.5,-0.96770126,-0.059469048,-0.6889295,0.2147784
1961,78.44,0.5,-0.26515788,0.63167244,-0.69266725,0.21110128
1962,78.48,0.5,-0.18194675,0.71353304,-0.6964814,0.20734906
1963,78.52,0.5,-0.22077733,0.67533267,-0.7003714,0.20352218
1964,78.56,0.6,-0.13651925,0.7582233,-0.70433676,0.19962119
1965,78.6,0.6,-0.5120428,0.3887943,-0.7083768,0.19564672
1966,78.64,0.7,-0.4805025,0.41982275,-0.71249074,0.19159952
1967,78.68,0.7,-0.7669941,0.13798073,-0.7166778,0.18748046
1968,78.72,0.7,-0.38062102,0.5180832,-0.7209369,0.18329048
1969,78.76,0.7,-0.66014695,0.24309382,-0.725267,0.17903066
1970,78.8,0.7,0.17774475,1.067387,-0.7296669,0.17470214
1971,78.84,0.7,0.8582431,1.7368412,-0.7341353,0.1703062
1972,78.88,0.7,1.0659711,1.941198,-0.7386709,0.16584428
1973,78.92,0.7,-0.12457907,0.7699697,-0.743272,0.16131781
1974,78.96,0.7,-0.28693622,0.6102475,-0.74793714,0.15672843
1975,79.0,0.7,-1.8268119,-0.9046368,-0.75266445,0.15207785
1976,79.04,0.7,-0.17700487,0.71839476,-0.7574521,0.1473679
1977,79.08,0.7,-0.59974265,0.30251777,-0.76229817,0.14260045
1978,79.12,0.7,0.14978123,1.0398773,-0.76720065,0.13777752
1979,79.16,0.7,-1.1962705,-0.2843287,-0.77215743,0.13290124
1980,79.2,0.7,0.101255774,0.99213934,-0.7771662,0.12797375
1981,79.24,0.7,-1.3412104,-0.42691627,-0.78222466,0.12299736
1982,79.28,0.7,-0.54203594,0.35928795,-0.7873305,0.11797439
1983,79.32,0.7,-1.1328936,-0.22198036,-0.7924812,0.11290728
1984,79.36,0.9,-0.85884154,0.047623925,-0.79767424,0.10779853
1985,79.4,0.9,-0.34622473,0.55192125,-0.802907,0.10265068
1986,79.44,0.9,-1.5145257,-0.5974187,-0.8081769,0.09746636
1987,79.48,0.9,0.18418157,1.0737193,-0.8134811,0.09224823
1988,79.52,0.9,-0.30287194,0.59457046,-0.81881684,0.08699904
1989,79.56,0.9,-0.751099,0.15361789,-0.82418144,0.081721544
1990,79.6,0.9,-0.94661653,-0.038726516,-0.82957184,0.07641857
1991,79.64,0.8,-1.007656,-0.09877533,-0.8349853,0.07109297
1992,79.68,0.7,-0.91062963,-0.0033236668,-0.8404189,0.065747626
1993,79.72,0.7,-0.9615496,-0.053417213,-0.8458695,0.060385447
1994,79.76,0.7,-1.4745884,-0.55812967,-0.8513343,0.055009365
1995,79.8,0.7,-1.6798937,-0.760103,-0.8568102,0.04962232
1996,79.84,0.7,-0.04367256,0.8495631,-0.86229426,0.044227276
1997,79.88,0.7,-0.59842986,0.30380926,-0.8677834,0.038827192
1998,79.92,0.7,-0.47415215,0.42607003,-0.8732747,0.033425033
1999,79.96,0.7,-0.7317308,0.1726717,-0.87876505,0.028023755
2000,80.0,0.7,-1.3075204,-0.39377308,-0.88425153,0.022626312
2001,80.04,0.7,-0.701893,0.20202532,-0.88973117,0.017235644
2002,80.08,0.7,-1.0586126,-0.14890493,-0.8952009,0.011854672
2003,80.12,0.7,-1.0024694,-0.093672946,-0.90065783,0.0064862934
2004,80.16,0.7,-1.2333922,-0.320848,-0.9060991,0.0011333777
2005,80.2,0.8,-1.4174459,-0.50191456,-0.9115217,-0.004201239
2006,80.24,0.8,-1.1538604,-0.24260697,-0.91692287,-0.009514758
2007,80.28,0.8,-1.0897797,-0.17956625,-0.9222998,-0.014804423
2008,80.32,0.8,-1.2935005,-0.37998077,-0.92764974,-0.020067526
2009,80.36,0.8,-1.1954062,-0.28347847,-0.9329699,-0.025301406
2010,80.4,0.8,-1.5156584,-0.5985331,-0.9382578,-0.030503457
2011,80.44,0.8,-1.0516709,-0.14207591,-0.9435108,-0.035671137
2012,80.48,0.8,-0.68830025,0.21539742,-0.94872624,-0.040801954
2013,80.52,0.8,-0.9336211,-0.025941998,-0.95390177,-0.045893483
2014,80.56,0.8,-1.0164797,-0.10745587,-0.9590349,-0.05094337
2015,80.6,0.8,-1.272333,-0.3591568,-0.9641235,-0.055949327
2016,80.64,0.8,-1.4435391,-0.5275843,-0.9691651,-0.06090913
2017,80.68,0.8,-1.5221554,-0.6049247,-0.97415763,-0.065820634
2018,80.72,0.8,-1.4060993,-0.49075213,-0.979099,-0.07068178
2019,80.76,0.8,-1.3150107,-0.4011418,-0.9839871,-0.075490564
2020,80.8,0.8,-0.9661946,-0.057986874,-0.98882,-0.08024508
2021,80.84,0.8,-1.1332005,-0.22228235,-0.99359596,-0.084943496
2022,80.88,0.8,-0.98901737,-0.08043921,-0.99831307,-0.08958406
2023,80.92,0.8,-1.2858127,-0.37241772,-1.0029697,-0.09416511
2024,80.96,0.8,-1.6453996,-0.72616863,-1.0075642,-0.09868505
2025,81.0,0.8,-1.1547816,-0.24351315,-1.0120951,-0.10314237
2026,81.04,0.8,-0.4144675,0.48478603,-1.0165609,-0.107535675
2027,81.08,0.8,-0.9819367,-0.07347345,-1.0209602,-0.111863606
2028,81.12,0.8,-1.3501499,-0.4357107,-1.0252918,-0.11612491
2029,81.16,0.8,-1.5141051,-0.597005,-1.0295545,-0.12031843
2030,81.2,0.8,-1.425327,-0.5096677,-1.0337472,-0.12444306
2031,81.24,0.8,-0.90204036,0.0051262006,-1.0378689,-0.1284978
2032,81.28,0.8,-1.1622251,-0.2508359,-1.0419184,-0.13248172
2033,81.32,0.8,-1.3339708,-0.4197942,-1.0458952,-0.136394
2034,81.36,0.8,-1.2784793,-0.36520335,-1.0497985,-0.14023384
2035,81.4,0.8,-1.1675721,-0.25609612,-1.0536274,-0.14400057
2036,81.44,0.8,-1.5876737,-0.6693796,-1.0573813,-0.14769362
2037,81.48,0.8,-1.1211779,-0.21045485,-1.0610598,-0.15131241
2038,81.52,0.8,-0.74431956,0.16028729,-1.0646623,-0.1548565
2039,81.56,0.8,-0.76383746,0.14108616,-1.0681887,-0.15832554
2040,81.6,0.8,-0.90793717,-0.0006749034,-1.0716382,-0.16171919
2041,81.64,0.8,-1.0877128,-0.17753284,-1.075011,-0.1650372
2042,81.68,0.8,-1.3251698,-0.41113606,-1.0783067,-0.16827944
2043,81.72,0.8,-0.88284576,0.02400928,-1.0815253,-0.17144577
2044,81.76,0.8,-1.3607907,-0.44617885,-1.0846667,-0.17453617
2045,81.8,0.8,-1.3042719,-0.39057735,-1.0877309,-0.17755066
2046,81.84,0.8,-1.0736741,-0.163722,-1.090718,-0.18048932
2047,81.88,0.8,-1.656778,-0.7373624,-1.0936283,-0.18335229
2048,81.92,1.0,-0.97294796,-0.0646306,-1.0964618,-0.18613979
2049,81.96,1.0,-1.3376346,-0.42339852,-1.0992187,-0.18885209
2050,82.0,1.0,-0.43049502,0.46901858,-1.1018996,-0.19148947
2051,82.04,1.0,-1.0784692,-0.16843924,-1.1045048,-0.19405232
2052,82.08,1.0,-1.2115543,-0.29936448,-1.1070346,-0.19654107
2053,82.12,1.0,-1.1932474,-0.28135473,-1.1094896,-0.19895618
2054,82.16,1.0,-0.7591222,0.1457249,-1.1118702,-0.20129813
2055,82.2,1.0,-1.3793957,-0.4644819,-1.114177,-0.20356752
2056,82.24,0.9,-0.7701601,0.13486615,-1.1164106,-0.20576492
2057,82.28,0.8,-1.2738982,-0.3606966,-1.1185718,-0.20789097
2058,82.32,0.8,-0.9115373,-0.004216589,-1.120661,-0.20994636
2059,82.36,0.8,-0.9548773,-0.04685323,-1.1226792,-0.2119318
2060,82.4,0.8,-0.972297,-0.06399022,-1.1246271,-0.21384802
2061,82.44,0.8,-1.3309698,-0.41684192,-1.1265054,-0.21569583
2062,82.48,0.8,-1.0092024,-0.10029661,-1.1283149,-0.21747601
2063,82.52,0.8,-0.7435069,0.16108674,-1.1300566,-0.21918944
2064,82.56,0.8,-1.1137367,-0.20313446,-1.1317313,-0.22083697
2065,82.6,0.8,-1.6152608,-0.6965191,-1.13334,-0.22241952
2066,82.64,0.8,-1.0567803,-0.14710242,-1.1348835,-0.22393799
2067,82.68,0.8,-0.9317981,-0.024148583,-1.1363629,-0.22539335
2068,82.72,0.8,-1.7462113,-0.82534426,-1.1377791,-0.2267866
2069,82.76,0.8,-1.0493163,-0.13975951,-1.1391332,-0.22811872
2070,82.8,0.8,-0.82852,0.07745337,-1.1404262,-0.22939074
2071,82.84,0.8,-1.2977958,-0.3842063,-1.1416591,-0.23060371
2072,82.88,0.8,-1.1192201,-0.20852885,-1.1428332,-0.2317587
2073,82.92,0.7,-0.99372876,-0.085074134,-1.1439494,-0.23285677
2074,82.96,0.6,-1.2990983,-0.38548765,-1.1450088,-0.23389903
2075,83.0,0.6,-1.5135717,-0.5964803,-1.1460127,-0.2348866
2076,83.04,0.6,-1.0580636,-0.14836489,-1.1469622,-0.23582059
2077,83.08,0.6,-1.3339472,-0.419771,-1.1478583,-0.23670216
2078,83.12,0.6,-0.9441802,-0.036329716,-1.1487021,-0.23753244
2079,83.16,0.6,-1.3990433,-0.48381063,-1.1494952,-0.23831259
2080,83.2,0.6,-0.97029024,-0.062016018,-1.1502385,-0.23904377
2081,83.24,0.6,-1.2222457,-0.30988237,-1.1509331,-0.23972714
2082,83.28,0.6,-0.18944508,0.70615643,-1.1515803,-0.2403639
2083,83.32,0.6,-1.2153008,-0.3030502,-1.1521814,-0.24095517
2084,83.36,0.6,-1.0239569,-0.11481169,-1.1527374,-0.24150217
2085,83.4,0.6,-1.3701571,-0.45539325,-1.1532496,-0.24200603
2086,83.44,0.6,-1.6075848,-0.6889676,-1.1537192,-0.24246795
2087,83.48,0.6,-1.0058162,-0.096965425,-1.1541471,-0.24288906
2088,83.52,0.6,-0.99566966,-0.08698355,-1.1545349,-0.24327053
2089,83.56,0.6,-1.1464931,-0.23535916,-1.1548836,-0.24361351
2090,83.6,0.6,-1.2188175,-0.30650976,-1.1551943,-0.24391915
2091,83.64,0.6,-1.3298811,-0.41577086,-1.1554681,-0.24418856
2092,83.68,0.6,-1.0079621,-0.09907649,-1.1557063,-0.24442288
2093,83.72,0.6,-1.0061804,-0.0973237,-1.15591,-0.24462323
2094,83.76,0.6,-0.5854921,0.31653708,-1.1560802,-0.24479069
2095,83.8,0.6,-1.1737242,-0.26214832,-1.156218,-0.24492635
2096,83.84,0.6,-1.0471164,-0.13759533,-1.1563247,-0.24503128
2097,83.88,0.6,-1.4512495,-0.53516954,-1.1564013,-0.24510656
2098,83.92,0.6,-0.47708285,0.42318684,-1.1564487,-0.24515319
2099,83.96,0.6,-1.1153523,-0.20472376,-1.156468,-0.24517222
2100,84.0,0.6,-1.1213609,-0.21063487,-1.1564603,-0.24516463
2101,84.04,0.6,-1.2672594,-0.35416546,-1.1564265,-0.24513143
2102,84.08,0.6,-1.3568228,-0.44227538,-1.1563678,-0.24507356
2103,84.12,0.6,-1.4763273,-0.5598404,-1.1562848,-0.24499199
2104,84.16,0.6,-0.5898565,0.31224346,-1.1561787,-0.24488765
2105,84.2,0.6,-1.2908341,-0.37735757,-1.1560504,-0.24476144
2106,84.24,0.6,-1.2997359,-0.38611495,-1.1559008,-0.24461426
2107,84.28,0.6,-1.8281355,-0.90593886,-1.1557308,-0.24444698
2108,84.32,0.6,-1.6289108,-0.70994747,-1.1555412,-0.24426046
2109,84.36,0.6,-0.78309226,0.12214384,-1.1553329,-0.24405552
2110,84.4,0.6,-1.725482,-0.80495137,-1.1551067,-0.24383299
2111,84.44,0.6,-1.0469599,-0.13744134,-1.1548634,-0.24359363
2112,84.48,0.6,-0.6385726,0.26431805,-1.1546037,-0.24333823
2113,84.52,0.6,-1.3969284,-0.48173007,-1.1543286,-0.24306752
2114,84.56,0.6,-1.1872191,-0.27542427,-1.1540385,-0.24278219
2115,84.6,0.6,-0.4366396,0.46297377,-1.1537343,-0.24248296
2116,84.64,0.6,-0.688005,0.21568793,-1.1534168,-0.24217045
2117,84.68,0.6,-0.6878748,0.21581596,-1.1530862,-0.2418453
2118,84.72,0.6,-0.9258349,-0.018282153,-1.1527435,-0.2415081
2119,84.76,0.6,-1.4138997,-0.49842587,-1.152389,-0.2411594
2120,84.8,0.6,-0.7462766,0.158362,-1.1520234,-0.24079974
2121,84.84,0.6,-1.5972455,-0.67879605,-1.1516472,-0.24042961
2122,84.88,0.6,-0.8654852,0.04108811,-1.1512607,-0.24004947
2123,84.92,0.6,-1.0118762,-0.10292708,-1.1508646,-0.23965977
2124,84.96,0.6,-1.2623284,-0.3493145,-1.1504592,-0.2392609
2125,85.0,0.6,-0.68122375,0.22235906,-1.1500448,-0.23885323
2126,85.04,0.6,-1.4876046,-0.57093465,-1.1496218,-0.23843712
2127,85.08,0.6,-1.0148449,-0.10584757,-1.1491905,-0.23801288
2128,85.12,0.6,-1.4495325,-0.5334804,-1.1487514,-0.23758079
2129,85.16,0.6,-1.1607068,-0.24934217,-1.1483045,-0.23714113
2130,85.2,0.6,-1.7533156,-0.83233327,-1.14785,-0.23669411
2131,85.24,0.6,-0.52109146,0.3798925,-1.1473883,-0.23623994
2132,85.28,0.6,-1.0931106,-0.18284303,-1.1469196,-0.23577881
2133,85.32,0.6,-1.1006337,-0.19024411,-1.146444,-0.23531087
2134,85.36,0.6,-0.37116027,0.52739036,-1.1459615,-0.23483624
2135,85.4,0.6,-1.2208741,-0.308533,-1.1454724,-0.23435503
2136,85.44,0.6,-0.97086555,-0.062581986,-1.1449766,-0.2338673
2137,85.48,0.6,-0.9639123,-0.055741593,-1.1444743,-0.23337314
2138,85.52,0.6,-1.566432,-0.6484827,-1.1439655,-0.23287255
2139,85.56,0.6,-1.118763,-0.2080791,-1.14345,-0.23236555
2140,85.6,0.6,-1.422724,-0.507107,-1.1429281,-0.23185211
2141,85.64,0.6,-1.424244,-0.5086024,-1.1423997,-0.23133224
2142,85.68,0.6,-1.1761831,-0.26456735,-1.1418647,-0.23080587
2143,85.72,0.6,-1.2560475,-0.34313557,-1.141323,-0.23027293
2144,85.76,0.6,-1.2702336,-0.3570915,-1.1407745,-0.22973335
2145,85.8,0.6,-0.92196965,-0.014479645,-1.1402191,-0.22918703
2146,85.84,0.6,-1.1258954,-0.21509576,-1.1396568,-0.22863387
2147,85.88,0.6,-2.314547,-1.3844563,-1.1390874,-0.22807372
2148,85.92,0.7,-0.7814864,0.12372363,-1.1385108,-0.22750646
2149,85.96,0.7,-0.95864123,-0.050556064,-1.1379268,-0.22693193
2150,86.0,0.7,-0.5346999,0.3665049,-1.1373353,-0.22634996
2151,86.04,0.7,-0.8486041,0.057695232,-1.1367359,-0.22576039
2152,86.08,0.7,-1.1577986,-0.24648127,-1.1361287,-0.22516297
2153,86.12,0.7,-0.86605644,0.040526114,-1.1355132,-0.22455752
2154,86.16,0.7,-1.4649078,-0.54860616,-1.1348894,-0.22394383
2155,86.2,0.7,-1.2956314,-0.38207704,-1.134257,-0.22332163
2156,86.24,0.7,-0.93870795,-0.030946292,-1.1336156,-0.2226907
2157,86.28,0.7,-1.4444777,-0.52850765,-1.1329651,-0.22205076
2158,86.32,0.7,-1.4321536,-0.5163835,-1.1323051,-0.22140154
2159,86.36,0.7,-1.3988076,-0.4835788,-1.1316355,-0.22074276
2160,86.4,0.7,-1.2563893,-0.3434718,-1.1309559,-0.22007415
2161,86.44,0.7,-1.2152647,-0.30301464,-1.130266,-0.2193954
2162,86.48,0.7,-0.46434712,0.4357159,-1.1295654,-0.21870618
2163,86.52,0.7,-1.4495139,-0.5334621,-1.1288538,-0.21800621
2164,86.56,0.7,-0.6235709,0.27907625,-1.128131,-0.21729513
2165,86.6,0.7,-0.88217264,0.024671473,-1.1273966,-0.21657263
2166,86.64,0.7,-1.0669514,-0.1571084,-1.1266502,-0.21583834
2167,86.68,0.6,-0.917131,-0.009719528,-1.1258914,-0.21509193
2168,86.72,0.6,-0.4625811,0.43745327,-1.12512,-0.21433303
2169,86.76,0.6,-1.4072889,-0.4919224,-1.1243355,-0.21356127
2170,86.8,0.6,-0.6387081,0.26418468,-1.1235377,-0.21277626
2171,86.84,0.6,-1.1691328,-0.25763148,-1.1227258,-0.21197765
2172,86.88,0.6,-1.3075395,-0.39379185,-1.1218998,-0.21116504
2173,86.92,0.6,-1.5387377,-0.6212378,-1.1210592,-0.21033806
2174,86.96,0.6,-1.4843038,-0.56768745,-1.1202035,-0.2094963
2175,87.0,0.6,-1.2515565,-0.3387175,-1.1193326,-0.20863941
2176,87.04,0.6,-1.3152511,-0.40137833,-1.1184458,-0.207767
2177,87.08,0.6,-0.63976073,0.26314917,-1.1175427,-0.20687869
2178,87.12,0.6,-1.3554571,-0.44093177,-1.1166233,-0.2059741
2179,87.16,0.6,-1.1294473,-0.21859008,-1.1156868,-0.20505288
2180,87.2,0.6,-1.2376863,-0.32507235,-1.1147331,-0.20411468
2181,87.24,0.6,-1.0491613,-0.13960706,-1.1137618,-0.20315912
2182,87.28,0.6,-1.060724,-0.1509821,-1.1127726,-0.20218588
2183,87.32,0.6,-1.3686523,-0.45391288,-1.1117649,-0.20119463
2184,87.36,0.6,-1.3231341,-0.40913334,-1.1107386,-0.20018502
2185,87.4,0.6,-1.0365088,-0.12715988,-1.1096934,-0.19915675
2186,87.44,0.6,-1.1362911,-0.22532281,-1.1086289,-0.1981095
2187,87.48,0.6,-1.2425528,-0.32985985,-1.1075448,-0.19704297
2188,87.52,0.6,-0.8851875,0.021705545,-1.1064408,-0.19595692
2189,87.56,0.6,-1.0414164,-0.13198784,-1.1053166,-0.19485101
2190,87.6,0.6,-1.0872068,-0.17703512,-1.1041721,-0.19372502
2191,87.64,0.6,-1.0355095,-0.12617676,-1.1030068,-0.1925787
2192,87.68,0.6,-1.0106039,-0.101675406,-1.1018207,-0.19141181
2193,87.72,0.6,-1.1338782,-0.22294906,-1.1006134,-0.19022411
2194,87.76,0.6,-1.1879439,-0.2761373,-1.0993848,-0.18901539
2195,87.8,0.6,-1.2478814,-0.33510202,-1.0981345,-0.18778548
2196,87.84,0.6,-1.5153476,-0.5982274,-1.0968626,-0.18653418
2197,87.88,0.6,-1.3474615,-0.43306592,-1.0955688,-0.18526132
2198,87.92,0.6,-1.1079282,-0.19742014,-1.0942528,-0.18396676
2199,87.96,0.6,-0.8968046,0.0102770105,-1.0929147,-0.18265036
2200,88.0,0.6,-1.0328665,-0.12357667,-1.0915543,-0.18131201
2201,88.04,0.6,-0.8644031,0.042152606,-1.0901715,-0.17995158
2202,88.08,0.6,-0.7892833,0.116053306,-1.088766,-0.178569
2203,88.12,0.6,-1.6742289,-0.75453013,-1.0873381,-0.17716421
2204,88.16,0.6,-0.6050633,0.29728344,-1.0858874,-0.17573713
2205,88.2,0.6,-0.48115242,0.41918337,-1.0844141,-0.17428774
2206,88.24,0.6,-0.9677313,-0.0594986,-1.082918,-0.17281598
2207,88.28,0.6,-1.2975419,-0.3839565,-1.0813993,-0.17132187
2208,88.32,0.6,-1.0681124,-0.15825054,-1.0798578,-0.16980541
2209,88.36,0.6,-0.7489616,0.15572056,-1.0782937,-0.16826662
2210,88.4,0.6,-1.5312536,-0.6138752,-1.0767069,-0.16670556
2211,88.44,0.6,-0.83176947,0.074256636,-1.0750974,-0.16512229
2212,88.48,0.6,-1.0810393,-0.17096768,-1.0734656,-0.16351688
2213,88.52,0.6,-0.315957,0.5816977,-1.0718113,-0.16188946
2214,88.56,0.6,-1.0955344,-0.18522757,-1.0701348,-0.16024016
2215,88.6,0.6,-0.9039805,0.0032175556,-1.0684363,-0.15856913
2216,88.64,0.6,-1.4796209,-0.56308055,-1.0667157,-0.15687656
2217,88.68,0.6,-1.1757932,-0.26418373,-1.0649735,-0.15516265
2218,88.72,0.6,-1.1994218,-0.28742886,-1.0632099,-0.15342763
2219,88.76,0.6,-1.3363659,-0.4221505,-1.0614251,-0.1516718
2220,88.8,0.6,-1.0448022,-0.13531867,-1.0596194,-0.14989541
2221,88.84,0.6,-1.4349995,-0.5191833,-1.0577933,-0.14809886
2222,88.88,0.6,-1.1713706,-0.25983295,-1.0559468,-0.14628246
2223,88.92,0.6,-1.2000232,-0.2880205,-1.0540807,-0.14444666
2224,88.96,0.6,-1.414987,-0.49949554,-1.0521953,-0.14259185
2225,89.0,0.6,-1.5346339,-0.6172006,-1.0502912,-0.14071853
2226,89.04,0.6,-1.419587,-0.5040209,-1.0483686,-0.1388272
2227,89.08,0.6,-0.68225765,0.22134197,-1.0464283,-0.13691844
2228,89.12,0.6,-1.4987768,-0.5819255,-1.0444709,-0.1349928
2229,89.16,0.6,-0.90689874,0.00034667552,-1.042497,-0.13305089
2230,89.2,0.6,-0.6693459,0.23404416,-1.0405072,-0.13109337
2231,89.24,0.7,-0.8427894,0.06341555,-1.0385022,-0.12912095
2232,89.28,0.7,-0.99299634,-0.084353596,-1.0364828,-0.12713432
2233,89.32,0.8,-1.401541,-0.48626778,-1.0344497,-0.12513424
2234,89.36,0.8,-1.6937494,-0.77373385,-1.0324038,-0.123121515
2235,89.4,0.8,-0.83241737,0.073619254,-1.0303458,-0.12109693
2236,89.44,0.8,-0.5941169,0.3080522,-1.0282767,-0.11906136
2237,89.48,0.8,-1.0848178,-0.17468482,-1.0261972,-0.11701566
2238,89.52,0.8,-1.3230807,-0.4090808,-1.0241084,-0.11496076
2239,89.56,0.8,-1.8261378,-0.9039736,-1.0220112,-0.11289758
2240,89.6,0.8,-1.4172393,-0.50171137,-1.0199066,-0.1108271
2241,89.64,0.8,-0.9856026,-0.07707988,-1.0177956,-0.10875031
2242,89.68,0.8,-0.7656396,0.13931325,-1.0156791,-0.106668234
2243,89.72,0.8,-0.4007452,0.4982856,-1.0135584,-0.1045819
2244,89.76,0.8,-0.6679206,0.23544633,-1.0114343,-0.102492385
2245,89.8,0.8,-1.203481,-0.29142216,-1.0093082,-0.10040077
2246,89.84,0.8,-1.1160003,-0.20536128,-1.007181,-0.09830816
2247,89.88,0.8,-1.3065674,-0.3928356,-1.0050541,-0.09621568
2248,89.92,0.8,-1.3362304,-0.42201716,-1.0029284,-0.094124466
2249,89.96,0.8,-0.8243533,0.08155247,-1.0008051,-0.09203568
2250,90.0,0.8,-1.2823015,-0.36896354,-0.99868554,-0.08995049
2251,90.04,0.8,-1.1174426,-0.20678018,-0.9965708,-0.08787007
2252,90.08,0.8,-1.634573,-0.71551776,-0.99446213,-0.085795626
2253,90.12,0.8,-0.85246146,0.053900473,-0.9923608,-0.08372835
2254,90.16,0.8,-1.4183023,-0.5027571,-0.99026793,-0.08166946
2255,90.2,0.8,-1.1223295,-0.21158773,-0.9881848,-0.07962017
2256,90.24,0.8,-0.7138939,0.19021916,-0.9861127,-0.07758169
2257,90.28,0.8,-1.2384318,-0.32580578,-0.98405284,-0.07555525
2258,90.32,0.8,-0.9923295,-0.08369757,-0.98200643,-0.07354204
2259,90.36,0.8,-0.11056399,0.7837573,-0.9799747,-0.07154329
2260,90.4,0.8,-0.948354,-0.04043579,-0.97795886,-0.06956019
2261,90.44,0.8,-0.88428164,0.02259671,-0.9759602,-0.06759392
2262,90.48,0.8,-0.997492,-0.08877632,-0.9739798,-0.06564566
2263,90.52,0.8,-1.1328156,-0.22190367,-0.97201884,-0.06371655
2264,90.56,0.8,-0.5939252,0.30824083,-0.9700785,-0.06180775
2265,90.6,0.8,-1.1152655,-0.20463839,-0.96816003,-0.059920367
2266,90.64,0.8,-0.8240145,0.08188576,-0.96626437,-0.05805549
2267,90.68,0.8,-0.33335316,0.5645839,-0.9643927,-0.056214195
2268,90.72,0.8,-0.9230471,-0.015539631,-0.96254605,-0.054397523
2269,90.76,0.8,-1.4446452,-0.5286724,-0.9607255,-0.05260649
2270,90.8,0.8,-1.1431291,-0.2320498,-0.958932,-0.050842084
2271,90.84,0.8,-1.9897065,-1.0648876,-0.9571665,-0.04910526
2272,90.88,0.8,-0.442648,0.4570629,-0.95543,-0.04739694
2273,90.92,0.8,-0.5243547,0.37668222,-0.9537234,-0.045718014
2274,90.96,0.8,-1.0752236,-0.16524632,-0.95204747,-0.04406933
2275,91.0,0.8,-1.0395517,-0.13015343,-0.95040315,-0.042451706
2276,91.04,0.8,-0.07327062,0.8204455,-0.9487912,-0.040865906
2277,91.08,0.8,-0.8493685,0.056943215,-0.94721234,-0.03931266
2278,91.12,0.8,-0.66099584,0.2422587,-0.94566727,-0.037792653
2279,91.16,0.8,-1.1916881,-0.27982065,-0.9441566,-0.03630652
2280,91.2,0.8,-1.0301476,-0.120901875,-0.942681,-0.034854844
2281,91.24,0.8,-0.3082738,0.5892562,-0.94124097,-0.033438172
2282,91.28,0.8,-0.45994037,0.44005114,-0.939837,-0.032056987
2283,91.32,0.8,0.00079226494,0.8933064,-0.9384695,-0.030711733
2284,91.36,0.8,-0.6811545,0.22242722,-0.937139,-0.02940279
2285,91.4,0.8,-0.62781644,0.2748996,-0.93584573,-0.028130496
2286,91.44,0.8,-0.87902534,0.02776771,-0.93459,-0.026895134
2287,91.48,0.8,-1.254996,-0.3421011,-0.933372,-0.025696935
2288,91.52,0.8,-1.1525428,-0.24131075,-0.932192,-0.024536086
2289,91.56,0.8,-0.31277955,0.5848236,-0.9310501,-0.023412721
2290,91.6,0.8,-0.95355135,-0.04554879,-0.9299464,-0.022326928
2291,91.64,0.8,-0.61064875,0.2917887,-0.92888093,-0.02127875
2292,91.68,0.8,-1.2133946,-0.30117494,-0.9278537,-0.020268183
2293,91.72,0.8,-0.88329256,0.02356974,-0.9268646,-0.01929518
2294,91.76,0.8,-0.98013854,-0.07170448,-0.9259137,-0.018359656
2295,91.8,0.8,-0.7403137,0.16422811,-0.92500067,-0.017461477
2296,91.84,0.8,-0.5520116,0.3494742,-0.9241255,-0.016600477
2297,91.88,0.8,-1.2297729,-0.31728745,-0.92328787,-0.01577645
2298,91.92,0.8,-1.0667328,-0.15689333,-0.92248756,-0.014989151
2299,91.96,0.8,-1.3906875,-0.4755904,-0.9217243,-0.014238303
2300,92.0,0.8,-0.6635674,0.23972887,-0.92099786,-0.013523596
2301,92.04,0.8,-0.63396525,0.2688506,-0.92030776,-0.012844687
2302,92.08,0.8,-0.89017546,0.016798548,-0.91965365,-0.012201203
2303,92.12,0.8,-0.6792732,0.224278,-0.91903514,-0.011592742
2304,92.16,0.8,-0.8417806,0.06440798,-0.9184518,-0.011018874
2305,92.2,0.8,-1.2640629,-0.35102087,-0.9179032,-0.010479142
2306,92.24,0.8,-0.91932666,-0.011879556,-0.91738874,-0.009973066
2307,92.28,0.8,-1.1260843,-0.21528164,-0.916908,-0.009500142
2308,92.32,0.8,-1.5659649,-0.6480232,-0.91646045,-0.009059846
2309,92.36,0.8,-0.83103013,0.07498398,-0.9160455,-0.008651633
2310,92.4,0.8,-0.5518416,0.3496414,-0.9156626,-0.00827494
2311,92.44,0.8,-0.79705393,0.10840876,-0.91531116,-0.007929185
2312,92.48,0.8,-0.82034457,0.08549612,-0.91499054,-0.0076137725
2313,92.52,0.8,-1.2805731,-0.36726317,-0.9147001,-0.0073280875
2314,92.56,0.8,-1.692792,-0.772792,-0.9144393,-0.0070715034
2315,92.6,0.8,-1.7357364,-0.81503934,-0.9142074,-0.006843379
2316,92.64,0.8,-0.54054046,0.36075914,-0.9140038,-0.006643059
2317,92.68,0.8,-0.22848874,0.6677465,-0.9138278,-0.0064698798
2318,92.72,0.8,-1.4028419,-0.4875476,-0.9136786,-0.006323161
2319,92.76,0.8,-0.707478,0.19653094,-0.9135557,-0.0062022125
2320,92.8,0.8,-0.9746949,-0.06634919,-0.9134582,-0.006106331
2321,92.84,0.8,-0.992639,-0.08400207,-0.9133855,-0.006034801
2322,92.88,0.8,-0.724336,0.17994648,-0.9133368,-0.005986895
2323,92.92,0.8,-1.1568542,-0.2455521,-0.91331136,-0.005961874
2324,92.96,0.8,-0.5695654,0.33220524,-0.91330844,-0.005958987
2325,93.0,0.8,-1.2203159,-0.30798393,-0.9133272,-0.005977471
2326,93.04,0.8,-0.93847257,-0.030714728,-0.913367,-0.006016552
2327,93.08,0.8,-0.8821026,0.024740376,-0.9134268,-0.006075445
2328,93.12,0.8,-0.8013576,0.10417492,-0.91350603,-0.006153354
2329,93.16,0.8,-0.27310848,0.6238508,-0.9136037,-0.00624947
2330,93.2,0.8,-1.4907616,-0.5740405,-0.91371906,-0.0063629756
2331,93.24,0.8,-0.48006397,0.4202541,-0.9138513,-0.006493041
2332,93.28,0.8,-1.1666278,-0.25516707,-0.9139995,-0.0066388263
2333,93.32,0.8,-1.1095252,-0.19899127,-0.9141628,-0.006799483
2334,93.36,0.8,-1.2096462,-0.29748738,-0.9143403,-0.0069741528
2335,93.4,0.8,-0.4321769,0.467364,-0.91453123,-0.007161967
2336,93.44,0.8,-0.7889675,0.11636395,-0.91473466,-0.0073620495
2337,93.48,0.8,-1.2828503,-0.36950335,-0.9149496,-0.007573515
2338,93.52,0.8,-0.8365588,0.06954501,-0.9151752,-0.007795471
2339,93.56,0.8,-0.66909194,0.234294,-0.9154106,-0.008027015
2340,93.6,0.8,-0.77722514,0.12791574,-0.9156548,-0.00826724
2341,93.64,0.8,-0.76678413,0.13818729,-0.91590685,-0.008515227
2342,93.68,0.8,-0.7114068,0.19266587,-0.9161659,-0.008770054
2343,93.72,0.8,-1.0738349,-0.1638802,-0.9164309,-0.009030791
2344,93.76,0.8,-0.3754055,0.5232141,-0.916701,-0.009296505
2345,93.8,0.8,-0.26002252,0.6367244,-0.9169752,-0.009566253
2346,93.84,0.8,-0.6321795,0.27060738,-0.91725254,-0.009839093
2347,93.88,0.8,-1.4168893,-0.50136703,-0.9175321,-0.01011408
2348,93.92,0.8,-0.8159446,0.08982467,-0.9178128,-0.010390266
2349,93.96,0.8,-0.768221,0.13677374,-0.9180938,-0.010666707
2350,94.0,0.8,-0.9851123,-0.07659753,-0.9183741,-0.01094246
2351,94.04,0.8,-1.1924454,-0.2805657,-0.9186528,-0.011216589
2352,94.08,0.8,-0.48737574,0.41306102,-0.9189288,-0.011488163
2353,94.12,0.8,-1.287823,-0.37439534,-0.9192013,-0.011756261
2354,94.16,0.8,-0.8997258,0.0074032024,-0.9194694,-0.012019972
2355,94.2,0.8,-0.69743204,0.20641384,-0.9197321,-0.012278397
2356,94.24,0.8,-0.83876723,0.067372434,-0.9199885,-0.012530652
2357,94.28,0.8,-1.351167,-0.4367113,-0.9202378,-0.012775867
2358,94.32,0.8,-0.29130322,0.6059514,-0.920479,-0.013013193
2359,94.36,0.8,-0.545611,0.3557709,-0.9207114,-0.013241799
2360,94.4,0.8,-1.3758857,-0.46102887,-0.9209341,-0.013460874
2361,94.44,0.8,-1.5909362,-0.6725892,-0.9211463,-0.013669632
2362,94.48,0.8,-1.1145679,-0.20395209,-0.9213472,-0.013867314
2363,94.52,0.8,-0.98804337,-0.07948102,-0.92153615,-0.014053187
2364,94.56,0.8,-1.5670319,-0.6490728,-0.9217124,-0.014226549
2365,94.6,0.8,-0.5649142,0.33678097,-0.9218752,-0.0143867275
2366,94.64,0.8,-1.6857402,-0.7658546,-0.92202395,-0.014533081
2367,94.68,0.8,-1.9140421,-0.9904512,-0.92215806,-0.014665004
2368,94.72,0.8,-1.3253102,-0.41127422,-0.9222769,-0.01478192
2369,94.76,0.8,-1.06363,-0.1538409,-0.92238,-0.01488329
2370,94.8,0.8,-1.3204324,-0.40647557,-0.9224667,-0.014968606
2371,94.84,0.8,-0.71841246,0.18577391,-0.9225366,-0.01503739
2372,94.88,0.8,-0.7327353,0.17168355,-0.92258924,-0.015089199
2373,94.92,0.8,-0.04271531,0.8505049,-0.92262423,-0.015123615
2374,94.96,0.8,-0.9229547,-0.015448682,-0.92264116,-0.015140252
2375,95.0,0.8,-0.88689196,0.020028763,-0.9226396,-0.015138748
2376,95.04,0.8,-1.3767816,-0.4619102,-0.92261934,-0.01511877
2377,95.08,0.8,-1.632477,-0.71345586,-0.92257994,-0.015080008
2378,95.12,0.8,-0.5232048,0.37781346,-0.9225211,-0.015022179
2379,95.16,0.8,-0.6281504,0.27457106,-0.92244273,-0.014945026
2380,95.2,0.8,-1.1091138,-0.19858655,-0.9223444,-0.01484831
2381,95.24,0.8,-0.020626366,0.87223524,-0.922226,-0.014731821
2382,95.28,0.8,-0.6955137,0.20830101,-0.9220873,-0.014595365
2383,95.32,0.8,-0.8200573,0.085778736,-0.9219281,-0.0144387735
2384,95.36,0.8,-0.9206021,-0.013134271,-0.92174834,-0.014261895
2385,95.4,0.8,-1.461297,-0.545054,-0.9215478,-0.014064599
2386,95.44,0.8,-1.0768636,-0.16685979,-0.92132634,-0.0138467755
2387,95.48,0.8,-0.04685819,0.84642917,-0.921084,-0.013608337
2388,95.52,0.8,-0.7558699,0.14892438,-0.9208206,-0.013349215
2389,95.56,0.8,-0.83664536,0.06945988,-0.9205361,-0.013069359
2390,95.6,0.8,-1.8221679,-0.9000681,-0.9202305,-0.012768743
2391,95.64,0.9,-0.7576959,0.14712802,-0.9199038,-0.012447358
2392,95.68,0.9,-1.0035778,-0.09476336,-0.9195561,-0.012105219
2393,95.72,0.9,-1.4429306,-0.52698565,-0.9191872,-0.011742361
2394,95.76,0.9,-0.58004826,0.32189256,-0.9187974,-0.0113588385
2395,95.8,0.9,-0.21142381,0.6845344,-0.9183866,-0.010954728
2396,95.84,0.9,-1.7980406,-0.8763324,-0.917955,-0.010530126
2397,95.88,1.0,-1.351212,-0.4367556,-0.91750264,-0.01008515
2398,95.92,1.0,-0.49208122,0.4084319,-0.9170298,-0.0096199345
2399,95.96,1.0,-1.1299443,-0.21907899,-0.91653645,-0.009134635
2400,96.0,1.0,-1.0392525,-0.12985907,-0.9160229,-0.008629426
2401,96.04,1.0,-0.5718642,0.32994378,-0.9154893,-0.008104499
2402,96.08,1.0,-1.1744717,-0.26288375,-0.91493595,-0.007560064
2403,96.12,1.0,-0.77574754,0.12936935,-0.9143629,-0.006996346
2404,96.16,1.0,-0.5943968,0.30777684,-0.91377056,-0.006413586
2405,96.2,1.0,-0.96645886,-0.05824681,-0.9131591,-0.0058120415
2406,96.24,0.9,-0.5000938,0.40054935,-0.91252875,-0.0051919827
2407,96.28,0.9,-0.6405793,0.2623439,-0.91187996,-0.004553696
2408,96.32,0.8,-0.6737814,0.22968066,-0.9112129,-0.00389748
2409,96.36,0.8,-0.77439356,0.13070136,-0.91052794,-0.003223648
2410,96.4,0.8,-0.49401826,0.40652633,-0.90982544,-0.0025325273
2411,96.44,0.8,-1.3448431,-0.4304901,-0.9091057,-0.0018244601
2412,96.48,0.8,-1.5219175,-0.6046906,-0.90836906,-0.0010998029
2413,96.52,0.8,-0.65008736,0.25299016,-0.90761596,-0.00035892884
2414,96.56,0.8,-0.85218555,0.054171897,-0.9068468,0.00039777302
2415,96.6,0.8,-0.9086169,-0.0013436005,-0.90606195,0.0011698969
2416,96.64,0.8,-1.3532704,-0.4387806,-0.9052618,0.00195702
2417,96.68,0.8,-0.95394653,-0.045937553,-0.9044469,0.0027587027
2418,96.72,0.8,-1.024483,-0.11532922,-0.9036177,0.0035744878
2419,96.76,0.8,-0.51557577,0.3853187,-0.9027746,0.004403901
2420,96.8,0.8,-0.5205944,0.38038146,-0.9019181,0.00524645
2421,96.84,0.8,-0.59797543,0.30425632,-0.90104884,0.0061016283
2422,96.88,0.8,-0.75687826,0.14793241,-0.9001673,0.006968908
2423,96.92,0.8,-0.20823568,0.68767077,-0.89927393,0.007847747
2424,96.96,0.8,-1.2714075,-0.3582463,-0.89836943,0.008737583
2425,97.0,0.8,-1.2635524,-0.3505187,-0.8974543,0.009637835
2426,97.04,0.8,-0.9514414,-0.043473087,-0.8965292,0.010547903
2427,97.08,0.8,-1.6856326,-0.76574874,-0.8955948,0.0114671625
2428,97.12,0.8,-1.7102945,-0.79001033,-0.8946517,0.012394969
2429,97.16,0.8,-1.2354496,-0.32287192,-0.89370054,0.013330656
2430,97.2,0.8,-1.085119,-0.17498118,-0.89274216,0.014273531
2431,97.24,0.8,-1.0007651,-0.09199627,-0.8917771,0.015222883
2432,97.28,0.8,-0.93951905,-0.03174422,-0.89080626,0.016177977
2433,97.32,0.8,-1.5989283,-0.68045163,-0.88983035,0.017138056
2434,97.36,0.8,-1.267183,-0.3540903,-0.88885015,0.018102352
2435,97.4,0.8,-0.5762864,0.32559338,-0.88786644,0.019070074
2436,97.44,0.8,-0.4500661,0.44976515,-0.8868801,0.020040413
2437,97.48,0.8,0.056256175,0.94787,-0.8858919,0.021012558
2438,97.52,0.8,-0.9909073,-0.08229848,-0.8849028,0.021985672
2439,97.56,0.8,-0.9075104,-0.00025505573,-0.88391346,0.022958923
2440,97.6,0.8,-0.6148232,0.28768197,-0.88292485,0.023931462
2441,97.64,0.8,-1.2172406,-0.30495846,-0.88193786,0.024902433
2442,97.68,0.8,-0.4976387,0.40296465,-0.8809534,0.025870979
2443,97.72,0.8,-0.9062027,0.0010314435,-0.87997216,0.026836231
2444,97.76,0.8,-0.44625324,0.4535162,-0.87899524,0.02779732
2445,97.8,0.8,-1.4010944,-0.48582846,-0.8780234,0.028753372
2446,97.84,0.8,-0.83134294,0.07467624,-0.8770576,0.029703509
2447,97.88,0.8,-1.4063056,-0.49095502,-0.8760987,0.03064685
2448,97.92,0.8,-0.38220036,0.51652944,-0.8751476,0.031582512
2449,97.96,0.8,-0.76687527,0.13809764,-0.87420523,0.03250961
2450,98.0,0.8,-1.1262536,-0.21544817,-0.8732724,0.033427265
2451,98.04,0.8,-1.5520717,-0.6343554,-0.8723501,0.03433459
2452,98.08,0.8,-0.6220747,0.28054816,-0.8714392,0.0352307
2453,98.12,0.8,-0.1650551,0.7301506,-0.8705406,0.03611472
2454,98.16,0.8,-0.3321246,0.56579256,-0.8696552,0.03698577
2455,98.2,0.8,-1.1248493,-0.21406668,-0.86878383,0.03784298
2456,98.24,0.8,-1.2737229,-0.3605241,-0.86792743,0.038685486
2457,98.28,0.8,-0.9844737,-0.075969286,-0.8670869,0.039512426
2458,98.32,0.8,-1.1568198,-0.2455183,-0.866263,0.040322945
2459,98.36,0.8,-1.0900469,-0.17982906,-0.86545664,0.0411162
2460,98.4,0.8,-1.0938241,-0.18354502,-0.8646687,0.041891348
2461,98.44,0.8,-1.6834385,-0.7635903,-0.8639,0.04264756
2462,98.48,0.8,-0.8613244,0.04518134,-0.86315143,0.043384016
2463,98.52,0.7,-1.1630508,-0.25164813,-0.8624237,0.04409991
2464,98.56,0.7,-0.7751405,0.12996653,-0.8617177,0.044794448
2465,98.6,0.7,-1.0412748,-0.13184851,-0.8610342,0.04546686
2466,98.64,0.7,-0.98656553,-0.07802716,-0.860374,0.046116382
2467,98.68,0.7,-0.32738036,0.5704598,-0.85973775,0.04674228
2468,98.72,0.7,-0.6079812,0.29441294,-0.85912627,0.047343846
2469,98.76,0.7,-0.7039006,0.2000503,-0.8585402,0.0479204
2470,98.8,0.7,-0.554143,0.34737736,-0.8579802,0.04847128
2471,98.84,0.7,-0.29182822,0.6054349,-0.85744697,0.04899587
2472,98.88,0.8,-0.19493723,0.70075345,-0.85694104,0.049493577
2473,98.92,0.8,-0.97760534,-0.06921239,-0.856463,0.04996385
2474,98.96,0.8,-0.27036095,0.62655383,-0.8560134,0.050406173
2475,99.0,0.8,-0.7161628,0.18798706,-0.85559267,0.05082006
2476,99.04,0.8,-0.27593976,0.62106556,-0.8552013,0.05120507
2477,99.08,0.8,-1.0751292,-0.16515344,-0.85483974,0.051560797
2478,99.12,0.8,-0.45087707,0.44896734,-0.8545083,0.05188687
2479,99.16,0.8,-1.1274626,-0.21663757,-0.8542073,0.052182965
2480,99.2,0.8,-0.23571509,0.6606374,-0.8539371,0.05244878
2481,99.24,0.8,-1.1597811,-0.24843153,-0.85369796,0.052684054
2482,99.28,0.8,-0.9352106,-0.02750568,-0.85349005,0.05288857
2483,99.32,0.8,-1.2052335,-0.29314622,-0.8533136,0.053062133
2484,99.36,0.8,-0.41957974,0.47975677,-0.85316885,0.053204585
2485,99.4,0.8,-0.43600106,0.46360195,-0.8530558,0.053315807
2486,99.44,0.8,-0.93862486,-0.030864544,-0.85297453,0.053395703
2487,99.48,0.8,-0.22537899,0.6708057,-0.85292524,0.053444214
2488,99.52,0.8,-0.7253417,0.17895716,-0.85290784,0.05346131
2489,99.56,0.8,-1.381755,-0.4668029,-0.85292244,0.053446986
2490,99.6,0.8,-0.98871213,-0.08013893,-0.8529689,0.05340127
2491,99.64,0.8,-1.4337223,-0.51792675,-0.85304725,0.05332421
2492,99.68,0.8,-0.8920422,0.014962085,-0.85315734,0.053215884
2493,99.72,0.8,-0.6952418,0.20856851,-0.85329914,0.05307639
2494,99.76,0.8,-0.21754384,0.6785137,-0.8534725,0.052905843
2495,99.8,0.8,-1.1993183,-0.28732705,-0.8536773,0.05270439
2496,99.84,0.8,-0.5610217,0.34061033,-0.8539133,0.052472193
2497,99.88,0.8,-1.5761329,-0.65802616,-0.8541804,0.052209433
2498,99.92,0.8,-1.2599784,-0.3470027,-0.85447836,0.051916305
2499,99.96,0.8,-1.1277747,-0.2169446,-0.85480696,0.05159303
2500,100.0,0.8,-1.1049862,-0.19452593,-0.85516596,0.051239848
2501,100.04,0.8,-1.3064575,-0.39272746,-0.8555551,0.050856996
2502,100.08,0.8,-0.9167592,-0.009353749,-0.8559742,0.05044475
2503,100.12,0.8,-0.6941662,0.2096267,-0.85642284,0.050003387
2504,100.16,0.8,-0.37958395,0.5191034,-0.85690075,0.049533207
2505,100.2,0.8,-1.0138918,-0.10490996,-0.8574077,0.04903453
2506,100.24,0.8,-1.3068548,-0.39311832,-0.85794324,0.048507687
2507,100.28,0.8,-0.9111841,-0.0038691163,-0.85850704,0.047953032
2508,100.32,0.8,-0.55119145,0.35028103,-0.85909873,0.04737094
2509,100.36,0.8,-0.59459335,0.3075835,-0.8597179,0.046761796
2510,100.4,0.8,-0.32295322,0.57481503,-0.8603642,0.046126015
2511,100.44,0.8,-0.5008017,0.399853,-0.8610371,0.045464028
2512,100.48,0.8,-1.3176476,-0.4037359,-0.8617362,0.04477628
2513,100.52,0.8,-0.9877846,-0.07922647,-0.862461,0.044063248
2514,100.56,0.8,-0.34446108,0.5536562,-0.863211,0.043325417
2515,100.6,0.8,-0.59558034,0.30661252,-0.86398566,0.0425633
2516,100.64,0.8,-1.2960854,-0.38252363,-0.8647845,0.041777425
2517,100.68,0.8,-1.3550801,-0.44056097,-0.8656069,0.04096834
2518,100.72,0.8,-1.700598,-0.7804712,-0.8664524,0.040136606
2519,100.76,0.8,-0.47196376,0.4282229,-0.86732024,0.03928281
2520,100.8,0.8,-0.37949538,0.51919055,-0.86820996,0.03840755
2521,100.84,0.8,-0.17167163,0.7236414,-0.86912084,0.037511438
2522,100.88,0.8,-0.9614641,-0.053333126,-0.8700523,0.03659512
2523,100.92,0.8,-1.0387855,-0.12939958,-0.8710036,0.035659242
2524,100.96,0.8,-1.0767221,-0.16672058,-0.8719741,0.03470448
2525,101.0,0.8,-0.8514027,0.054942034,-0.87296313,0.03373152
2526,101.04,0.8,-1.1087537,-0.19823226,-0.8739699,0.032741066
2527,101.08,0.7,-0.12657875,0.7680025,-0.87499374,0.031733844
2528,101.12,0.6,-1.2438265,-0.33111292,-0.8760339,0.03071059
2529,101.16,0.5,-1.1572919,-0.24598274,-0.87708956,0.029672056
2530,101.2,0.3,-0.16155308,0.7335957,-0.87816,0.028619012
2531,101.24,0.3,-0.26476538,0.6320585,-0.8792444,0.027552243
2532,101.28,0.3,-0.3619725,0.53642905,-0.8803419,0.026472544
2533,101.32,0.3,-0.8570523,0.049384095,-0.88145167,0.02538073
2534,101.36,0.3,-1.2254455,-0.31303024,-0.882573,0.024277624
2535,101.4,0.3,-0.7538668,0.150895,-0.88370496,0.023164056
2536,101.44,0.3,-0.9866557,-0.07811588,-0.8848466,0.022040876
2537,101.48,0.3,-0.6890414,0.21466833,-0.8859973,0.020908928
2538,101.52,0.3,-1.1616695,-0.2502893,-0.88715595,0.019769069
2539,101.56,0.4,-0.68335044,0.22026691,-0.88832176,0.018622158
2540,101.6,0.5,-1.1637994,-0.25238463,-0.8894939,0.017469056
2541,101.64,0.6,-0.79970586,0.10579986,-0.89067143,0.016310621
2542,101.68,0.6,-0.7730438,0.1320292,-0.8918535,0.015147718
2543,101.72,0.6,-1.3753539,-0.46050572,-0.8930393,0.013981199
2544,101.76,0.6,-1.1706811,-0.25915465,-0.89422786,0.012811917
2545,101.8,0.6,-1.8527381,-0.9301422,-0.8954184,0.011640719
2546,101.84,0.6,-0.985651,-0.077127494,-0.89661,0.010468443
2547,101.88,0.6,-0.8471312,0.05914422,-0.8978019,0.009295919
2548,101.92,0.6,-0.94798005,-0.040067904,-0.89899313,0.0081239715
2549,101.96,0.6,-1.1496212,-0.23843658,-0.900183,0.006953413
2550,102.0,0.6,-0.54354835,0.3578001,-0.90137064,0.0057850494
2551,102.04,0.5,-1.1347463,-0.22380304,-0.9025552,0.0046196785
2552,102.08,0.3,-0.60429233,0.29804194,-0.903736,0.0034580883
2553,102.12,0.1,-0.38708663,0.5117225,-0.9049121,0.0023010597
2554,102.16,0.0,-0.9827322,-0.074256025,-0.9060828,0.0011493646
2555,102.2,0.0,-0.6367714,0.26609,-0.9072473,3.7670445e-06
2556,102.24,0.0,-0.98109937,-0.07264972,-0.9084048,-0.0011349787
2557,102.28,0.0,-0.9853393,-0.07682082,-0.90955466,-0.0022661278
2558,102.32,0.0,-0.22607416,0.67012185,-0.91069597,-0.0033889455
2559,102.36,0.0,-1.1137493,-0.20314679,-0.9118281,-0.0045027086
2560,102.4,0.0,-1.2686212,-0.35550523,-0.91295034,-0.0056067053
2561,102.44,0.0,-1.5918038,-0.6734427,-0.9140619,-0.0067002377
2562,102.48,0.0,-1.2876719,-0.37424675,-0.91516215,-0.007782622
2563,102.52,0.0,-1.1743765,-0.26279005,-0.91625035,-0.008853187
2564,102.56,0.0,-0.8258932,0.08003751,-0.9173259,-0.009911279
2565,102.6,0.0,-1.1260571,-0.2152549,-0.9183881,-0.0109562585
2566,102.64,0.0,-0.96619266,-0.057984937,-0.9194364,-0.0119875
2567,102.68,0.0,-0.011667371,0.8810489,-0.92047006,-0.013004392
2568,102.72,0.0,-0.77848995,0.12667146,-0.9214885,-0.014006337
2569,102.76,0.0,-1.1540469,-0.2427904,-0.92249125,-0.014992752
2570,102.8,0.0,-1.223352,-0.31097066,-0.92347753,-0.015963066
2571,102.84,0.0,-1.0730875,-0.16314489,-0.92444694,-0.016916722
2572,102.88,0.0,-1.0271169,-0.1179204,-0.9253988,-0.017853178
2573,102.92,-0.2,-1.5218129,-0.60458773,-0.9263327,-0.018771904
2574,102.96,-0.3,-0.46650332,0.4335947,-0.92724806,-0.019672384
2575,103.0,-0.3,-1.060575,-0.15083551,-0.92814434,-0.020554116
2576,103.04,-0.3,-1.0480027,-0.13846725,-0.92902106,-0.02141661
2577,103.08,0.0,-1.0427102,-0.13326062,-0.92987776,-0.022259386
2578,103.12,0.0,-0.3860501,0.5127422,-0.9307139,-0.02308198
2579,103.16,0.0,-1.1220165,-0.21127988,-0.9315291,-0.023883933
2580,103.2,0.0,-0.9335246,-0.02584707,-0.93232286,-0.0246648
2581,103.24,0.0,-1.2900963,-0.37663177,-0.9330947,-0.025424143
2582,103.28,0.0,-0.16789043,0.72736126,-0.93384427,-0.026161537
2583,103.32,0.0,-1.1448591,-0.23375168,-0.9345711,-0.026876558
2584,103.36,-0.3,-1.1436346,-0.23254704,-0.9352747,-0.027568799
2585,103.4,-0.3,-0.74778175,0.15688127,-0.9359548,-0.028237853
2586,103.44,-0.3,-0.601012,0.30126902,-0.93661094,-0.028883325
2587,103.48,-0.3,-0.58769614,0.31436878,-0.9372427,-0.029504826
2588,103.52,-0.3,-0.9878006,-0.079242185,-0.9378497,-0.030101974
2589,103.56,-0.3,-1.2453012,-0.33256373,-0.93843156,-0.03067439
2590,103.6,-0.3,-0.53063905,0.37049988,-0.9389879,-0.03122171
2591,103.64,-0.4,-0.31534594,0.5822989,-0.9395184,-0.03174357
2592,103.68,-0.5,-1.0525904,-0.14298046,-0.9400226,-0.032239616
2593,103.72,-0.5,-0.9916286,-0.08300805,-0.94050026,-0.0327095
2594,103.76,-0.5,-0.8563782,0.050047286,-0.94095093,-0.03315289
2595,103.8,-0.5,-0.8547837,0.0516159,-0.94137436,-0.03356945
2596,103.84,-0.5,-0.7826989,0.122530796,-0.94177026,-0.03395887
2597,103.88,-0.5,-1.2649063,-0.3518506,-0.9421382,-0.03432084
2598,103.92,-0.5,-0.89884996,0.008264817,-0.94247794,-0.034655064
2599,103.96,-0.5,-0.3222413,0.5755154,-0.94278914,-0.034961265
2600,104.0,-0.5,-0.35584044,0.54246163,-0.94307166,-0.035239175
2601,104.04,-0.5,-0.9458476,-0.037970036,-0.94332516,-0.035488546
2602,104.08,-0.5,-1.7779864,-0.8566037,-0.9435494,-0.03570914
2603,104.12,0.0,-1.348877,-0.43445843,-0.9437441,-0.03590074
2604,104.16,0.0,-1.5893722,-0.67105055,-0.9439092,-0.036063153
2605,104.2,0.0,-0.68003625,0.22352731,-0.9440445,-0.03619621
2606,104.24,0.0,-0.7703144,0.13471434,-0.94414973,-0.03629975
2607,104.28,0.0,-1.2009081,-0.28889105,-0.94422483,-0.03637365
2608,104.32,0.0,-0.42346478,0.47593474,-0.9442697,-0.036417805
2609,104.36,0.0,-0.86854136,0.038081534,-0.9442843,-0.03643213
2610,104.4,0.0,-1.7767346,-0.8553722,-0.94426847,-0.03641657
2611,104.44,0.0,-0.8631513,0.043384112,-0.9442223,-0.0363711
2612,104.48,0.0,-1.2221313,-0.30976978,-0.9441456,-0.036295705
2613,104.52,0.3,-1.4784799,-0.56195796,-0.94403857,-0.03619041
2614,104.56,0.7,-0.724623,0.17966413,-0.94390124,-0.036055267
2615,104.6,1.0,-1.1579893,-0.24666879,-0.9437336,-0.03589034
2616,104.64,1.0,-0.72724986,0.17707995,-0.94353575,-0.03569574
2617,104.68,1.0,-1.2608812,-0.34789082,-0.9433079,-0.035471585
2618,104.72,1.0,-1.3204821,-0.40652448,-0.94305015,-0.035218034
2619,104.76,0.9,-1.406305,-0.4909544,-0.94276273,-0.03493526
2620,104.8,0.5,-0.9140599,-0.0066982433,-0.9424458,-0.03462346
2621,104.84,0.5,-0.8114958,0.09420129,-0.9420996,-0.03428286
2622,104.88,0.5,-1.4052476,-0.4899142,-0.9417243,-0.03391371
2623,104.92,0.5,-0.70747435,0.19653451,-0.94132036,-0.033516273
2624,104.96,0.5,-0.73126847,0.17312658,-0.94088787,-0.033090837
2625,105.0,0.5,-0.9617397,-0.05360426,-0.9404273,-0.032637708
2626,105.04,0.5,-1.1955135,-0.283584,-0.93993884,-0.032157205
2627,105.08,0.5,-0.39528364,0.50365853,-0.9394229,-0.03164966
2628,105.12,0.4,-0.95971316,-0.051610596,-0.9388799,-0.03111543
2629,105.16,0.4,-1.5075729,-0.59057885,-0.9383101,-0.030554872
2630,105.2,0.4,-0.9800271,-0.07159483,-0.9377139,-0.02996836
2631,105.24,0.4,-0.6500381,0.2530386,-0.9370917,-0.029356278
2632,105.28,0.4,-0.47468138,0.4255494,-0.9364439,-0.02871902
2633,105.32,0.4,-0.950502,-0.042548902,-0.935771,-0.028056981
2634,105.36,0.5,-1.0606802,-0.15093894,-0.93507326,-0.02737057
2635,105.4,0.5,-0.9293331,-0.021723576,-0.93435115,-0.026660195
2636,105.44,0.6,-1.077275,-0.16726449,-0.93360513,-0.02592627
2637,105.48,0.7,-0.55716777,0.34440172,-0.9328356,-0.02516921
2638,105.52,0.7,-0.885574,0.021325342,-0.93204296,-0.024389438
2639,105.56,0.7,-0.71626323,0.1878883,-0.9312276,-0.023587372
2640,105.6,0.7,-0.4808905,0.41944098,-0.9303901,-0.02276343
2641,105.64,0.7,-0.9282052,-0.020613983,-0.92953074,-0.021918029
2642,105.68,0.7,-0.6108861,0.29155517,-0.92865,-0.021051588
2643,105.72,0.6,-1.4629005,-0.54663146,-0.9277483,-0.020164525
2644,105.76,0.5,-0.52998996,0.37113842,-0.92682606,-0.019257251
2645,105.8,0.5,-0.599893,0.3023699,-0.9258837,-0.01833018
2646,105.84,0.5,-1.2158036,-0.30354485,-0.92492163,-0.01738372
2647,105.88,0.5,-0.68180925,0.22178307,-0.9239403,-0.016418284
2648,105.92,0.5,-0.7344824,0.16996479,-0.92294,-0.015434277
2649,105.96,0.5,-0.76744163,0.13754049,-0.9219213,-0.014432105
2650,106.0,0.5,-0.42928106,0.47021288,-0.92088455,-0.013412174
2651,106.04,0.5,-0.90133595,0.005819179,-0.9198302,-0.012374885
2652,106.08,0.5,-1.5494871,-0.6318128,-0.9187586,-0.011320646
2653,106.12,0.5,-0.43025583,0.4692539,-0.9176701,-0.010249861
2654,106.16,0.5,-1.4653455,-0.5490368,-0.91656524,-0.009162935
2655,106.2,0.5,-0.95048195,-0.042529203,-0.9154444,-0.008060281
2656,106.24,0.5,-1.0554142,-0.14575845,-0.91430795,-0.0069423104
2657,106.28,0.5,-0.6518976,0.25120926,-0.9131564,-0.0058094407
2658,106.32,0.5,-1.543915,-0.62633115,-0.91199017,-0.0046620937
2659,106.36,0.5,-0.8888281,0.018124036,-0.9108096,-0.0035006946
2660,106.4,0.5,-1.0599538,-0.15022439,-0.90961516,-0.0023256752
2661,106.44,0.5,-1.2917107,-0.37822,-0.9084074,-0.0011374714
2662,106.48,0.5,-1.2065892,-0.29448,-0.9071866,6.347569e-05
2663,106.52,0.5,-1.1998494,-0.28784952,-0.90595335,0.0012767203
2664,106.56,0.5,-0.46439487,0.43566895,-0.904708,0.0025018125
2665,106.6,0.5,-0.3524722,0.5457752,-0.90345114,0.003738299
2666,106.64,0.5,-1.109206,-0.19867721,-0.9021832,0.004985724
2667,106.68,0.5,-0.6470101,0.25601748,-0.90090454,0.0062436294
2668,106.72,0.6,-0.9421499,-0.034332357,-0.89961565,0.007511556
2669,106.76,0.6,-0.8607248,0.04577122,-0.8983171,0.008789043
2670,106.8,0.6,-0.9008757,0.0062719807,-0.8970093,0.01007563
2671,106.84,0.6,-0.6933334,0.21044597,-0.8956927,0.011370852
2672,106.88,0.6,-0.98724467,-0.07869528,-0.8943678,0.012674248
2673,106.92,0.6,-1.0812141,-0.1711396,-0.89303505,0.013985353
2674,106.96,0.6,-0.97330695,-0.06498377,-0.89169496,0.015303703
2675,107.0,0.6,-0.9718177,-0.06351866,-0.89034796,0.016628833
2676,107.04,0.6,-1.0454875,-0.13599288,-0.8889946,0.01796028
2677,107.08,0.6,-1.1084545,-0.1979379,-0.88763523,0.019297576
2678,107.12,0.6,-1.3928813,-0.4777486,-0.88627034,0.020640258
2679,107.16,0.6,-1.1433485,-0.23226558,-0.8849005,0.021987863
2680,107.2,0.6,-0.72480583,0.17948434,-0.88352615,0.023339925
2681,107.24,0.6,-0.024269521,0.86865133,-0.8821477,0.024695992
2682,107.28,0.6,-0.38366395,0.51508963,-0.8807657,0.026055604
2683,107.32,0.6,-1.0732181,-0.16327342,-0.8793805,0.027418314
2684,107.36,0.6,-0.5938048,0.3083593,-0.87799263,0.028783675
2685,107.4,0.6,-0.75970244,0.14515406,-0.8766025,0.030151254
2686,107.44,0.6,-0.6210206,0.28158516,-0.8752105,0.031520616
2687,107.48,0.6,-1.3930571,-0.47792158,-0.8738172,0.032891337
2688,107.52,0.6,-0.9393084,-0.031536996,-0.8724229,0.034262992
2689,107.56,0.6,-0.76600444,0.13895434,-0.87102807,0.035635177
2690,107.6,0.6,-0.34079862,0.55725926,-0.86963314,0.037007473
2691,107.64,0.6,-0.3415739,0.5564966,-0.8682385,0.038379487
2692,107.68,0.6,-0.6330769,0.26972452,-0.86684453,0.039750814
2693,107.72,0.6,-0.6274723,0.2752382,-0.8654517,0.041121066
2694,107.76,0.6,-1.1873828,-0.2755853,-0.86406034,0.042489856
2695,107.8,0.6,-0.9172012,-0.009788603,-0.86267084,0.0438568
2696,107.84,0.6,-1.2119353,-0.29973927,-0.8612836,0.04522151
2697,107.88,0.6,-1.6259818,-0.707066,-0.85989904,0.04658361
2698,107.92,0.6,-1.3455756,-0.43121064,-0.8585175,0.047942717
2699,107.96,0.6,-0.678426,0.2251114,-0.8571394,0.049298447
2700,108.0,0.6,-1.2600204,-0.347044,-0.8557651,0.050650414
2701,108.04,0.6,-0.22110957,0.67500585,-0.8543951,0.051998243
2702,108.08,0.6,-0.32099104,0.57674545,-0.8530296,0.05334154
2703,108.12,0.6,-1.0965244,-0.18620142,-0.85166913,0.054679934
2704,108.16,0.6,-0.95937276,-0.051275715,-0.8503141,0.05601303
2705,108.2,0.6,-0.95767236,-0.04960291,-0.84896475,0.057340443
2706,108.24,0.6,-0.6038531,0.29847404,-0.84762156,0.0586618
2707,108.28,0.6,-1.515009,-0.5978943,-0.846285,0.059976712
2708,108.32,0.6,-1.0615562,-0.1518008,-0.8449553,0.061284795
2709,108.36,0.6,-0.8965036,0.010573082,-0.843633,0.06258567
2710,108.4,0.6,-0.890974,0.016012974,-0.84231836,0.063878946
2711,108.44,0.6,-0.44382346,0.45590645,-0.8410119,0.06516424
2712,108.48,0.6,-0.7607508,0.14412275,-0.8397139,0.06644118
2713,108.52,0.6,-0.239438,0.6569749,-0.83842474,0.06770937
2714,108.56,0.6,-1.1238769,-0.21311006,-0.8371449,0.06896845
2715,108.6,0.6,-0.5614474,0.3401915,-0.8358747,0.070218034
2716,108.64,0.6,-1.7171006,-0.796706,-0.8346145,0.07145776
2717,108.68,0.6,-0.52357817,0.37744614,-0.8333648,0.072687246
2718,108.72,0.6,-0.9466122,-0.038722232,-0.8321258,0.07390612
2719,108.76,0.6,-1.3272969,-0.41322857,-0.8308979,0.075114034
2720,108.8,0.6,-1.1053271,-0.19486132,-0.82968163,0.07631062
2721,108.84,0.6,-1.2159168,-0.30365613,-0.82847714,0.07749551
2722,108.88,0.6,-0.45621145,0.44371957,-0.827285,0.078668356
2723,108.92,0.6,-0.33266097,0.5652649,-0.82610536,0.079828806
2724,108.96,0.6,-1.1591319,-0.24779284,-0.8249387,0.080976516
2725,109.0,0.6,-0.17964119,0.71580124,-0.82378536,0.08211116
2726,109.04,0.6,-1.3554575,-0.44093224,-0.82264566,0.083232395
2727,109.08,0.6,0.095851064,0.98682237,-0.82151985,0.084339924
2728,109.12,0.6,-1.1527662,-0.24153051,-0.8204083,0.085433416
2729,109.16,0.6,-0.7007443,0.20315537,-0.8193113,0.086512595
2730,109.2,0.6,-0.64570665,0.25729975,-0.8182292,0.08757716
2731,109.24,0.6,-1.0410323,-0.13160998,-0.8171622,0.08862683
2732,109.28,0.6,-0.66999465,0.23340595,-0.8161106,0.08966135
2733,109.32,0.6,-0.51602393,0.3848778,-0.8150747,0.090680465
2734,109.36,0.6,-1.0072705,-0.09839606,-0.81405467,0.091683924
2735,109.4,0.7,-1.0454154,-0.13592193,-0.8130508,0.092671506
2736,109.44,0.7,-0.9797168,-0.07128957,-0.81206334,0.09364298
2737,109.48,0.7,-0.7892854,0.11605119,-0.8110924,0.09459814
2738,109.52,0.7,-0.59910965,0.3031405,-0.8101382,0.09553679
2739,109.56,0.7,-0.822809,0.08307169,-0.8092011,0.09645874
2740,109.6,0.7,-1.2800534,-0.36675185,-0.80828106,0.097363815
2741,109.64,0.7,-1.3900454,-0.47495878,-0.8073784,0.098251864
2742,109.68,0.7,-1.0106345,-0.10170555,-0.80649316,0.099122725
2743,109.72,0.7,-0.17885923,0.71657044,-0.80562556,0.099976264
2744,109.76,0.7,-0.76637435,0.13859043,-0.80477566,0.10081237
2745,109.8,0.7,-1.4474487,-0.5314305,-0.8039436,0.10163092
2746,109.84,0.7,-1.112909,-0.2023201,-0.80312943,0.10243184
2747,109.88,0.7,-0.5807246,0.32122716,-0.8023333,0.10321505
2748,109.92,0.7,-0.97451,-0.0661673,-0.8015552,0.103980504
2749,109.96,0.7,-1.5469127,-0.62928015,-0.80079526,0.104728155
2750,110.0,0.7,-0.78191054,0.123306386,-0.80005336,0.105458006
2751,110.04,0.7,-0.73102474,0.17336634,-0.7993296,0.10617006
2752,110.08,0.7,-0.76984286,0.13517821,-0.7986238,0.10686435
2753,110.12,0.7,0.044667006,0.93646896,-0.7979361,0.10754095
2754,110.16,0.7,0.7626796,1.6428286,-0.7972662,0.108199954
2755,110.2,0.7,-0.53926843,0.36201054,-0.79661405,0.10884149
2756,110.24,0.7,-0.74861,0.15606645,-0.79597956,0.1094657
2757,110.28,0.7,-1.7175767,-0.7971744,-0.7953625,0.11007279
2758,110.32,0.7,-0.20231992,0.69349056,-0.7947625,0.11066299
2759,110.36,0.7,-1.6201541,-0.7013329,-0.7941795,0.11123654
2760,110.4,0.7,-0.71377504,0.19033608,-0.7936131,0.11179375
2761,110.44,0.7,-0.12517965,0.76937884,-0.793063,0.11233492
2762,110.48,0.7,-1.3749573,-0.46011555,-0.7925288,0.11286044
2763,110.52,0.7,0.2533636,1.1417786,-0.7920102,0.11337067
2764,110.56,0.7,-0.36799973,0.53049964,-0.7915066,0.11386606
2765,110.6,0.7,-0.48218256,0.41816992,-0.79101765,0.11434706
2766,110.64,0.7,-2.3511176,-1.4204333,-0.79054284,0.11481418
2767,110.68,0.7,-0.7574805,0.14733994,-0.7900816,0.11526792
2768,110.72,0.7,0.77912164,1.6590039,-0.7896334,0.115708865
2769,110.76,0.7,-0.3529473,0.54530776,-0.78919756,0.11613761
2770,110.8,0.7,-0.5919269,0.3102067,-0.78877354,0.116554774
2771,110.84,0.7,1.0098143,1.8859521,-0.7883606,0.116961025
2772,110.88,0.7,-0.70653987,0.19745383,-0.787958,0.117357045
2773,110.92,0.7,-0.88750434,0.019426309,-0.7875651,0.11774355
2774,110.96,0.7,-0.5186944,0.38225067,-0.78718114,0.1181213
2775,111.0,0.7,-0.49998885,0.40065265,-0.78680533,0.118491046
2776,111.04,0.7,-0.59656984,0.3056391,-0.7864368,0.11885357
2777,111.08,0.7,-0.16575408,0.7294629,-0.7860748,0.11920968
2778,111.12,0.7,-0.77797675,0.12717631,-0.78571856,0.11956017
2779,111.16,0.7,0.29448414,1.1822317,-0.78536713,0.11990586
2780,111.2,0.7,-0.52223593,0.37876663,-0.7850198,0.12024757
2781,111.24,0.7,-1.8843808,-0.96127135,-0.7846757,0.12058611
2782,111.28,0.7,-1.6165655,-0.69780254,-0.78433394,0.12092228
2783,111.32,0.7,-1.2958323,-0.38227466,-0.78399384,0.12125688
2784,111.36,0.7,-1.1407119,-0.22967182,-0.7836546,0.12159067
2785,111.4,0.7,-1.2166667,-0.3043939,-0.7833153,0.1219244
2786,111.44,0.7,-0.9494852,-0.041548617,-0.78297544,0.12225879
2787,111.48,0.7,-0.8511374,0.055203028,-0.78263414,0.12259453
2788,111.52,0.7,-1.6531107,-0.73375463,-0.7822908,0.12293227
2789,111.56,0.7,-1.1602898,-0.24893194,-0.7819449,0.12327263
2790,111.6,0.7,-0.19388479,0.7017888,-0.7815956,0.123616196
2791,111.64,0.7,-0.7499552,0.15474313,-0.78124255,0.123963505
2792,111.68,0.7,-1.8258653,-0.9037055,-0.7808852,0.124315046
2793,111.72,0.7,-1.2199717,-0.30764523,-0.7805231,0.12467128
2794,111.76,0.7,-1.7628376,-0.84170073,-0.78015584,0.1250326
2795,111.8,0.7,-2.0205083,-1.0951896,-0.779783,0.12539937
2796,111.84,0.7,-1.3875518,-0.4725056,-0.77940434,0.1257719
2797,111.88,0.7,-0.18898857,0.7066055,-0.7790196,0.12615043
2798,111.92,0.7,-0.7059147,0.19806889,-0.77862847,0.1265352
2799,111.96,0.7,-0.43195605,0.46758127,-0.77823085,0.12692636
2800,112.0,0.7,-0.25491327,0.64175075,-0.7778266,0.12732404
2801,112.04,0.7,-0.9456928,-0.037817754,-0.77741563,0.12772833
2802,112.08,0.7,0.15084875,1.0409275,-0.7769979,0.12813924
2803,112.12,0.7,-1.3427229,-0.42840427,-0.77657354,0.12855679
2804,112.16,0.7,-0.6810416,0.22253826,-0.77614236,0.12898093
2805,112.2,0.7,-0.4722008,0.42798966,-0.7757046,0.12941158
2806,112.24,0.7,-1.1366258,-0.22565201,-0.7752604,0.1298486
2807,112.28,0.7,-0.446508,0.45326555,-0.77480984,0.13029183
2808,112.32,0.7,-0.35873348,0.5396155,-0.7743532,0.13074107
2809,112.36,0.7,-1.1387078,-0.2277002,-0.7738907,0.13119608
2810,112.4,0.7,-1.7731233,-0.8518194,-0.7734226,0.13165656
2811,112.44,0.7,-0.83741874,0.068699054,-0.7729493,0.13212219
2812,112.48,0.7,-1.2346729,-0.32210788,-0.77247113,0.13259259
2813,112.52,0.7,0.17581451,1.0654881,-0.7719885,0.13306737
2814,112.56,0.7,0.021178484,0.91336167,-0.7715019,0.13354608
2815,112.6,0.7,-0.6537008,0.24943534,-0.7710118,0.13402824
2816,112.64,0.7,-1.6031775,-0.6846319,-0.7705187,0.13451332
2817,112.68,0.7,-1.7437497,-0.82292265,-0.7700232,0.13500078
2818,112.72,0.7,-1.8906711,-0.9674596,-0.76952595,0.13549
2819,112.76,0.7,-1.0335692,-0.124268,-0.7690275,0.13598038
2820,112.8,0.7,0.389547,1.2757518,-0.7685285,0.13647123
2821,112.84,0.7,-1.2062141,-0.29411092,-0.7680298,0.13696185
2822,112.88,0.7,-0.50421405,0.396496,-0.76753205,0.13745153
2823,112.92,0.7,-1.4234,-0.5077721,-0.767036,0.13793948
2824,112.96,0.7,-0.667745,0.2356191,-0.76654255,0.13842493
2825,113.0,0.8,-1.0798881,-0.16983517,-0.7660525,0.13890707
2826,113.04,0.8,0.07656288,0.9678472,-0.7655666,0.13938507
2827,113.08,0.9,-1.1444895,-0.23338814,-0.7650858,0.13985805
2828,113.12,0.9,-0.34330106,0.5547975,-0.764611,0.14032514
2829,113.16,0.9,-0.65369475,0.2494413,-0.7641431,0.14078546
2830,113.2,0.9,-1.995909,-1.0709895,-0.763683,0.14123808
2831,113.24,0.9,-0.36606193,0.53240603,-0.7632317,0.1416821
2832,113.28,0.9,-1.6349764,-0.71591467,-0.76279,0.14211658
2833,113.32,0.9,-0.7629975,0.14191246,-0.762359,0.14254057
2834,113.36,0.9,-0.57265645,0.3291644,-0.7619397,0.14295313
2835,113.4,0.9,-0.7139276,0.19018596,-0.7615329,0.14335331
2836,113.44,0.9,0.016844988,0.9090985,-0.76113963,0.14374016
2837,113.48,0.9,0.7225671,1.6033671,-0.76076096,0.14411274
2838,113.52,0.9,-0.29750156,0.59985363,-0.7603977,0.14447008
2839,113.56,0.9,-0.50132716,0.39933604,-0.7600509,0.14481127
2840,113.6,0.9,-0.78065467,0.12454187,-0.7597214,0.14513539
2841,113.64,0.9,-0.67195344,0.23147893,-0.75941026,0.14544149
2842,113.68,0.9,-0.7365118,0.16796827,-0.7591183,0.14572869
2843,113.72,0.9,-1.0854499,-0.17530672,-0.7588465,0.1459961
2844,113.76,0.9,-1.2235212,-0.3111372,-0.75859576,0.1462428
2845,113.8,0.9,-0.7985966,0.10689112,-0.7583669,0.14646792
2846,113.84,0.9,-0.16200912,0.73314714,-0.7581608,0.14667062
2847,113.88,0.9,-0.7374678,0.16702783,-0.7579785,0.14685002
2848,113.92,0.9,-1.8057923,-0.88395834,-0.75782067,0.14700527
2849,113.96,0.9,-1.4013166,-0.4860471,-0.7576882,0.14713557
2850,114.0,0.9,-0.48670024,0.41372555,-0.757582,0.14724007
2851,114.04,0.9,-0.88535905,0.02153679,-0.7575028,0.14731798
2852,114.08,0.9,-0.32966048,0.5682167,-0.7574515,0.1473685
2853,114.12,0.9,-1.6697595,-0.7501332,-0.7574287,0.14739087
2854,114.16,0.9,-1.5040265,-0.58709,-0.7574354,0.14738432
2855,114.2,0.9,-0.80779743,0.097839616,-0.75747216,0.14734814
2856,114.24,0.9,-0.7457648,0.15886551,-0.7575398,0.1472816
2857,114.28,0.9,-1.7657778,-0.8445932,-0.757639,0.14718403
2858,114.32,0.9,-0.5571245,0.34444425,-0.75777036,0.14705478
2859,114.36,0.9,-0.8528378,0.053530224,-0.7579346,0.1468932
2860,114.4,0.9,0.25197363,1.140411,-0.7581323,0.14669874
2861,114.44,0.9,-0.6687425,0.23463777,-0.75836396,0.14647083
2862,114.48,0.9,-1.5480886,-0.63043696,-0.75863016,0.14620894
2863,114.52,0.9,-0.47017497,0.42998266,-0.75893134,0.14591266
2864,114.56,0.9,0.6264883,1.5088477,-0.7592679,0.14558153
2865,114.6,0.9,0.5116371,1.3958604,-0.7596403,0.14521521
2866,114.64,0.9,-0.4593498,0.4406321,-0.7600487,0.1448134
2867,114.68,0.9,-0.5834394,0.31855643,-0.7604935,0.14437585
2868,114.72,0.9,-1.1740447,-0.26246366,-0.7609748,0.14390233
2869,114.76,0.9,-0.66972506,0.23367116,-0.7614928,0.14339274
2870,114.8,0.9,-1.3544774,-0.43996802,-0.7620475,0.142847
2871,114.84,0.9,-0.49296516,0.40756232,-0.76263905,0.14226508
2872,114.88,0.9,-0.64505464,0.2579412,-0.76326734,0.14164704
2873,114.92,0.9,-1.0509326,-0.14134963,-0.76393217,0.14099297
2874,114.96,0.8,-0.47884035,0.4214579,-0.7646335,0.14030302
2875,115.0,0.8,0.65904415,1.5408751,-0.7653711,0.13957743
2876,115.04,0.7,-1.6114233,-0.6927437,-0.7661445,0.1388165
2877,115.08,0.7,-0.34248877,0.5555966,-0.7669536,0.13802058
2878,115.12,0.7,-1.3853382,-0.47032794,-0.7677978,0.13719007
2879,115.16,0.7,-0.16062939,0.73450446,-0.7686767,0.13632546
2880,115.2,0.7,-0.20994157,0.6859926,-0.76958966,0.1354273
2881,115.24,0.7,-0.43825775,0.4613819,-0.7705361,0.13449618
2882,115.28,0.7,-1.6132469,-0.6945378,-0.7715154,0.13353279
2883,115.32,0.7,0.03683138,0.9287605,-0.7725268,0.13253786
2884,115.36,0.7,0.11827803,1.0088853,-0.7735694,0.13151218
2885,115.4,0.7,0.049103618,0.94083357,-0.77464235,0.1304566
2886,115.44,0.7,0.038005948,0.929916,-0.7757448,0.12937206
2887,115.48,0.7,-1.032396,-0.12311379,-0.7768757,0.12825951
2888,115.52,0.7,-1.0218701,-0.11275879,-0.77803403,0.12712
2889,115.56,0.7,-0.3511147,0.5471106,-0.7792186,0.12595461
2890,115.6,0.7,-0.34862113,0.54956377,-0.7804284,0.12476448
2891,115.64,0.7,-2.093195,-1.1666965,-0.7816621,0.12355078
2892,115.68,0.7,-0.6174847,0.28506368,-0.7829185,0.12231474
2893,115.72,0.7,-0.50784093,0.392928,-0.7841964,0.12105763
2894,115.76,0.7,-0.20729661,0.68859464,-0.7854943,0.11978075
2895,115.8,0.7,-0.5537045,0.34780875,-0.78681105,0.11848543
2896,115.84,0.7,-0.08713633,0.8068048,-0.78814507,0.11717304
2897,115.88,0.7,0.4254217,1.3110442,-0.78949505,0.11584497
2898,115.92,0.7,-2.0368342,-1.1112505,-0.7908595,0.11450266
2899,115.96,0.7,-0.8507886,0.055546187,-0.792237,0.11314754
2900,116.0,0.7,-0.18715507,0.70840925,-0.793626,0.11178106
2901,116.04,0.7,-0.9087107,-0.0014358982,-0.79502505,0.11040469
2902,116.08,0.7,-0.3356099,0.5623638,-0.79643273,0.109019905
2903,116.12,0.7,-1.1760287,-0.26441547,-0.7978474,0.107628174
2904,116.16,0.7,-0.7050215,0.19894755,-0.79926765,0.10623097
2905,116.2,0.7,-1.0600969,-0.15036511,-0.80069196,0.10482975
2906,116.24,0.7,-1.2083409,-0.29620323,-0.80211896,0.103425965
2907,116.28,0.7,-1.3822781,-0.4673175,-0.803547,0.102021046
2908,116.32,0.7,-0.1700967,0.7251908,-0.80497485,0.100616395
2909,116.36,0.7,-1.5713359,-0.653307,-0.806401,0.0992134
2910,116.4,0.6,-1.1290841,-0.21823275,-0.8078241,0.097813405
2911,116.44,0.5,-1.6157088,-0.69695973,-0.8092428,0.09641773
2912,116.48,0.4,-0.8930576,0.013963185,-0.8106558,0.09502765
2913,116.52,0.4,-2.6619225,-1.7261939,-0.81206185,0.0936444
2914,116.56,0.4,-0.85618156,0.050240733,-0.81345975,0.09226917
2915,116.6,0.4,-2.0146296,-1.0894063,-0.81484836,0.09090311
2916,116.64,0.4,0.16791737,1.057719,-0.81622654,0.08954731
2917,116.68,0.4,-1.3701768,-0.4554126,-0.8175932,0.08820282
2918,116.72,0.5,-1.6501585,-0.7308504,-0.8189474,0.08687065
2919,116.76,0.6,-1.6880391,-0.7681161,-0.820288,0.08555175
2920,116.8,0.7,-0.34334594,0.5547533,-0.82161427,0.08424702
2921,116.84,0.7,-2.0453672,-1.119645,-0.8229252,0.082957335
2922,116.88,0.7,-0.58520985,0.31681472,-0.82422006,0.0816835
2923,116.92,0.7,-1.7466373,-0.8257634,-0.82549804,0.080426276
2924,116.96,0.7,0.07602346,0.9673166,-0.8267584,0.07918641
2925,117.0,0.7,-1.0867505,-0.1765862,-0.82800037,0.077964574
2926,117.04,0.7,-1.082118,-0.1720289,-0.82922333,0.07676143
2927,117.08,0.7,-0.4966749,0.40391278,-0.83042675,0.07557759
2928,117.12,0.7,-0.71462107,0.18950379,-0.8316099,0.07441364
2929,117.16,0.7,-0.98994184,-0.08134867,-0.83277225,0.073270135
2930,117.2,0.7,0.35437584,1.2411513,-0.83391327,0.07214761
2931,117.24,0.7,-0.33561122,0.5623625,-0.8350325,0.07104655
2932,117.28,0.7,-0.6403505,0.26256895,-0.8361294,0.069967456
2933,117.32,0.7,-0.62745154,0.2752586,-0.8372035,0.06891078
2934,117.36,0.7,0.056286573,0.94789994,-0.8382544,0.06787695
2935,117.4,0.7,-1.1143985,-0.20378545,-0.8392816,0.06686639
2936,117.44,0.7,-1.5076542,-0.59065884,-0.8402848,0.0658795
2937,117.48,0.7,-1.4311779,-0.51542366,-0.84126353,0.064916655
2938,117.52,0.7,-0.84594274,0.06031338,-0.84221745,0.06397821
2939,117.56,0.7,-0.20064569,0.6951376,-0.84314626,0.06306451
2940,117.6,0.6,-0.085962534,0.8079595,-0.8440495,0.062175866
2941,117.64,0.6,-0.16792601,0.7273262,-0.8449271,0.06131259
2942,117.68,0.6,-0.7171902,0.18697634,-0.8457785,0.06047496
2943,117.72,0.6,-1.7649162,-0.8437456,-0.84660363,0.05966324
2944,117.76,0.6,0.29465032,1.1823952,-0.84740216,0.058877684
2945,117.8,0.6,-0.5543989,0.34712562,-0.84817386,0.058118515
2946,117.84,0.6,-1.9556786,-1.031412,-0.8489185,0.057385944
2947,117.88,0.6,-0.8850378,0.021852843,-0.8496359,0.056680154
2948,117.92,0.6,-0.87908024,0.027713709,-0.85032594,0.056001313
2949,117.96,0.6,0.028551102,0.9206146,-0.85098845,0.055349562
2950,118.0,0.6,-2.6020055,-1.6672493,-0.8516233,0.054725017
2951,118.04,0.6,-1.558521,-0.6407001,-0.8522304,0.05412777
2952,118.08,0.6,-0.7531923,0.15155855,-0.85280967,0.053557895
2953,118.12,0.6,-1.7858983,-0.8643872,-0.85336107,0.053015433
2954,118.16,0.6,0.42074823,1.3064466,-0.85388464,0.052500404
2955,118.2,0.6,-0.68668795,0.21698356,-0.85438025,0.05201281
2956,118.24,0.6,-0.2308814,0.66539264,-0.854848,0.051552616
2957,118.28,0.6,0.49945223,1.3838733,-0.855288,0.051119786
2958,118.32,0.6,-1.9201481,-0.9964582,-0.85570025,0.050714254
2959,118.36,0.6,0.058024406,0.94960964,-0.8560848,0.05033593
2960,118.4,0.6,-2.0333982,-1.1078702,-0.8564418,0.049984705
2961,118.44,0.6,-0.58980465,0.31229448,-0.8567714,0.04966045
2962,118.48,0.6,0.8884778,1.7665852,-0.8570738,0.049363017
2963,118.52,0.6,-1.7381694,-0.8174329,-0.85734904,0.04909222
2964,118.56,0.6,-0.6262679,0.27642304,-0.8575974,0.04884786
2965,118.6,0.6,-2.1943798,-1.2662392,-0.85781914,0.048629712
2966,118.64,0.6,-0.79115456,0.11421239,-0.8580145,0.04843752
2967,118.68,0.6,-0.46294028,0.43709993,-0.8581838,0.048270997
2968,118.72,0.6,-2.5565834,-1.6225644,-0.85832727,0.048129834
2969,118.76,0.6,-1.0329261,-0.12363531,-0.85844535,0.04801369
2970,118.8,0.6,-0.48810184,0.41234672,-0.8585383,0.047922198
2971,118.84,0.6,-0.8229269,0.08295571,-0.8586067,0.047854956
2972,118.88,0.6,-0.9794318,-0.07100922,-0.85865086,0.047811534
2973,118.92,0.6,-0.6743711,0.2291005,-0.85867125,0.047791485
2974,118.96,0.6,-1.1689029,-0.25740525,-0.8586683,0.047794327
2975,119.0,0.6,-1.5953007,-0.6768828,-0.8586427,0.04781956
2976,119.04,0.6,-0.41250783,0.4867139,-0.85859483,0.047866646
2977,119.08,0.6,-0.48932606,0.41114235,-0.8585253,0.04793504
2978,119.12,0.6,-1.2804117,-0.36710438,-0.85843474,0.048024163
2979,119.16,0.6,-1.9597024,-1.0353705,-0.85832363,0.048133425
2980,119.2,0.6,-0.5601467,0.34147114,-0.85819274,0.048262212
2981,119.24,0.6,0.19894552,1.0882436,-0.8580426,0.048409894
2982,119.28,0.6,-0.19981474,0.6959551,-0.857874,0.04857582
2983,119.32,0.6,-1.1907126,-0.278861,-0.8576874,0.048759323
2984,119.36,0.6,-1.3569632,-0.44241342,-0.8574837,0.04895974
2985,119.4,0.6,-1.5227617,-0.60552114,-0.8572635,0.049176373
2986,119.44,0.6,-0.43082267,0.4686963,-0.85702753,0.04940853
2987,119.48,0.6,-0.6723857,0.23105368,-0.8567765,0.0496555
2988,119.52,0.6,-0.51387924,0.3869877,-0.85651106,0.04991657
2989,119.56,0.6,-0.7934979,0.11190706,-0.8562321,0.050191008
2990,119.6,0.6,-0.21418875,0.6818143,-0.8559403,0.050478093
2991,119.64,0.6,-1.1213361,-0.21061048,-0.85563636,0.050777085
2992,119.68,0.6,-0.73158,0.17282006,-0.8553211,0.05108725
2993,119.72,0.6,-1.4217305,-0.5061297,-0.8549952,0.051407844
2994,119.76,0.6,-1.6194673,-0.70065725,-0.8546595,0.051738124
2995,119.8,0.6,-0.13960522,0.7551874,-0.8543147,0.05207734
2996,119.84,0.6,-0.918602,-0.01116664,-0.8539615,0.05242475
2997,119.88,0.6,0.25541174,1.1437935,-0.8536008,0.052779604
2998,119.92,0.6,-1.031128,-0.12186646,-0.8532333,0.053141158
2999,119.96,0.6,-1.1408606,-0.22981806,-0.85285974,0.05350866
3000,120.0,0.6,-1.4952621,-0.5784679,-0.8524809,0.05388138
3001,120.04,0.6,-1.1402556,-0.2292229,-0.85209745,0.054258574
3002,120.08,0.6,-1.0316813,-0.12241073,-0.85171026,0.054639503
3003,120.12,0.6,-0.64605635,0.25695574,-0.85131997,0.055023443
3004,120.16,0.6,-0.9658474,-0.057645254,-0.85092735,0.055409662
3005,120.2,0.6,-1.0100495,-0.101129964,-0.8505332,0.05579745
3006,120.24,0.6,-0.8705436,0.03611178,-0.8501381,0.05618609
3007,120.28,0.6,-1.4363008,-0.5204634,-0.8497429,0.056574892
3008,120.32,0.6,-0.669263,0.2341257,-0.84934825,0.05696316
3009,120.36,0.6,-0.23109853,0.66517895,-0.8489548,0.057350226
3010,120.4,0.6,-0.24404716,0.65244055,-0.84856325,0.057735424
3011,120.44,0.6,-0.557796,0.34378365,-0.8481742,0.05811812
3012,120.48,0.6,-1.4547577,-0.5386208,-0.8477884,0.058497686
3013,120.52,0.6,-1.3145317,-0.4006706,-0.8474064,0.058873516
3014,120.56,0.6,-0.16765046,0.7275973,-0.84702873,0.059245035
3015,120.6,0.6,-0.7928037,0.11258999,-0.846656,0.05961167
3016,120.64,0.6,-1.0797585,-0.16970769,-0.84628886,0.05997289
3017,120.68,0.6,-1.1646029,-0.25317505,-0.8459277,0.060328178
3018,120.72,0.6,-0.20846325,0.68744695,-0.84557307,0.06067704
3019,120.76,0.6,-0.5180118,0.38292217,-0.84522545,0.061019015
3020,120.8,0.6,-1.041094,-0.13167061,-0.8448853,0.06135366
3021,120.84,0.6,-0.82183594,0.08402895,-0.844553,0.061680574
3022,120.88,0.6,-0.9382268,-0.030472964,-0.8442289,0.06199937
3023,120.92,0.6,-0.22391427,0.6722467,-0.8439135,0.062309694
3024,120.96,0.6,-0.9525654,-0.044578813,-0.843607,0.06261123
3025,121.0,0.6,-0.6100929,0.29233554,-0.8433097,0.06290368
3026,121.04,0.6,-0.50183165,0.3988397,-0.8430219,0.063186795
3027,121.08,0.6,-1.0943389,-0.18405142,-0.8427439,0.06346033
3028,121.12,0.6,-0.6958271,0.2079927,-0.8424758,0.0637241
3029,121.16,0.6,-1.0263013,-0.11711801,-0.84221774,0.06397793
3030,121.2,0.6,-0.3714118,0.52714294,-0.84196997,0.06422168
3031,121.24,0.6,-0.30542958,0.59205425,-0.84173256,0.064455256
3032,121.28,0.6,-1.0678394,-0.15798199,-0.8415055,0.06467857
3033,121.32,0.6,-0.44880837,0.45100248,-0.84128904,0.064891584
3034,121.36,0.6,-0.7508967,0.15381691,-0.841083,0.065094285
3035,121.4,0.6,-0.85309225,0.053279914,-0.8408874,0.06528667
3036,121.44,0.6,-1.1361803,-0.22521374,-0.8407023,0.0654688
3037,121.48,0.6,-0.8993831,0.0077403113,-0.84052753,0.06564073
3038,121.52,0.6,-1.4245731,-0.5089261,-0.840363,0.06580255
3039,121.56,0.6,-0.52290535,0.37810805,-0.8402087,0.06595439
3040,121.6,0.6,-1.1212407,-0.21051666,-0.84006435,0.066096365
3041,121.64,0.6,-1.087074,-0.17690447,-0.8399299,0.06622865
3042,121.68,0.6,-0.55181444,0.34966815,-0.83980507,0.066351436
3043,121.72,0.6,-0.41873842,0.48058438,-0.83968973,0.06646492
3044,121.76,0.6,-0.6272335,0.2754731,-0.8395836,0.06656934
3045,121.8,0.6,-0.6933206,0.21045858,-0.8394864,0.06666495
3046,121.84,0.6,-1.0110695,-0.10213348,-0.8393979,0.06675201
3047,121.88,0.6,-0.7621755,0.14272115,-0.8393178,0.066830814
3048,121.92,0.6,-0.7166188,0.1875385,-0.8392458,0.06690168
3049,121.96,0.6,-1.0411384,-0.13171436,-0.8391815,0.066964924
3050,122.0,0.6,-0.782884,0.12234872,-0.83912456,0.0670209
3051,122.04,0.6,-0.80769855,0.09793689,-0.8390747,0.06706997
3052,122.08,0.6,-0.70959353,0.19444972,-0.83903146,0.06711251
3053,122.12,0.7,-0.9662945,-0.05808515,-0.83899444,0.06714891
3054,122.16,0.7,-1.0687536,-0.15888137,-0.83896327,0.06717957
3055,122.2,0.8,-0.7874122,0.11789399,-0.8389375,0.0672049
3056,122.24,0.8,-0.3722576,0.52631086,-0.8389168,0.06722534
3057,122.28,0.8,-0.49411112,0.40643495,-0.8389005,0.0672413
3058,122.32,0.8,-0.719947,0.1842643,-0.8388884,0.067253254
3059,122.36,0.8,-0.50568795,0.395046,-0.8388799,0.067261636
3060,122.4,0.8,-0.8071108,0.098515116,-0.8388745,0.067266904
3061,122.44,0.8,-0.60994416,0.2924818,-0.83887184,0.06726953
3062,122.48,0.8,-1.1727184,-0.26115888,-0.8388714,0.06726996
3063,122.52,0.8,-1.0949436,-0.18464635,-0.83887273,0.06726867
3064,122.56,0.8,-0.70692515,0.1970748,-0.8388753,0.067266114
3065,122.6,0.8,-1.1012745,-0.19087446,-0.8388787,0.06726276
3066,122.64,0.8,-0.8717411,0.03493371,-0.8388825,0.06725906
3067,122.68,0.8,-0.9923944,-0.083761424,-0.83888614,0.06725545
3068,122.72,0.8,-0.4257791,0.47365797,-0.8388893,0.067252375
3069,122.76,0.8,-0.7934806,0.111924134,-0.83889145,0.06725026
3070,122.8,0.8,-1.1391714,-0.22815627,-0.8388922,0.0672495
3071,122.84,0.8,-0.9139424,-0.00658267,-0.83889115,0.06725051
3072,122.88,0.8,-0.74530953,0.15931338,-0.83888793,0.06725368
3073,122.92,0.9,-1.6728017,-0.75312614,-0.8388822,0.06725935
3074,122.96,0.9,-1.3334041,-0.4192367,-0.8388735,0.06726789
3075,123.0,0.9,-1.9674308,-1.0429735,-0.8388616,0.06727961
3076,123.04,1.0,-0.30348426,0.59396803,-0.83884615,0.06729481
3077,123.08,1.0,-0.420927,0.47843134,-0.83882684,0.06731379
3078,123.12,1.0,-0.95156664,-0.04359629,-0.83880347,0.06733681
3079,123.16,1.0,-0.55921245,0.3423902,-0.8387757,0.0673641
3080,123.2,1.0,-1.0578585,-0.14816305,-0.8387434,0.06739589
3081,123.24,1.0,-0.74707216,0.15757936,-0.8387063,0.06743237
3082,123.28,1.0,-1.7576513,-0.83659863,-0.8386643,0.06747372
3083,123.32,1.0,-0.768647,0.13635466,-0.83861715,0.06752009
3084,123.36,1.0,-0.6020429,0.30025485,-0.83856475,0.067571625
3085,123.4,1.0,-0.41875124,0.48057175,-0.838507,0.06762843
3086,123.44,1.0,-0.6199163,0.2826715,-0.8384438,0.067690596
3087,123.48,1.0,-0.8668544,0.03974109,-0.8383751,0.0677582
3088,123.52,1.0,-1.085017,-0.17488079,-0.8383008,0.067831285
3089,123.56,1.0,-0.6391954,0.26370534,-0.8382209,0.06790989
3090,123.6,1.0,-1.3315414,-0.41740426,-0.8381354,0.06799402
3091,123.64,1.0,-1.1207398,-0.21002388,-0.8380443,0.068083666
3092,123.68,1.0,-1.0228168,-0.11369007,-0.8379476,0.06817879
3093,123.72,1.0,-1.1413875,-0.23033641,-0.8378454,0.06827935
3094,123.76,1.0,-0.26691806,0.6299408,-0.8377377,0.06838526
3095,123.8,1.0,-1.2099336,-0.2977701,-0.83762467,0.068496436
3096,123.84,1.0,-0.7269176,0.17740679,-0.8375065,0.06861277
3097,123.88,1.0,-1.1393964,-0.2283777,-0.8373831,0.068734124
3098,123.92,1.0,-1.4336251,-0.5178312,-0.83725476,0.06886037
3099,123.96,1.0,-0.7587914,0.1460503,-0.83712167,0.068991326
3100,124.0,1.0,-0.043812394,0.84942555,-0.8369839,0.06912684
3101,124.04,1.0,-0.8392013,0.066945456,-0.8368417,0.0692667
3102,124.08,1.0,-0.45508486,0.44482785,-0.8366953,0.06941071
3103,124.12,1.0,-0.5235573,0.37746668,-0.83654493,0.069558665
3104,124.16,1.0,-0.86807156,0.038543724,-0.8363908,0.06971034
3105,124.2,1.0,-0.43610096,0.46350366,-0.8362331,0.06986549
3106,124.24,1.0,-0.4768681,0.42339814,-0.8360721,0.070023865
3107,124.28,1.0,-1.3180164,-0.40409875,-0.83590806,0.07018523
3108,124.32,1.0,-0.6943753,0.20942101,-0.8357413,0.0703493
3109,124.36,1.0,-0.7733613,0.13171685,-0.835572,0.070515804
3110,124.4,1.0,-1.1739371,-0.26235777,-0.8354006,0.070684455
3111,124.44,1.0,-0.74195254,0.1626159,-0.83522725,0.070854954
3112,124.48,1.0,-1.1747766,-0.26318362,-0.8350524,0.07102699
3113,124.52,1.0,-0.5665822,0.33514005,-0.8348763,0.071200244
3114,124.56,1.0,-0.7171137,0.18705162,-0.8346993,0.07137438
3115,124.6,1.0,-0.66459537,0.23871759,-0.8345217,0.07154904
3116,124.64,1.0,-1.5587404,-0.6409159,-0.83434397,0.07172389
3117,124.68,1.0,-0.94521624,-0.03734895,-0.83416647,0.07189855
3118,124.72,1.0,-1.0267102,-0.11752026,-0.8339895,0.07207264
3119,124.76,1.0,-0.5345659,0.36663672,-0.8338135,0.07224576
3120,124.8,1.0,-1.481103,-0.5645385,-0.8336389,0.07241753
3121,124.84,1.0,-0.72053087,0.18368989,-0.8334661,0.07258751
3122,124.88,1.0,-0.5484776,0.3529508,-0.8332956,0.0727553
3123,124.92,1.0,-0.736614,0.16786781,-0.8331277,0.07292046
3124,124.96,1.0,-0.7413098,0.16324818,-0.83296293,0.073082544
3125,125.0,1.0,-0.45061964,0.4492206,-0.83280176,0.07324111
3126,125.04,0.9,-0.86280835,0.043721505,-0.8326446,0.07339571
3127,125.08,0.8,-0.8596405,0.046837963,-0.83249193,0.07354587
3128,125.12,0.7,-1.0330824,-0.12378906,-0.8323443,0.07369114
3129,125.16,0.7,-1.2066069,-0.29449734,-0.8322021,0.07383103
3130,125.2,0.7,-1.1187603,-0.20807654,-0.8320658,0.07396507
3131,125.24,0.9,-0.784129,0.1211239,-0.83193606,0.074092776
3132,125.28,1.0,-1.0363208,-0.12697494,-0.83181316,0.074213654
3133,125.32,1.0,-1.0691425,-0.15926391,-0.8316977,0.07432721
3134,125.36,1.0,-0.8216671,0.08419507,-0.83159024,0.074432954
3135,125.4,1.0,-0.61398697,0.28850466,-0.83149123,0.07453038
3136,125.44,1.0,-0.36528784,0.5331675,-0.83140117,0.07461899
3137,125.48,1.0,-1.1147757,-0.2041565,-0.8313205,0.074698284
3138,125.52,1.0,-0.8301885,0.07581193,-0.8312499,0.07476777
3139,125.56,1.0,-0.9488155,-0.040889822,-0.83118975,0.07482695
3140,125.6,1.0,-0.8890427,0.017912947,-0.8311406,0.074875325
3141,125.64,1.0,-0.48597425,0.41443974,-0.83110285,0.07491242
3142,125.68,1.0,-1.225888,-0.31346557,-0.8310771,0.07493775
3143,125.72,1.0,-0.84554565,0.060704045,-0.8310638,0.07495084
3144,125.76,1.0,-0.93212146,-0.024466686,-0.83106345,0.07495121
3145,125.8,1.0,-0.6025975,0.2997093,-0.83107644,0.07493841
3146,125.84,1.0,-1.0994428,-0.18907253,-0.8311033,0.074912
3147,125.88,1.0,-0.84394425,0.06227944,-0.83114445,0.07487152
3148,125.92,1.0,-0.24331582,0.65316,-0.8312003,0.07481655
3149,125.96,1.0,-0.8188169,0.08699899,-0.83127135,0.074746676
3150,126.0,1.0,-0.6776971,0.22582847,-0.8313579,0.07466151
3151,126.04,1.0,-0.8046792,0.10090723,-0.8314605,0.07456065
3152,126.08,1.0,-1.1392623,-0.22824576,-0.83157927,0.07444373
3153,126.12,1.0,-0.76666975,0.13829982,-0.8317148,0.07431041
3154,126.16,1.0,-0.62296975,0.27966765,-0.83186734,0.07416033
3155,126.2,1.0,-0.5385686,0.362699,-0.83203727,0.0739932
3156,126.24,1.0,-0.50679564,0.3939563,-0.8322248,0.07380871
3157,126.28,1.0,-0.86834,0.038279615,-0.83243024,0.07360658
3158,126.32,1.0,-0.48666137,0.41376382,-0.83265394,0.07338655
3159,126.36,1.0,-0.94860625,-0.040683948,-0.832896,0.073148385
3160,126.4,1.0,-0.27422625,0.62275124,-0.83315676,0.072891854
3161,126.44,1.0,-0.32390887,0.57387495,-0.83343637,0.07261677
3162,126.48,1.0,-1.3959455,-0.48076314,-0.83373505,0.07232295
3163,126.52,1.0,-1.001833,-0.093046814,-0.8340529,0.07201022
3164,126.56,1.0,-0.50407904,0.3966288,-0.8343902,0.071678445
3165,126.6,1.0,-1.33121,-0.41707823,-0.83474696,0.07132749
3166,126.64,1.0,-1.1032945,-0.19286168,-0.8351233,0.07095725
3167,126.68,1.0,0.11424303,1.0049158,-0.8355193,0.07056763
3168,126.72,1.0,-1.357805,-0.44324163,-0.8359352,0.07015855
3169,126.76,1.0,-0.44359636,0.4561299,-0.8363709,0.06972993
3170,126.8,1.0,-1.2175559,-0.30526865,-0.83682644,0.069281735
3171,126.84,1.0,-0.97075856,-0.062476728,-0.83730197,0.06881393
3172,126.88,1.0,-0.8847031,0.0221821,-0.83779746,0.06832647
3173,126.92,1.0,-0.1514234,0.7435611,-0.8383129,0.06781937
3174,126.96,1.0,-0.6720598,0.23137432,-0.83884835,0.067292616
3175,127.0,1.0,-1.2382712,-0.3256478,-0.8394038,0.06674623
3176,127.04,1.0,-0.91681886,-0.009412445,-0.8399791,0.066180214
3177,127.08,1.0,-1.1515858,-0.24036926,-0.8405744,0.06559462
3178,127.12,1.0,-1.4205067,-0.5049257,-0.8411895,0.06498949
3179,127.16,1.0,-0.8877305,0.019203834,-0.8418244,0.064364865
3180,127.2,1.0,-0.7156768,0.18846521,-0.8424791,0.063720815
3181,127.24,1.0,-0.82869184,0.077284314,-0.8431535,0.06305739
3182,127.28,0.9,-0.28232813,0.61478084,-0.84384745,0.062374685
3183,127.32,0.9,-1.0528758,-0.14326121,-0.8445609,0.061672773
3184,127.36,0.8,-1.3690778,-0.45433146,-0.8452939,0.060951747
3185,127.4,0.8,-1.1400099,-0.2289812,-0.8460461,0.060211707
3186,127.44,0.8,-0.66353387,0.23976186,-0.84681755,0.05945276
3187,127.48,0.8,-0.17467439,0.7206874,-0.84760815,0.05867503
3188,127.52,0.8,-1.214666,-0.30242568,-0.84841764,0.057878632
3189,127.56,0.8,-1.0766908,-0.16668974,-0.849246,0.057063706
3190,127.6,0.8,-0.66481054,0.2385059,-0.8500931,0.056230392
3191,127.64,0.8,-0.9009942,0.0061554015,-0.8509587,0.05537884
3192,127.68,0.8,-0.4134072,0.48582906,-0.8518427,0.05450921
3193,127.72,0.8,-1.0299652,-0.12072244,-0.8527449,0.053621676
3194,127.76,0.8,-0.8476783,0.058606006,-0.85366505,0.05271641
3195,127.8,0.8,-0.7067267,0.19727007,-0.8546031,0.0517936
3196,127.84,0.8,-0.5111886,0.3896346,-0.85555875,0.050853446
3197,127.88,0.8,-0.91225564,-0.0049232915,-0.85653186,0.049896147
3198,127.92,0.8,-0.72009075,0.18412289,-0.85752213,0.048921917
3199,127.96,0.8,-0.40911865,0.49004805,-0.85852945,0.047930975
3200,128.0,0.8,-1.4329059,-0.51712364,-0.85955346,0.04692355
3201,128.04,0.8,-1.3865438,-0.47151393,-0.86059403,0.04589988
3202,128.08,0.8,-0.42895544,0.47053325,-0.8616509,0.044860203
3203,128.12,0.8,-0.63033456,0.27242237,-0.8627237,0.043804757
3204,128.16,0.8,-0.15501279,0.74002993,-0.8638123,0.042733803
3205,128.2,0.8,-1.6158978,-0.69714564,-0.8649165,0.04164759
3206,128.24,0.8,-0.79401404,0.111399315,-0.8660359,0.040546376
3207,128.28,0.8,-0.8716917,0.034982316,-0.8671702,0.039430425
3208,128.32,0.8,-1.4718051,-0.55539155,-0.8683193,0.038299996
3209,128.36,0.8,-1.0312363,-0.12197294,-0.8694828,0.037155356
3210,128.4,0.8,-1.1389505,-0.22793898,-0.87066054,0.03599677
3211,128.44,0.8,-1.5534532,-0.63571453,-0.8718521,0.034824505
3212,128.48,0.8,-0.66896385,0.23442003,-0.87305737,0.033638828
3213,128.52,0.8,-1.1970894,-0.28513438,-0.874276,0.032440003
3214,128.56,0.8,-0.67794615,0.2255835,-0.87550765,0.031228304
3215,128.6,0.8,-1.295039,-0.3814943,-0.87675214,0.030004
3216,128.64,0.8,-0.82272047,0.08315877,-0.8780092,0.02876737
3217,128.68,0.8,-1.0302831,-0.12103521,-0.8792785,0.02751869
3218,128.72,0.8,-0.52059543,0.38038048,-0.8805597,0.026258247
3219,128.76,0.8,-0.57726336,0.32463226,-0.88185257,0.024986334
3220,128.8,0.8,-0.9665058,-0.05829302,-0.88315684,0.023703253
3221,128.84,0.8,-0.35141945,0.5468108,-0.88447213,0.02240931
3222,128.88,0.8,-1.0338007,-0.12449575,-0.88579816,0.021104828
3223,128.92,0.8,-0.7452649,0.15935731,-0.8871345,0.019790133
3224,128.96,0.8,-0.52528846,0.37576362,-0.88848096,0.018465567
3225,129.0,0.8,-1.1089289,-0.19840467,-0.889837,0.017131483
3226,129.04,0.8,-0.5150482,0.38583767,-0.89120245,0.015788244
3227,129.08,0.8,-1.2656355,-0.35256797,-0.89257675,0.014436224
3228,129.12,0.9,-0.77700007,0.12813717,-0.89395964,0.01307581
3229,129.16,1.0,-1.2466968,-0.33393666,-0.8953506,0.0117074
3230,129.2,1.0,-0.9195762,-0.01212506,-0.8967493,0.010331405
3231,129.24,1.0,-0.31881458,0.5788865,-0.8981553,0.008948247
3232,129.28,1.0,-0.9354614,-0.027752437,-0.8995681,0.0075583593
3233,129.32,1.0,-0.78576535,0.11951413,-0.90098727,0.0061621885
3234,129.36,1.0,-0.4642642,0.43579745,-0.9024124,0.004760194
3235,129.4,1.0,-0.8238113,0.08208565,-0.903843,0.0033528465
3236,129.44,1.0,-0.39639217,0.502568,-0.9052785,0.0019406285
3237,129.48,1.0,-0.31438774,0.5832416,-0.90671843,0.0005240343
3238,129.52,1.0,-0.6576576,0.24554273,-0.90816236,-0.0008964316
3239,129.56,1.0,-1.0427699,-0.13331938,-0.9096097,-0.0023202559
3240,129.6,1.0,-1.7267244,-0.8061736,-0.91105986,-0.0037469168
3241,129.64,1.0,-1.2853968,-0.37200856,-0.9125124,-0.0051758876
3242,129.68,1.0,-0.98141074,-0.07295603,-0.9139668,-0.006606637
3243,129.72,1.0,-0.45565754,0.44426447,-0.9154224,-0.008038631
3244,129.76,1.0,-0.50689983,0.39385378,-0.9168787,-0.009471332
3245,129.8,1.0,-1.0733812,-0.16343385,-0.9183352,-0.010904202
3246,129.84,1.0,-0.7060666,0.19791943,-0.91979134,-0.012336705
3247,129.88,1.0,-0.9544736,-0.046456084,-0.9212466,-0.013768304
3248,129.92,1.0,-0.8990692,0.008049153,-0.92270035,-0.0151984645
3249,129.96,1.0,-0.9360507,-0.028332181,-0.9241521,-0.016626656
3250,130.0,1.0,-0.9581708,-0.050093234,-0.9256013,-0.018052358
3251,130.04,1.0,-1.3310393,-0.41691032,-0.9270475,-0.01947505
3252,130.08,1.0,-1.6481721,-0.7288962,-0.92849004,-0.020894226
3253,130.12,1.0,-0.14714342,0.74777156,-0.92992854,-0.022309389
3254,130.16,1.0,-1.0692676,-0.15938705,-0.9313625,-0.023720048
3255,130.2,1.0,-0.3774693,0.5211837,-0.93279135,-0.025125733
3256,130.24,1.0,-1.4888945,-0.5722036,-0.9342147,-0.02652598
3257,130.28,1.0,-1.1302284,-0.21935846,-0.9356321,-0.027920341
3258,130.32,1.0,-1.3138478,-0.3999978,-0.937043,-0.029308386
3259,130.36,1.0,-0.9043343,0.0028694868,-0.9384471,-0.0306897
3260,130.4,1.0,-1.0368501,-0.12749563,-0.93984395,-0.03206388
3261,130.44,0.9,-1.124543,-0.2137653,-0.9412332,-0.03343055
3262,130.48,0.8,-1.1850188,-0.2732596,-0.94261444,-0.03478935
3263,130.52,0.8,-1.112035,-0.20146036,-0.94398725,-0.036139935
3264,130.56,0.8,-0.6813742,0.2222111,-0.9453515,-0.037481982
3265,130.6,0.8,-1.1831014,-0.2713734,-0.94670665,-0.03881519
3266,130.64,0.8,-0.96012676,-0.05201748,-0.9480526,-0.04013927
3267,130.68,0.8,-0.77881104,0.12635559,-0.949389,-0.041453958
3268,130.72,0.8,-1.4857174,-0.5690781,-0.95071554,-0.042759012
3269,130.76,0.8,-1.4916136,-0.5748786,-0.9520321,-0.0440542
3270,130.8,0.8,-0.99437004,-0.08570501,-0.95333844,-0.04533932
3271,130.84,1.0,-1.9767232,-1.0521151,-0.9546343,-0.046614178
3272,130.88,1.0,-0.4155144,0.48375607,-0.9559196,-0.047878608
3273,130.92,1.0,-1.2863307,-0.37292728,-0.95719415,-0.04913245
3274,130.96,1.0,-0.5840572,0.31794864,-0.95845777,-0.050375573
3275,131.0,1.0,-1.1387283,-0.22772038,-0.95971036,-0.051607847
3276,131.04,1.0,-0.8390257,0.06711819,-0.9609518,-0.052829154
3277,131.08,1.0,-0.450238,0.44959605,-0.96218204,-0.054039396
3278,131.12,1.0,-1.0919989,-0.18174943,-0.9634009,-0.055238474
3279,131.16,1.0,-1.0413029,-0.1318762,-0.9646083,-0.05642631
3280,131.2,1.0,-0.8897401,0.017226823,-0.9658042,-0.05760281
3281,131.24,1.0,-0.11982316,0.7746484,-0.96698856,-0.058767915
3282,131.28,1.0,-0.7297052,0.17466444,-0.9681612,-0.05992154
3283,131.32,1.0,-1.0673803,-0.15753037,-0.96932214,-0.061063625
3284,131.36,1.0,-0.9082927,-0.0010246783,-0.97047126,-0.062194105
3285,131.4,1.0,-0.36749417,0.530997,-0.9716085,-0.06331292
3286,131.44,1.0,-0.78677696,0.11851894,-0.9727339,-0.06442001
3287,131.48,1.0,-1.8311114,-0.9088665,-0.97384727,-0.06551531
3288,131.52,1.0,-0.2615955,0.63517696,-0.9749486,-0.06659878
3289,131.56,1.0,-1.0086068,-0.0997107,-0.97603786,-0.06767037
3290,131.6,1.0,-1.4541734,-0.53804606,-0.97711504,-0.06873003
3291,131.64,1.0,-0.9312631,-0.02362226,-0.97818,-0.069777705
3292,131.68,1.0,-1.1085256,-0.19800791,-0.9792327,-0.07081338
3293,131.72,1.0,-0.9162466,-0.008849472,-0.98027325,-0.07183701
3294,131.76,1.0,-0.85772705,0.048720323,-0.9813015,-0.072848566
3295,131.8,1.0,-1.0347223,-0.1254024,-0.98231745,-0.073848024
3296,131.84,1.0,-1.223435,-0.3110524,-0.9833211,-0.07483537
3297,131.88,1.0,-1.2043614,-0.29228836,-0.98431236,-0.075810574
3298,131.92,1.0,-1.3399798,-0.42570564,-0.9852913,-0.076773636
3299,131.96,1.0,-0.98864764,-0.08007549,-0.9862579,-0.07772455
3300,132.0,1.0,-1.0410982,-0.13167483,-0.9872122,-0.07866332
3301,132.04,1.0,-0.48457652,0.41581482,-0.98815405,-0.07958993
3302,132.08,1.0,-1.3615305,-0.4469067,-0.98908365,-0.0805044
3303,132.12,1.0,-1.1218966,-0.21116191,-0.99000084,-0.08140673
3304,132.16,1.0,-0.668593,0.23478484,-0.9909057,-0.08229692
3305,132.2,1.0,-1.2422128,-0.32952538,-0.9917983,-0.08317499
3306,132.24,1.0,-1.1649472,-0.25351375,-0.9926785,-0.08404095
3307,132.28,1.0,-0.90102094,0.006129071,-0.9935465,-0.0848948
3308,132.32,1.0,-1.2590752,-0.3461141,-0.9944021,-0.08573656
3309,132.36,1.0,-1.1633083,-0.25190145,-0.99524546,-0.08656623
3310,132.4,1.0,-0.78450006,0.12075888,-0.9960765,-0.087383814
3311,132.44,1.0,-1.2422239,-0.3295363,-0.9968953,-0.08818932
3312,132.48,1.0,-0.49848557,0.4021315,-0.9977018,-0.08898274
3313,132.52,1.0,-0.7574094,0.14740989,-0.99849606,-0.08976407
3314,132.56,1.0,-0.9675639,-0.05933395,-0.99927795,-0.090533294
3315,132.6,1.0,-1.0368702,-0.12751545,-1.0000476,-0.091290385
3316,132.64,1.0,-0.44858474,0.45122248,-1.0008048,-0.092035316
3317,132.68,1.0,-0.92715937,-0.019585133,-1.0015496,-0.09276806
3318,132.72,1.0,-0.99288726,-0.08424629,-1.002282,-0.09348855
3319,132.76,1.0,-1.1109077,-0.2003513,-1.0030019,-0.09419675
3320,132.8,1.0,-1.4045644,-0.48924208,-1.0037092,-0.09489259
3321,132.84,1.0,-0.39633662,0.5026226,-1.0044038,-0.095576
3322,132.88,1.0,-1.4772673,-0.5607651,-1.0050858,-0.0962469
3323,132.92,1.0,-1.0228847,-0.11375692,-1.005755,-0.09690519
3324,132.96,1.0,-0.8121017,0.09360518,-1.0064112,-0.09755078
3325,133.0,1.0,-0.4005351,0.49849224,-1.0070544,-0.098183565
3326,133.04,1.0,-1.6931365,-0.77313083,-1.0076846,-0.09880343
3327,133.08,1.0,-0.7694106,0.13560346,-1.0083014,-0.099410236
3328,133.12,1.0,-0.26421958,0.6325955,-1.0089048,-0.10000387
3329,133.16,1.0,-1.5732505,-0.6551905,-1.0094947,-0.100584164
3330,133.2,1.0,-1.24252,-0.3298276,-1.0100708,-0.10115099
3331,133.24,1.0,-1.0250527,-0.115889676,-1.0106331,-0.10170417
3332,133.28,1.0,-0.5253654,0.3756879,-1.0111815,-0.10224355
3333,133.32,1.0,-0.7673402,0.13764027,-1.0117155,-0.10276894
3334,133.36,1.0,-1.4803597,-0.5638073,-1.0122352,-0.10328017
3335,133.4,1.0,-1.055552,-0.14589402,-1.0127403,-0.103777036
3336,133.44,1.0,-1.6344068,-0.7153543,-1.0132304,-0.10425935
3337,133.48,1.0,-1.3926368,-0.4775081,-1.0137057,-0.1047269
3338,133.52,1.0,-0.59731364,0.30490735,-1.0141658,-0.10517949
3339,133.56,1.0,-1.1035452,-0.19310829,-1.0146104,-0.10561688
3340,133.6,1.0,-0.9893615,-0.08077778,-1.0150393,-0.10603887
3341,133.64,1.0,-0.52609205,0.37497306,-1.0154524,-0.1064452
3342,133.68,1.0,-0.69877076,0.20509687,-1.0158492,-0.10683565
3343,133.72,1.0,-0.83869493,0.06744357,-1.0162297,-0.107209966
3344,133.76,1.0,-0.96652675,-0.0583136,-1.0165936,-0.10756789
3345,133.8,1.0,-0.16526759,0.72994155,-1.0169405,-0.10790916
3346,133.84,1.0,-1.1764565,-0.26483625,-1.0172702,-0.1082335
3347,133.88,1.0,-0.4578218,0.44213533,-1.0175824,-0.108540624
3348,133.92,1.0,-0.8979086,0.00919088,-1.0178767,-0.108830266
3349,133.96,1.0,-0.5899399,0.31216145,-1.0181532,-0.10910212
3350,134.0,1.0,-1.3222408,-0.40825462,-1.0184112,-0.10935591
3351,134.04,1.0,-1.4614631,-0.5452174,-1.0186504,-0.10959134
3352,134.08,1.0,-0.6896949,0.21402544,-1.0188708,-0.10980812
3353,134.12,1.0,-1.591033,-0.67268443,-1.0190719,-0.11000596
3354,134.16,1.0,-1.265274,-0.3522124,-1.0192535,-0.11018459
3355,134.2,1.0,-1.2858175,-0.37242243,-1.0194153,-0.11034372
3356,134.24,1.0,-1.3855214,-0.4705082,-1.0195569,-0.110483095
3357,134.28,1.0,-0.73878175,0.16573521,-1.0196782,-0.11060245
3358,134.32,1.0,-0.88111204,0.025714867,-1.019779,-0.11070156
3359,134.36,1.0,-0.7946816,0.11074258,-1.0198588,-0.110780165
3360,134.4,1.0,-1.5495392,-0.6318641,-1.0199177,-0.110838056
3361,134.44,1.0,-1.3125592,-0.39873016,-1.0199553,-0.11087502
3362,134.48,0.9,-0.6341605,0.2686585,-1.0199714,-0.11089086
3363,134.52,0.8,-1.7901471,-0.868567,-1.0199658,-0.11088539
3364,134.56,0.8,-2.186185,-1.2581773,-1.0199385,-0.11085844
3365,134.6,0.8,-1.0943917,-0.18410337,-1.0198891,-0.11080987
3366,134.64,0.8,-0.55342126,0.3480874,-1.0198176,-0.11073953
3367,134.68,0.8,-1.1784229,-0.2667708,-1.0197238,-0.1106473
3368,134.72,0.8,-0.76246274,0.14243856,-1.0196077,-0.110533066
3369,134.76,0.8,-1.2173085,-0.3050253,-1.0194691,-0.110396735
3370,134.8,0.8,-0.41006517,0.4891169,-1.019308,-0.110238224
3371,134.84,0.8,-1.2525737,-0.3397182,-1.0191243,-0.11005745
3372,134.88,0.8,-1.3577791,-0.44321617,-1.0189178,-0.10985435
3373,134.92,0.8,-0.77215135,0.13290718,-1.0186886,-0.10962887
3374,134.96,0.8,-1.0634674,-0.15368094,-1.0184366,-0.10938096
3375,135.0,0.8,-1.3022727,-0.38861054,-1.0181618,-0.10911059
3376,135.04,0.8,-0.6581537,0.24505472,-1.017864,-0.10881771
3377,135.08,0.8,-1.1956631,-0.2837312,-1.0175434,-0.10850232
3378,135.12,0.8,-0.6815903,0.22199848,-1.0172,-0.1081644
3379,135.16,0.8,-0.28141618,0.615678,-1.0168335,-0.107803926
3380,135.2,0.8,-0.76265424,0.14225015,-1.0164442,-0.1074209
3381,135.24,0.8,-0.6527523,0.25036848,-1.016032,-0.10701533
3382,135.28,0.8,-0.6807469,0.22282818,-1.0155967,-0.10658721
3383,135.32,0.8,-1.4384018,-0.5225304,-1.0151386,-0.10613655
3384,135.36,0.8,-0.8543688,0.052024074,-1.0146576,-0.10566339
3385,135.4,0.8,-1.3519299,-0.43746185,-1.0141538,-0.105167724
3386,135.44,0.8,-1.2624263,-0.3494108,-1.0136272,-0.1046496
3387,135.48,0.8,-0.35450578,0.5437746,-1.0130777,-0.10410907
3388,135.52,0.8,-0.7755598,0.12955406,-1.0125055,-0.10354617
3389,135.56,0.8,-1.433056,-0.51727134,-1.0119107,-0.102960974
3390,135.6,0.8,-1.3141501,-0.4002952,-1.0112933,-0.10235356
3391,135.64,0.8,-1.3466654,-0.43228278,-1.0106533,-0.101724006
3392,135.68,0.8,-0.84929335,0.05701717,-1.0099909,-0.101072416
3393,135.72,0.8,-1.6899172,-0.7699638,-1.0093063,-0.10039891
3394,135.76,0.8,-1.0575612,-0.14787057,-1.0085996,-0.09970362
3395,135.8,0.8,-0.9080504,-0.0007863194,-1.0078708,-0.098986685
3396,135.84,0.8,-1.047855,-0.13832195,-1.0071203,-0.09824826
3397,135.88,0.8,-0.94766414,-0.039757125,-1.0063479,-0.09748852
3398,135.92,0.8,-0.83303225,0.07301434,-1.0055542,-0.09670766
3399,135.96,0.8,-0.94454974,-0.036693268,-1.0047392,-0.09590587
3400,136.0,0.8,-1.4471492,-0.53113574,-1.0039032,-0.09508337
3401,136.04,0.8,-0.80122983,0.104300626,-1.0030463,-0.09424038
3402,136.08,0.8,-1.4466913,-0.5306853,-1.0021688,-0.09337716
3403,136.12,0.8,-1.1494836,-0.23830113,-1.001271,-0.092493944
3404,136.16,0.8,-0.8468683,0.059402876,-1.0003531,-0.09159101
3405,136.2,0.8,-1.2476435,-0.33486795,-0.9994156,-0.09066863
3406,136.24,0.8,-0.9061402,0.0010928959,-0.9984585,-0.08972711
3407,136.28,0.8,-0.49417776,0.4063694,-0.9974823,-0.088766746
3408,136.32,0.8,-0.8631947,0.043341406,-0.99648726,-0.087787844
3409,136.36,0.8,-1.2365538,-0.32395825,-0.9954737,-0.08679073
3410,136.4,0.8,-0.98823345,-0.079668015,-0.9944419,-0.08577574
3411,136.44,0.8,-1.298382,-0.38478306,-0.99339235,-0.08474321
3412,136.48,0.8,-0.90106386,0.006086856,-0.99232537,-0.08369349
3413,136.52,0.8,-0.5691825,0.33258197,-0.9912412,-0.082626946
3414,136.56,0.8,-1.3153095,-0.4014358,-0.9901403,-0.08154393
3415,136.6,0.8,-0.770965,0.1340743,-0.9890231,-0.08044483
3416,136.64,0.8,-1.0087271,-0.09982903,-0.9878899,-0.079330005
3417,136.68,0.8,-1.1481303,-0.23696983,-0.98674107,-0.078199856
3418,136.72,0.8,-1.0603614,-0.15062535,-0.9855771,-0.077054776
3419,136.76,0.8,-0.95910996,-0.051017188,-0.98439837,-0.07589515
3420,136.8,0.8,-0.3105442,0.5870227,-0.98320526,-0.074721396
3421,136.84,0.8,-0.6293546,0.27338642,-0.98199815,-0.073533915
3422,136.88,0.8,-0.8742436,0.03247183,-0.98077756,-0.07233311
3423,136.92,0.8,-0.60292995,0.2993822,-0.9795438,-0.07111941
3424,136.96,0.8,-0.98011816,-0.07168443,-0.9782974,-0.06989324
3425,137.0,0.8,-1.3044595,-0.39076182,-0.9770388,-0.06865502
3426,137.04,0.8,-0.9566018,-0.048549727,-0.9757683,-0.067405194
3427,137.08,0.8,-1.1171463,-0.20648864,-0.97448653,-0.06614419
3428,137.12,0.8,-0.71655333,0.18760288,-0.9731938,-0.064872466
3429,137.16,0.8,-0.7581125,0.1467182,-0.9718907,-0.063590474
3430,137.2,0.8,-1.3983525,-0.48313105,-0.9705776,-0.062298693
3431,137.24,0.8,-0.8942192,0.012820415,-0.96925503,-0.060997594
3432,137.28,0.8,-0.9398164,-0.032036766,-0.96792346,-0.059687663
3433,137.32,0.8,-1.5381281,-0.6206382,-0.9665835,-0.0583694
3434,137.36,0.8,-1.4623048,-0.5460455,-0.96523553,-0.05704332
3435,137.4,0.8,-0.5067462,0.394005,-0.9638801,-0.055709947
3436,137.44,0.8,-1.0112072,-0.102268934,-0.9625179,-0.05436981
3437,137.48,0.8,-1.3919871,-0.47686893,-0.96114933,-0.05302347
3438,137.52,0.8,-0.7278178,0.17652127,-0.95977503,-0.051671475
3439,137.56,0.8,-0.6225171,0.28011295,-0.9583956,-0.050314404
3440,137.6,0.8,-1.2008355,-0.2888196,-0.9570116,-0.048952844
3441,137.64,0.8,-1.060735,-0.15099289,-0.95562357,-0.04758739
3442,137.68,0.8,-1.5425968,-0.62503433,-0.9542323,-0.046218652
3443,137.72,0.7,-1.4609596,-0.544722,-0.95283824,-0.044847254
3444,137.76,0.5,-1.1115499,-0.20098305,-0.9514422,-0.04347382
3445,137.8,0.1,-0.7065799,0.19741443,-0.95004463,-0.042099003
3446,137.84,0.0,-0.95172095,-0.043748103,-0.9486464,-0.040723447
3447,137.88,0.0,-1.5365257,-0.61906177,-0.9472481,-0.039347816
3448,137.92,0.0,-0.87017107,0.036478274,-0.9458504,-0.03797278
3449,137.96,0.0,-0.81476516,0.09098498,-0.94445395,-0.036599018
3450,138.0,0.0,-0.5319194,0.36924028,-0.9430595,-0.035227194
3451,138.04,0.0,-0.7408826,0.16366848,-0.9416677,-0.033858005
3452,138.08,0.0,-0.77765584,0.12749201,-0.9402793,-0.03249212
3453,138.12,0.0,-0.81993854,0.085895546,-0.9388949,-0.031130232
3454,138.16,0.0,-0.972468,-0.06415845,-0.9375153,-0.02977302
3455,138.2,0.0,-0.7453736,0.15925035,-0.9361412,-0.028421162
3456,138.24,0.0,-1.5499212,-0.6322398,-0.93477315,-0.02707534
3457,138.28,0.0,-1.5622829,-0.64440095,-0.93341196,-0.025736226
3458,138.32,0.0,-0.5942995,0.3078726,-0.9320582,-0.024404494
3459,138.36,0.0,-0.7902521,0.11510021,-0.9307127,-0.02308081
3460,138.4,0.0,-0.7439835,0.16061789,-0.92937607,-0.021765837
3461,138.44,0.0,-0.79705364,0.10840904,-0.9280489,-0.020460224
3462,138.48,0.0,-1.3986464,-0.4834201,-0.92673194,-0.019164616
3463,138.52,0.0,-0.64972496,0.25334668,-0.92542577,-0.017879648
3464,138.56,0.0,-0.5772817,0.3246142,-0.92413104,-0.016605943
3465,138.6,0.0,-0.23559165,0.6607588,-0.9228484,-0.015344112
3466,138.64,0.0,-1.3381096,-0.42386585,-0.9215784,-0.014094751
3467,138.68,0.0,-1.0158759,-0.106861874,-0.9203217,-0.012858446
3468,138.72,0.0,-0.862361,0.044161566,-0.9190789,-0.0116357645
3469,138.76,0.0,-1.3480175,-0.4336129,-0.91785043,-0.010427261
3470,138.8,0.0,-0.55997705,0.341638,-0.91663694,-0.009233474
3471,138.84,0.0,-1.0072895,-0.09841482,-0.91543895,-0.008054926
3472,138.88,0.0,-0.51063997,0.3901744,-0.914257,-0.0068921214
3473,138.92,0.0,-0.69628847,0.20753884,-0.9130915,-0.0057455488
3474,138.96,0.0,-0.35020685,0.5480038,-0.91194296,-0.004615676
3475,139.0,0.0,-0.47359455,0.42661858,-0.9108119,-0.003502954
3476,139.04,0.0,-1.2063829,-0.29427698,-0.90969867,-0.0024078144
3477,139.08,0.0,-0.397079,0.5018923,-0.9086038,-0.0013306699
3478,139.12,0.0,-0.6947671,0.20903552,-0.90752757,-0.00027191616
3479,139.16,0.0,-0.98767734,-0.07912093,-0.9064704,0.0007680688
3480,139.2,0.0,-0.68183017,0.22176248,-0.9054327,0.0017889232
3481,139.24,0.0,-1.2406527,-0.32799062,-0.90441483,0.0027903002
3482,139.28,0.0,-1.2903417,-0.37687322,-0.90341705,0.003771867
3483,139.32,0.0,-1.4388435,-0.5229649,-0.9024398,0.004733304
3484,139.36,0.0,-1.3086829,-0.39491674,-0.90148324,0.005674303
3485,139.4,0.0,-0.6766007,0.2269071,-0.9005478,0.006594568
3486,139.44,0.0,-1.3596965,-0.44510242,-0.8996337,0.0074938135
3487,139.48,0.0,-1.0007194,-0.091951355,-0.89874125,0.008371766
3488,139.52,0.0,-1.3962127,-0.48102593,-0.8978707,0.009228161
3489,139.56,0.0,-1.2851626,-0.3717781,-0.89702237,0.0100627495
3490,139.6,0.0,-0.5816808,0.32028654,-0.8961964,0.010875291
3491,139.64,0.0,-0.6539371,0.2492029,-0.89539313,0.011665563
3492,139.68,0.0,-0.8377147,0.06840793,-0.89461267,0.012433355
3493,139.72,0.0,-1.238503,-0.3258758,-0.8938553,0.01317847
3494,139.76,0.0,-0.13557726,0.75915,-0.89312106,0.013900731
3495,139.8,0.0,-1.2206897,-0.30835158,-0.8924103,0.014599977
3496,139.84,0.0,-0.65788656,0.24531752,-0.89172304,0.015276067
3497,139.88,0.0,-1.4346796,-0.5188686,-0.89105946,0.015928876
3498,139.92,0.0,-0.6596577,0.2435751,-0.89041966,0.016558303
3499,139.96,0.0,-1.0791252,-0.16908461,-0.8898037,0.017164262
3500,140.0,0.0,-0.89121616,0.015774734,-0.88921165,0.017746694
3501,140.04,0.0,-0.87904656,0.027746819,-0.88864356,0.018305559
3502,140.08,0.0,-1.0673321,-0.15748298,-0.8880995,0.01884084
3503,140.12,0.0,-0.26490796,0.63191825,-0.8875793,0.019352544
3504,140.16,0.0,-0.30253112,0.59490573,-0.8870831,0.019840708
3505,140.2,0.0,-0.48534328,0.41506052,-0.88661075,0.02030539
3506,140.24,0.0,-1.2189264,-0.30661696,-0.8861622,0.02074667
3507,140.28,0.0,-0.74829936,0.15637207,-0.8857373,0.021164669
3508,140.32,0.0,-1.163758,-0.25234392,-0.8853359,0.021559522
3509,140.36,0.0,-1.0161866,-0.1071675,-0.8849579,0.021931391
3510,140.4,0.0,-0.7756494,0.12946588,-0.8846031,0.022280473
3511,140.44,0.0,-0.5841011,0.3179055,-0.8842712,0.022606986
3512,140.48,0.0,-0.8294066,0.07658113,-0.883962,0.022911172
3513,140.52,0.0,-0.7038374,0.20011246,-0.8836752,0.023193303
3514,140.56,0.0,-0.3719012,0.52666146,-0.8834105,0.02345368
3515,140.6,0.0,-1.1867547,-0.27496737,-0.8831676,0.023692625
3516,140.64,0.0,-1.1928595,-0.2809731,-0.8829462,0.023910485
3517,140.68,0.0,-1.634419,-0.71536624,-0.8827458,0.024107639
3518,140.72,0.0,-0.61342514,0.28905734,-0.88256603,0.024284486
3519,140.76,0.0,-0.92465115,-0.01711762,-0.8824065,0.024441447
3520,140.8,0.0,-0.94026256,-0.032475665,-0.8822667,0.024578974
3521,140.84,0.0,-1.0669134,-0.157071,-0.8821462,0.024697538
3522,140.88,0.0,-0.55251825,0.34897575,-0.8820444,0.02479764
3523,140.92,0.0,-0.9826405,-0.074165836,-0.88196087,0.0248798
3524,140.96,0.0,-0.21922112,0.6768637,-0.88189507,0.02494457
3525,141.0,0.0,-0.6098422,0.29258215,-0.8818463,0.02499252
3526,141.04,0.0,-0.72804135,0.1763013,-0.88181406,0.025024254
3527,141.08,0.0,-1.0014269,-0.09264737,-0.8817977,0.025040396
3528,141.12,0.0,-1.090172,-0.1799522,-0.8817964,0.025041595
3529,141.16,0.0,-0.83117086,0.074845545,-0.8818097,0.025028527
3530,141.2,0.0,-0.36484593,0.5336023,-0.8818368,0.025001885
3531,141.24,0.0,-0.8751316,0.031598233,-0.88187695,0.024962394
3532,141.28,0.0,-0.789701,0.115642376,-0.8819294,0.02491079
3533,141.32,0.0,-1.2778119,-0.36454675,-0.88199335,0.02484784
3534,141.36,0.0,-0.52928704,0.37182996,-0.8820681,0.024774328
3535,141.4,0.0,-0.6358518,0.26699466,-0.88215274,0.024691053
3536,141.44,0.0,-1.1706614,-0.2591353,-0.8822465,0.024598835
3537,141.48,0.0,-0.9713437,-0.06305237,-0.8823485,0.024498513
3538,141.52,0.0,-0.46504104,0.43503326,-0.8824578,0.024390936
3539,141.56,0.0,-0.8213104,0.08454595,-0.88257366,0.024276976
3540,141.6,0.0,-1.0243837,-0.11523153,-0.8826951,0.024157511
3541,141.64,0.0,-0.46932632,0.43081754,-0.8828212,0.024033433
3542,141.68,0.0,-0.4433707,0.45635188,-0.8829511,0.02390565
3543,141.72,0.0,-0.57424855,0.32759812,-0.8830838,0.02377507
3544,141.76,0.0,-0.7519945,0.1527369,-0.88321847,0.023642618
3545,141.8,0.0,-1.308039,-0.39428324,-0.88335407,0.02350922
3546,141.84,0.0,-1.8912321,-0.96801144,-0.88348967,0.023375804
3547,141.88,0.0,-0.98262644,-0.074152,-0.8836244,0.023243302
3548,141.92,0.0,-1.0534903,-0.14386576,-0.8837572,0.023112644
3549,141.96,0.0,-0.6041135,0.29821786,-0.8838872,0.022984758
3550,142.0,0.0,-0.6526278,0.2504909,-0.8840134,0.022860568
3551,142.04,0.0,-1.1775038,-0.26586664,-0.884135,0.022740994
3552,142.08,0.0,-0.476237,0.42401898,-0.8842509,0.022626951
3553,142.12,0.0,-0.8257399,0.08018833,-0.88436025,0.022519346
3554,142.16,0.0,-1.3338461,-0.41967154,-0.8844622,0.02241908
3555,142.2,0.0,-0.60721785,0.2951639,-0.88455576,0.022327038
3556,142.24,0.0,-1.0242041,-0.11505491,-0.8846401,0.022244101
3557,142.28,0.0,-0.30569243,0.59179574,-0.88471425,0.022171136
3558,142.32,0.0,-0.67396575,0.22949928,-0.8847774,0.022108994
3559,142.36,0.0,-1.3738241,-0.45900074,-0.88482875,0.022058513
3560,142.4,0.0,-0.7050868,0.1988833,-0.88486737,0.022020513
3561,142.44,0.0,-0.8500755,0.05624772,-0.88489246,0.021995794
3562,142.48,0.0,-0.7952136,0.11021925,-0.8849033,0.02198514
3563,142.52,0.0,-0.29636526,0.6009715,-0.8848991,0.021989308
3564,142.56,0.0,-0.7623886,0.14251149,-0.884879,0.022009034
3565,142.6,0.0,-0.8798622,0.026944436,-0.88484246,0.022045027
3566,142.64,0.0,-1.3834168,-0.4684377,-0.88478863,0.02209797
3567,142.68,0.0,-1.3123523,-0.39852658,-0.8847169,0.022168512
3568,142.72,0.0,-0.87986726,0.026939444,-0.8846267,0.02225727
3569,142.76,0.0,-1.0894947,-0.17928585,-0.8845174,0.02236483
3570,142.8,0.0,-1.1806805,-0.26899174,-0.8843883,0.022491736
3571,142.84,0.0,-0.40683132,0.49229825,-0.88423914,0.022638496
3572,142.88,0.0,-1.4168202,-0.501299,-0.8840693,0.022805579
3573,142.92,0.0,-1.2824898,-0.3691487,-0.8838784,0.022993414
3574,142.96,0.0,-1.2505409,-0.3377183,-0.883666,0.023202384
3575,143.0,0.0,-0.751624,0.15310141,-0.88343173,0.02343283
3576,143.04,0.0,-0.88747483,0.019455336,-0.8831754,0.023685051
3577,143.08,0.0,-1.0808169,-0.17074884,-0.8828966,0.0239593
3578,143.12,0.0,-0.7772862,0.12785569,-0.8825952,0.02425578
3579,143.16,0.0,-1.4793332,-0.5627974,-0.88227105,0.024574656
3580,143.2,0.0,-0.48967946,0.41079468,-0.88192403,0.024916042
3581,143.24,0.0,-1.4561137,-0.53995484,-0.88155407,0.025280006
3582,143.28,0.0,-0.8329251,0.07311977,-0.88116115,0.02566657
3583,143.32,0.0,-0.91270065,-0.00536108,-0.88074523,0.026075711
3584,143.36,0.0,-0.7611417,0.14373815,-0.8803065,0.026507357
3585,143.4,0.0,-1.335685,-0.4214806,-0.87984496,0.026961392
3586,143.44,0.0,-1.6678503,-0.748255,-0.87936085,0.027437652
3587,143.48,0.0,-0.58263916,0.31934372,-0.87885433,0.027935928
3588,143.52,0.0,-0.7499088,0.15478873,-0.8783257,0.028455969
3589,143.56,0.0,-1.1333264,-0.2224062,-0.87777525,0.028997479
3590,143.6,0.0,-1.2737644,-0.36056492,-0.87720335,0.029560117
3591,143.64,0.0,-0.46206802,0.437958,-0.87661034,0.030143503
3592,143.68,0.0,-0.74664915,0.15799549,-0.87599665,0.030747216
3593,143.72,0.0,-0.96607834,-0.05787247,-0.8753628,0.031370796
3594,143.76,0.0,-0.67511034,0.22837326,-0.87470925,0.032013744
3595,143.8,0.0,-0.78741556,0.11789069,-0.87403655,0.03267553
3596,143.84,0.0,-1.3515494,-0.4370875,-0.87334526,0.03335558
3597,143.88,0.0,-0.5841481,0.31785923,-0.8726361,0.03405329
3598,143.92,0.0,-0.70999074,0.19405895,-0.87190956,0.03476802
3599,143.96,0.0,-0.7413126,0.16324541,-0.8711664,0.035499103
3600,144.0,0.0,-1.0208305,-0.111736044,-0.87040734,0.036245838
3601,144.04,0.0,-0.96820086,-0.059960548,-0.86963314,0.037007492
3602,144.08,0.0,-0.76529026,0.13965693,-0.8688445,0.0377833
3603,144.12,0.0,-0.9351797,-0.027475312,-0.8680423,0.038572475
3604,144.16,0.0,-1.4528515,-0.5367456,-0.8672274,0.039374202
3605,144.2,0.0,-1.4138012,-0.498329,-0.86640054,0.040187635
3606,144.24,0.0,0.13029897,1.0207112,-0.8655627,0.0410119
3607,144.28,0.0,-0.4453351,0.45441937,-0.8647147,0.041846104
3608,144.32,0.0,-1.0000011,-0.09124465,-0.86385757,0.04268934
3609,144.36,0.0,-1.2893646,-0.37591192,-0.86299217,0.043540657
3610,144.4,0.0,-1.435991,-0.52015877,-0.86211956,0.044399105
3611,144.44,0.0,-1.0064442,-0.09758323,-0.8612407,0.045263708
3612,144.48,0.0,0.11091435,1.0016412,-0.86035657,0.04613347
3613,144.52,0.0,-0.8260896,0.0798443,-0.8594683,0.047007374
3614,144.56,0.0,-1.1045331,-0.19408016,-0.8585768,0.047884405
3615,144.6,0.0,-1.0842482,-0.17412448,-0.8576832,0.048763514
3616,144.64,0.0,-0.75280035,0.15194413,-0.8567885,0.04964365
3617,144.68,0.0,-0.4978547,0.40275216,-0.85589385,0.050523754
3618,144.72,0.0,-0.7441175,0.16048607,-0.8550004,0.05140275
3619,144.76,0.0,-0.82557285,0.08035269,-0.8541091,0.052279558
3620,144.8,0.0,-1.1605558,-0.2491937,-0.8532212,0.05315309
3621,144.84,0.0,-1.0934279,-0.18315521,-0.85233766,0.054022245
3622,144.88,0.0,-0.8612265,0.045277663,-0.85145974,0.054885924
3623,144.92,0.0,-1.6012645,-0.68274987,-0.8505885,0.05574302
3624,144.96,0.0,-0.9150919,-0.0077134892,-0.84972507,0.056592423
3625,145.0,0.0,-0.8272691,0.07868398,-0.84887064,0.057433028
3626,145.04,0.0,-0.5956956,0.30649915,-0.8480262,0.058263715
3627,145.08,0.0,-0.23532283,0.66102326,-0.84719306,0.059083384
3628,145.12,0.0,-1.2530493,-0.340186,-0.8463722,0.059890922
3629,145.16,0.0,-0.67377555,0.22968641,-0.8455648,0.060685243
3630,145.2,0.0,-0.48984557,0.4106313,-0.84477186,0.061465245
3631,145.24,0.0,-1.0025878,-0.0937894,-0.8439947,0.062229857
3632,145.28,0.0,-0.7569387,0.14787295,-0.8432342,0.062978
3633,145.32,0.0,-0.7458912,0.15874115,-0.8424915,0.063708626
3634,145.36,0.0,-1.0919029,-0.18165492,-0.84176767,0.064420685
3635,145.4,0.0,-0.46578223,0.43430412,-0.8410638,0.06511314
3636,145.44,0.0,-0.9117124,-0.0043888763,-0.84038085,0.065785
3637,145.48,0.0,-0.69473565,0.20906648,-0.8397199,0.06643524
3638,145.52,-0.1,-1.1076025,-0.19709975,-0.8390819,0.06706291
3639,145.56,-0.1,-0.6552027,0.24795786,-0.8384678,0.06766703
3640,145.6,-0.1,-0.6302339,0.2725214,-0.8378786,0.06824667
3641,145.64,-0.1,-0.68953127,0.2141864,-0.8373152,0.06880091
3642,145.68,-0.1,-0.3357147,0.5622607,-0.8367785,0.06932887
3643,145.72,-0.1,-1.2619509,-0.3489431,-0.8362695,0.069829665
3644,145.76,-0.1,-1.3946416,-0.47948042,-0.8357889,0.070302464
3645,145.8,-0.1,-1.0137931,-0.10481285,-0.8353376,0.07074643
3646,145.84,-0.1,-0.49821538,0.40239733,-0.8349164,0.07116078
3647,145.88,-0.1,-0.40421325,0.49487388,-0.8345261,0.071544744
3648,145.92,-0.1,-1.1265821,-0.21577138,-0.8341674,0.07189758
3649,145.96,-0.1,-0.64230716,0.26064408,-0.83384115,0.07221858
3650,146.0,-0.1,-0.62227076,0.28035527,-0.8335479,0.07250706
3651,146.04,-0.1,-0.13487905,0.7598369,-0.8332884,0.07276238
3652,146.08,0.0,-1.3262634,-0.41221192,-0.8330632,0.07298389
3653,146.12,0.0,-0.9343314,-0.02664078,-0.832873,0.073171034
3654,146.16,0.0,-0.6300136,0.27273813,-0.83271825,0.07332324
3655,146.2,0.0,-0.67160094,0.23182571,-0.8325996,0.073439986
3656,146.24,0.0,-1.2159047,-0.30364427,-0.83251745,0.07352079
3657,146.28,0.0,-0.41499293,0.48426908,-0.8324723,0.07356517
3658,146.32,0.0,-1.3157754,-0.40189412,-0.8324647,0.07357272
3659,146.36,0.0,-1.057514,-0.14782412,-0.83249485,0.073543034
3660,146.4,0.0,-0.14961302,0.7453421,-0.8325632,0.07347577
3661,146.44,0.0,-0.740952,0.16360018,-0.83267015,0.07337058
3662,146.48,0.0,-0.3484952,0.5496877,-0.8328159,0.07322719
3663,146.52,0.0,-0.84968,0.056636773,-0.8330008,0.07304534
3664,146.56,0.0,-0.6350179,0.26781505,-0.83322495,0.0728248
3665,146.6,0.0,-0.8590981,0.04737156,-0.83348864,0.07256539
3666,146.64,0.0,-0.54926324,0.35217795,-0.833792,0.07226695
3667,146.68,0.0,-0.5763477,0.32553306,-0.8341351,0.071929365
3668,146.72,0.0,-0.6524663,0.2506498,-0.8345182,0.07155254
3669,146.76,0.0,-1.0679886,-0.15812881,-0.83494115,0.071136415
3670,146.8,0.0,-0.9189875,-0.011545904,-0.8354041,0.07068097
3671,146.84,0.0,-1.0091023,-0.10019822,-0.83590704,0.070186205
3672,146.88,0.0,-1.4109806,-0.49555418,-0.8364499,0.06965215
3673,146.92,0.0,-0.29023218,0.60700506,-0.8370327,0.069078855
3674,146.96,0.0,-0.59453976,0.30763623,-0.8376552,0.068466425
3675,147.0,0.0,-0.65791726,0.2452873,-0.83831745,0.067814946
3676,147.04,0.0,-1.0807053,-0.17063908,-0.8390192,0.06712457
3677,147.08,0.0,-0.44077444,0.458906,-0.83976036,0.06639545
3678,147.12,0.0,-0.5672338,0.33449903,-0.8405407,0.06562776
3679,147.16,0.0,-0.80990666,0.09576463,-0.84136003,0.06482171
3680,147.2,0.0,-0.9537231,-0.045717724,-0.84221816,0.06397754
3681,147.24,0.0,-1.049293,-0.13973664,-0.84311473,0.06309547
3682,147.28,0.0,-0.57712966,0.32476377,-0.84404963,0.06217578
3683,147.32,0.0,-1.2646334,-0.35158217,-0.84502244,0.061218735
3684,147.36,0.0,-0.7685207,0.1364789,-0.846033,0.06022463
3685,147.4,0.0,-1.2186766,-0.30637115,-0.8470808,0.05919377
3686,147.44,0.0,-1.2002705,-0.28826386,-0.84816575,0.05812647
3687,147.48,0.0,-1.6335363,-0.714498,-0.84928733,0.057023056
3688,147.52,0.0,-0.95112896,-0.043165714,-0.85044533,0.05588387
3689,147.56,0.0,-0.6594677,0.24376202,-0.85163933,0.054709252
3690,147.6,0.0,-0.42968595,0.4698146,-0.852869,0.05349956
3691,147.64,0.0,-1.03475,-0.12542962,-0.8541339,0.05225516
3692,147.68,0.0,-0.94338727,-0.03554967,-0.85543376,0.050976425
3693,147.72,0.0,-0.99905866,-0.09031754,-0.8567681,0.049663737
3694,147.76,0.0,-1.2301415,-0.31765005,-0.85813653,0.04831749
3695,147.8,0.0,-1.0550956,-0.14544497,-0.85953873,0.04693808
3696,147.84,0.0,-0.9957129,-0.08702606,-0.86097413,0.045525923
3697,147.88,0.0,-0.8878531,0.019083224,-0.8624425,0.044081435
3698,147.92,0.0,-0.9825866,-0.07411283,-0.8639432,0.042605046
3699,147.96,0.0,-0.61129904,0.29114896,-0.86547595,0.0410972
3700,148.0,0.0,-0.975219,-0.066864796,-0.8670402,0.039558344
3701,148.04,0.0,-1.0256777,-0.11650454,-0.8686355,0.037988946
3702,148.08,0.0,-0.17395943,0.7213908,-0.8702613,0.036389478
3703,148.12,0.0,-1.672889,-0.753212,-0.87191725,0.03476043
3704,148.16,0.0,-1.207273,-0.29515266,-0.87360275,0.033102315
3705,148.2,0.0,-0.90862715,-0.0013536885,-0.8753172,0.03141564
3706,148.24,0.0,-1.166026,-0.25457507,-0.8770602,0.029700954
3707,148.28,0.0,-0.865889,0.04069083,-0.8788311,0.0279588
3708,148.32,0.0,-1.1479309,-0.23677361,-0.8806293,0.026189748
3709,148.36,0.0,0.3256477,1.2128894,-0.8824543,0.024394395
3710,148.4,0.0,-0.9939391,-0.08528107,-0.8843054,0.022573348
3711,148.44,0.0,-0.6946497,0.20915103,-0.88618195,0.020727245
3712,148.48,0.0,-0.8364972,0.069605656,-0.8880833,0.018856743
3713,148.52,0.0,0.06253672,0.95404863,-0.89000875,0.016962525
3714,148.56,0.0,-0.7145894,0.1895349,-0.89195764,0.015045297
3715,148.6,0.0,-1.0050514,-0.09621299,-0.8939291,0.013105797
3716,148.64,0.0,-0.81345934,0.09226961,-0.8959225,0.011144781
3717,148.68,0.0,-1.5645306,-0.64661217,-0.89793694,0.009163033
3718,148.72,0.0,-1.063004,-0.1532251,-0.8999716,0.0071613626
3719,148.76,0.0,-0.47354484,0.42666745,-0.9020257,0.0051406026
3720,148.8,0.0,-0.277641,0.61939186,-0.90409833,0.0031016106
3721,148.84,0.0,-1.0791243,-0.16908379,-0.9061886,0.0010452676
3722,148.88,0.0,-0.55649614,0.3450624,-0.90829563,-0.00102752
3723,148.92,0.0,-0.35130292,0.5469255,-0.91041833,-0.003115823
3724,148.96,0.0,-0.81670785,0.089073814,-0.91255593,-0.0052186884
3725,149.0,0.0,-0.8392266,0.06692053,-0.9147073,-0.0073351418
3726,149.04,0.0,-0.75969034,0.14516595,-0.9168714,-0.009464188
3727,149.08,-0.2,-0.35886878,0.5394824,-0.9190474,-0.01160481
3728,149.12,-0.2,-0.51239985,0.38844305,-0.9212341,-0.013755978
3729,149.16,-0.2,-1.2420318,-0.32934734,-0.9234304,-0.015916642
3730,149.2,-0.2,-1.7335021,-0.8128414,-0.9256352,-0.018085739
3731,149.24,-0.2,-0.9450315,-0.03716723,-0.9278476,-0.020262195
3732,149.28,-0.2,-1.0240827,-0.11493541,-0.93006635,-0.022444928
3733,149.32,-0.2,-0.8256247,0.08030168,-0.9322904,-0.024632847
3734,149.36,-0.2,-1.1287507,-0.21790472,-0.9345185,-0.026824852
3735,149.4,-0.2,-1.8957253,-0.97243166,-0.9367497,-0.029019844
3736,149.44,-0.2,-0.61731845,0.28522724,-0.93898284,-0.031216718
3737,149.48,-0.1,-1.0390614,-0.12967108,-0.94121677,-0.033414368
3738,149.52,0.0,-0.93389213,-0.026208632,-0.94345033,-0.03561168
3739,149.56,0.0,-1.2090541,-0.29690486,-0.9456824,-0.037807558
3740,149.6,0.0,-0.9817519,-0.073291674,-0.9479119,-0.040000882
3741,149.64,0.0,-0.5592047,0.34239784,-0.95013773,-0.04219055
3742,149.68,0.0,-0.56484616,0.33684793,-0.95235866,-0.04437546
3743,149.72,0.0,-1.5895047,-0.67118096,-0.95457363,-0.046554502
3744,149.76,0.0,-0.8019955,0.10354737,-0.95678157,-0.048726577
3745,149.8,0.0,-1.1081249,-0.19761364,-0.9589813,-0.05089059
3746,149.84,0.0,-0.68701094,0.2166658,-0.9611717,-0.053045444
3747,149.88,0.0,-0.8428198,0.06338563,-0.96335167,-0.055190057
3748,149.92,0.0,-0.52185273,0.3791436,-0.96552014,-0.05732334
3749,149.96,0.0,-0.30573064,0.59175813,-0.96767604,-0.05944422
3750,150.0,0.0,-0.97586095,-0.067496315,-0.9698182,-0.061551627
3751,150.04,0.0,-1.4368526,-0.5210063,-0.9719456,-0.0636445
3752,150.08,0.0,-1.2212245,-0.3088778,-0.97405714,-0.065721795
3753,150.12,0.0,-0.4909708,0.40952432,-0.9761518,-0.06778247
3754,150.16,0.0,-0.9964996,-0.08780001,-0.97822857,-0.06982551
3755,150.2,0.0,-0.62432146,0.27833787,-0.98028636,-0.07184989
3756,150.24,0.0,-1.3239048,-0.40989152,-0.9823242,-0.07385464
3757,150.28,0.0,-1.0206447,-0.111553214,-0.984341,-0.075838774
3758,150.32,0.0,-1.5920136,-0.6736491,-0.986336,-0.07780135
3759,150.36,0.0,-0.88778543,0.019149788,-0.9883081,-0.079741426
3760,150.4,0.0,-0.70167387,0.20224085,-0.99025637,-0.08165811
3761,150.44,0.0,-1.6245573,-0.7056646,-0.99218,-0.08355052
3762,150.48,0.0,-0.45812172,0.4418403,-0.9940781,-0.0854178
3763,150.52,0.0,-0.8872088,0.01971703,-0.9959498,-0.08725912
3764,150.56,0.0,-1.4162735,-0.50076115,-0.99779433,-0.0890737
3765,150.6,0.0,-1.4588476,-0.5426444,-0.99961084,-0.09086077
3766,150.64,0.0,-0.39542186,0.5035225,-1.0013987,-0.09261958
3767,150.68,0.0,-1.164372,-0.2529479,-1.0031571,-0.09434945
3768,150.72,0.0,-0.85091174,0.05542504,-1.0048854,-0.096049696
3769,150.76,0.0,-1.4100329,-0.49462184,-1.006583,-0.0977197
3770,150.8,0.0,-1.0909387,-0.1807064,-1.0082492,-0.099358864
3771,150.84,0.0,-1.6994483,-0.77934027,-1.0098834,-0.10096662
3772,150.88,0.0,-0.9277818,-0.020197488,-1.0114852,-0.102542445
3773,150.92,0.0,-1.1949457,-0.2830254,-1.0130541,-0.10408587
3774,150.96,0.0,-0.9745584,-0.06621492,-1.0145897,-0.105596446
3775,151.0,0.0,-0.9745824,-0.06623849,-1.0160913,-0.10707377
3776,151.04,0.0,-0.72006965,0.18414363,-1.0175588,-0.10851747
3777,151.08,0.0,-1.4393164,-0.5234301,-1.0189918,-0.10992723
3778,151.12,0.0,-1.4869705,-0.57031083,-1.02039,-0.111302756
3779,151.16,0.0,-1.7006726,-0.7805447,-1.0217532,-0.1126438
3780,151.2,0.0,-1.0925521,-0.1822936,-1.0230812,-0.11395017
3781,151.24,0.0,-0.4564103,0.44352394,-1.0243737,-0.11522169
3782,151.28,0.0,-1.4049324,-0.48960415,-1.0256306,-0.11645822
3783,151.32,0.0,-1.0509632,-0.14137965,-1.0268519,-0.11765969
3784,151.36,0.0,-1.0879624,-0.1777784,-1.0280374,-0.118826024
3785,151.4,0.0,-0.52198523,0.37901324,-1.0291873,-0.11995721
3786,151.44,0.0,-1.2733314,-0.36013895,-1.0303015,-0.12105327
3787,151.48,0.0,-1.7604624,-0.8393641,-1.0313799,-0.12211424
3788,151.52,0.0,-0.30008638,0.5973108,-1.0324228,-0.123140216
3789,151.56,0.0,-1.0235792,-0.11444016,-1.0334302,-0.1241313
3790,151.6,0.0,-1.5704184,-0.65240437,-1.0344024,-0.12508763
3791,151.64,0.0,-1.2404962,-0.32783663,-1.0353394,-0.1260094
3792,151.68,0.0,-1.3033029,-0.38962403,-1.0362414,-0.12689681
3793,151.72,0.0,-0.9036285,0.0035638139,-1.0371088,-0.12775008
3794,151.76,0.0,-0.5518904,0.34959343,-1.0379417,-0.12856948
3795,151.8,0.0,-0.5033884,0.39730823,-1.0387404,-0.12935528
3796,151.84,0.0,-1.0248837,-0.1157235,-1.0395054,-0.13010779
3797,151.88,0.0,-1.0984781,-0.18812343,-1.0402367,-0.13082734
3798,151.92,0.0,-1.4699928,-0.55360866,-1.040935,-0.13151427
3799,151.96,0.0,-0.42239577,0.4769864,-1.0416005,-0.13216895
3800,152.0,0.0,-1.2354851,-0.32290688,-1.0422336,-0.13279179
3801,152.04,0.0,-1.2097535,-0.2975929,-1.0428348,-0.13338317
3802,152.08,0.0,-2.022759,-1.0974038,-1.0434043,-0.13394353
3803,152.12,0.0,-1.1258997,-0.21509999,-1.0439429,-0.13447332
3804,152.16,0.0,-0.5505224,0.35093924,-1.0444508,-0.13497299
3805,152.2,0.0,-1.0951287,-0.18482837,-1.0449286,-0.13544302
3806,152.24,0.0,-1.0001162,-0.09135795,-1.0453768,-0.13588388
3807,152.28,0.0,-1.4403188,-0.52441627,-1.0457958,-0.13629611
3808,152.32,0.0,-1.1795068,-0.26783708,-1.0461862,-0.13668017
3809,152.36,0.0,-1.0443993,-0.13492228,-1.0465485,-0.13703662
3810,152.4,0.0,-0.7364235,0.1680552,-1.0468832,-0.13736597
3811,152.44,0.0,-1.1889567,-0.27713367,-1.047191,-0.13766874
3812,152.48,0.0,-0.65750146,0.24569637,-1.0474724,-0.13794549
3813,152.52,0.0,-0.35959178,0.5387711,-1.0477277,-0.13819674
3814,152.56,0.0,-0.8495829,0.05673229,-1.0479578,-0.13842301
3815,152.6,0.0,-0.5762285,0.3256503,-1.0481629,-0.13862486
3816,152.64,0.0,-0.7298821,0.17449039,-1.0483438,-0.13880283
3817,152.68,0.0,-1.3419598,-0.42765358,-1.048501,-0.13895743
3818,152.72,0.0,-0.23020786,0.6660552,-1.0486349,-0.1390892
3819,152.76,0.0,-1.0655869,-0.15576608,-1.0487462,-0.13919866
3820,152.8,0.0,-1.8046253,-0.8828102,-1.0488353,-0.13928634
3821,152.84,0.0,-1.1620853,-0.25069833,-1.0489029,-0.13935275
3822,152.88,0.0,-1.2326965,-0.32016358,-1.0489492,-0.13939844
3823,152.92,0.0,-0.9234224,-0.015908808,-1.0489751,-0.1394239
3824,152.96,0.0,-1.6193724,-0.70056385,-1.0489811,-0.13942967
3825,153.0,0.0,-1.0478295,-0.13829686,-1.0489674,-0.13941626
3826,153.04,0.0,-1.3844758,-0.46947956,-1.0489348,-0.13938418
3827,153.08,0.0,-0.46662927,0.4334708,-1.0488837,-0.13933393
3828,153.12,0.0,-0.8088722,0.096782275,-1.0488147,-0.13926606
3829,153.16,0.0,-1.5603136,-0.64246356,-1.0487282,-0.13918103
3830,153.2,0.0,-0.64612174,0.2568914,-1.048625,-0.13907938
3831,153.24,0.0,-1.3837178,-0.46873382,-1.0485052,-0.13896158
3832,153.28,0.0,-0.6713081,0.23211381,-1.0483695,-0.13882813
3833,153.32,0.0,-0.51861846,0.38232535,-1.0482185,-0.13867952
3834,153.36,0.0,-1.0234896,-0.11435197,-1.0480524,-0.13851622
3835,153.4,0.1,-1.1621618,-0.2507736,-1.0478721,-0.1383387
3836,153.44,0.1,-2.0613074,-1.1353265,-1.0476776,-0.13814744
3837,153.48,0.1,-1.6216133,-0.7027684,-1.0474697,-0.13794288
3838,153.52,0.2,-1.0759327,-0.16594398,-1.0472487,-0.13772549
3839,153.56,0.2,-0.76630104,0.13866255,-1.0470152,-0.13749571
3840,153.6,0.2,-0.8074194,0.09821149,-1.0467694,-0.13725396
3841,153.64,0.2,-1.0502942,-0.14072151,-1.0465119,-0.13700068
3842,153.68,0.2,-0.70121104,0.2026962,-1.0462432,-0.13673627
3843,153.72,0.2,-0.41196662,0.48724627,-1.0459635,-0.13646117
3844,153.76,0.2,-0.9711924,-0.06290355,-1.0456734,-0.13617572
3845,153.8,0.2,-0.98060554,-0.0721639,-1.0453731,-0.13588032
3846,153.84,0.0,-1.8037713,-0.88197005,-1.0450631,-0.13557534
3847,153.88,0.0,-0.33991516,0.5581284,-1.0447437,-0.13526112
3848,153.92,0.0,-0.4189391,0.48038697,-1.0444152,-0.13493799
3849,153.96,0.0,-0.828525,0.077448435,-1.044078,-0.13460627
3850,154.0,0.0,-1.1056255,-0.19515486,-1.0437324,-0.13426629
3851,154.04,0.0,-0.8142294,0.09151202,-1.0433787,-0.13391832
3852,154.08,0.0,-0.34306258,0.555032,-1.0430171,-0.13356265
3853,154.12,0.0,-0.6325393,0.27025345,-1.0426481,-0.13319956
3854,154.16,0.0,-0.71676415,0.18739548,-1.0422717,-0.13282928
3855,154.2,0.0,-1.4526408,-0.53653824,-1.0418884,-0.1324521
3856,154.24,0.0,-1.7547548,-0.8337491,-1.0414982,-0.13206823
3857,154.28,0.0,-0.4702744,0.42988485,-1.0411015,-0.13167794
3858,154.32,0.0,-2.014967,-1.0897381,-1.0406984,-0.13128145
3859,154.36,0.0,-0.9710752,-0.06278822,-1.0402893,-0.130879
3860,154.4,0.0,-1.6328753,-0.7138477,-1.0398743,-0.13047081
3861,154.44,0.0,-1.2814412,-0.36811718,-1.0394539,-0.13005714
3862,154.48,0.0,-0.78443754,0.12082038,-1.039028,-0.12963822
3863,154.52,0.0,-1.3651092,-0.45042726,-1.0385971,-0.12921429
3864,154.56,0.0,-1.8239937,-0.9018643,-1.0381614,-0.12878561
3865,154.6,0.0,-1.0401816,-0.13077311,-1.037721,-0.1283524
3866,154.64,0.0,-0.75405943,0.15070549,-1.0372763,-0.12791494
3867,154.68,0.0,-0.6141633,0.2883312,-1.0368276,-0.12747347
3868,154.72,0.0,-0.39256263,0.5063354,-1.036375,-0.12702826
3869,154.76,0.0,-1.0651586,-0.15534471,-1.035919,-0.12657955
3870,154.8,0.0,-0.613785,0.2887033,-1.0354595,-0.12612762
3871,154.84,0.0,-1.1728733,-0.2613112,-1.0349971,-0.12567274
3872,154.88,0.0,-1.0492663,-0.13971037,-1.0345321,-0.12521517
3873,154.92,0.0,-1.2524862,-0.3396321,-1.0340644,-0.12475519
3874,154.96,0.0,-1.0662922,-0.15645988,-1.0335947,-0.12429308
3875,155.0,0.0,-1.1661544,-0.25470138,-1.0331231,-0.12382913
3876,155.04,0.0,-0.70870745,0.19532141,-1.0326499,-0.12336362
3877,155.08,0.0,-1.0046864,-0.095853895,-1.0321754,-0.12289687
3878,155.12,0.0,-1.2966819,-0.3831105,-1.0317,-0.122429185
3879,155.16,0.0,-0.37476152,0.5238476,-1.031224,-0.12196088
3880,155.2,0.0,-0.6872335,0.21644688,-1.0307478,-0.12149229
3881,155.24,0.0,-1.493128,-0.57636833,-1.0302714,-0.12102375
3882,155.28,0.0,-0.900061,0.0070734248,-1.0297956,-0.120555624
3883,155.32,0.0,-1.6014421,-0.6829246,-1.0293205,-0.120088264
3884,155.36,0.0,-1.0652393,-0.1554241,-1.0288466,-0.11962207
3885,155.4,0.0,-1.0647281,-0.15492123,-1.0283743,-0.11915741
3886,155.44,0.0,-0.76241285,0.14248765,-1.027904,-0.11869473
3887,155.48,0.0,-1.1466426,-0.23550624,-1.0274361,-0.11823444
3888,155.52,0.0,-0.9677417,-0.059508864,-1.0269711,-0.11777699
3889,155.56,0.0,-1.7974622,-0.8757634,-1.0265095,-0.11732286
3890,155.6,0.0,-1.1733053,-0.2617362,-1.0260518,-0.11687253
3891,155.64,0.0,-0.8351834,0.07089812,-1.0255984,-0.1164265
3892,155.68,0.0,-1.4074869,-0.4921172,-1.0251498,-0.115985304
3893,155.72,0.0,-1.0067545,-0.09788849,-1.0247068,-0.11554949
3894,155.76,0.0,-2.0426903,-1.1170115,-1.0242699,-0.11511963
3895,155.8,0.0,-1.7418668,-0.82107025,-1.0238396,-0.11469631
3896,155.84,0.0,-0.9804663,-0.07202692,-1.0234166,-0.114280134
3897,155.88,0.0,-1.2303907,-0.31789514,-1.0230014,-0.113871746
3898,155.92,0.0,-0.2888586,0.60835636,-1.0225949,-0.11347177
3899,155.96,0.0,-1.011444,-0.10250184,-1.0221975,-0.113080874
3900,156.0,0.1,-1.2781304,-0.3648601,-1.02181,-0.11269974
3901,156.04,0.1,-1.1306837,-0.21980633,-1.0214334,-0.11232904
3902,156.08,0.1,-0.88458633,0.022296958,-1.0210679,-0.111969486
3903,156.12,0.1,-1.6534917,-0.7341295,-1.0207144,-0.111621775
3904,156.16,0.1,-1.0720464,-0.16212073,-1.0203737,-0.111286625
3905,156.2,0.1,-1.0643849,-0.1545836,-1.0200465,-0.110964745
3906,156.24,0.1,-0.84619755,0.060062714,-1.0197335,-0.11065687
3907,156.28,0.1,-0.7459588,0.15867466,-1.0194355,-0.11036373
3908,156.32,0.1,-0.51142293,0.38940412,-1.0191532,-0.11008604
3909,156.36,0.1,-0.9654784,-0.057282288,-1.0188874,-0.10982452
3910,156.4,0.1,-1.1462325,-0.2351028,-1.0186388,-0.1095799
3911,156.44,0.1,-0.73747516,0.16702062,-1.0184081,-0.109352894
3912,156.48,0.1,-0.78960216,0.11573959,-1.0181959,-0.1091442
3913,156.52,0.1,-0.6694976,0.23389491,-1.0180031,-0.108954534
3914,156.56,0.1,-0.8760481,0.030696638,-1.0178304,-0.10878458
3915,156.6,0.1,-1.1325874,-0.22167921,-1.0176784,-0.10863501
3916,156.64,0.1,-1.7216799,-0.801211,-1.0175477,-0.1085065
3917,156.68,0.1,-0.29723448,0.60011643,-1.0174391,-0.10839972
3918,156.72,0.1,-0.5976043,0.30462146,-1.0173533,-0.108315304
3919,156.76,0.1,-1.7988112,-0.8770905,-1.017291,-0.108253896
3920,156.8,0.1,-0.8662997,0.04028683,-1.0172526,-0.108216114
3921,156.84,0.1,-0.6379948,0.26488644,-1.0172387,-0.10820257
3922,156.88,0.1,-0.70975053,0.19429529,-1.0172502,-0.108213864
3923,156.92,0.1,-0.46015757,0.43983746,-1.0172875,-0.108250566
3924,156.96,0.1,-1.6816802,-0.76186043,-1.0173513,-0.10831325
3925,157.0,0.1,-1.2113358,-0.2991495,-1.017442,-0.10840246
3926,157.04,0.1,-1.193409,-0.28151363,-1.0175601,-0.108518735
3927,157.08,0.1,-0.23552912,0.6608203,-1.0177064,-0.1086626
3928,157.12,0.1,-0.41532677,0.48394072,-1.0178812,-0.10883456
3929,157.16,0.1,-0.52963114,0.3714914,-1.018085,-0.10903509
3930,157.2,0.1,-1.0544447,-0.14480466,-1.0183184,-0.10926468
3931,157.24,0.1,-1.4166058,-0.50108814,-1.0185817,-0.10952378
3932,157.28,0.1,-1.5145934,-0.59748536,-1.0188756,-0.10981284
3933,157.32,0.1,-1.6681691,-0.7485687,-1.0192003,-0.1101323
3934,157.36,0.1,-1.513176,-0.596091,-1.0195564,-0.11048257
3935,157.4,0.1,-1.2385769,-0.3259485,-1.0199442,-0.11086407
3936,157.44,0.1,-0.94712913,-0.039230794,-1.020364,-0.11127719
3937,157.48,0.1,-0.97979546,-0.071366966,-1.0208166,-0.111722335
3938,157.52,0.1,-0.83283925,0.07320421,-1.021302,-0.11219986
3939,157.56,0.1,-1.4363918,-0.520553,-1.0218207,-0.11271013
3940,157.6,0.1,-1.3706003,-0.4558293,-1.022373,-0.11325349
3941,157.64,0.1,-1.6917989,-0.77181494,-1.0229594,-0.113830276
3942,157.68,0.1,-1.689554,-0.7696065,-1.0235798,-0.11444079
3943,157.72,0.1,-1.3308233,-0.4166978,-1.0242351,-0.11508534
3944,157.76,0.1,-1.3181326,-0.4042131,-1.0249251,-0.1157642
3945,157.8,0.1,-0.86183393,0.04468011,-1.0256503,-0.116477616
3946,157.84,0.1,-0.12336838,0.7711607,-1.0264108,-0.11722582
3947,157.88,0.1,-0.75822663,0.14660591,-1.027207,-0.11800901
3948,157.92,0.1,-0.79425514,0.11116213,-1.0280389,-0.11882736
3949,157.96,0.1,-0.9165366,-0.009134799,-1.0289066,-0.119681
3950,158.0,0.1,-0.012391388,0.8803365,-1.0298102,-0.120570034
3951,158.04,0.1,-0.57999575,0.3219442,-1.03075,-0.121494524
3952,158.08,0.1,-0.8719419,0.03473615,-1.0317258,-0.1224545
3953,158.12,0.1,-0.65908384,0.24413967,-1.0327376,-0.123449944
3954,158.16,0.1,-1.2970464,-0.3834691,-1.0337856,-0.124480814
3955,158.2,0.1,-0.88495183,0.021937393,-1.0348693,-0.125547
3956,158.24,0.1,-1.6257441,-0.70683223,-1.0359889,-0.1266484
3957,158.28,0.1,-1.5372632,-0.6197872,-1.0371441,-0.12778482
3958,158.32,0.1,-0.4380492,0.46158707,-1.0383346,-0.12895605
3959,158.36,0.1,-0.86801016,0.038604103,-1.0395603,-0.13016187
3960,158.4,0.1,-0.4955927,0.40497744,-1.0408208,-0.13140196
3961,158.44,0.1,-1.0350497,-0.12572443,-1.0421159,-0.132676
3962,158.48,0.1,-0.9157368,-0.008347943,-1.0434451,-0.13398364
3963,158.52,0.1,-0.89494526,0.012106158,-1.044808,-0.13532445
3964,158.56,0.1,-1.3119326,-0.39811364,-1.0462042,-0.136698
3965,158.6,0.1,-0.44167012,0.45802486,-1.0476333,-0.13810378
3966,158.64,0.1,-0.8423548,0.06384312,-1.0490944,-0.13954128
3967,158.68,0.1,-1.2876394,-0.37421474,-1.0505874,-0.14100996
3968,158.72,0.1,-0.75978535,0.14507249,-1.0521113,-0.14250918
3969,158.76,0.1,-1.0161201,-0.10710205,-1.0536656,-0.14403832
3970,158.8,0.1,-1.1584988,-0.24717,-1.0552498,-0.14559671
3971,158.84,0.1,-1.0070984,-0.09822683,-1.056863,-0.14718366
3972,158.88,0.1,-1.2652438,-0.3521826,-1.0585043,-0.14879842
3973,158.92,0.1,-1.3953521,-0.48017937,-1.0601732,-0.15044023
3974,158.96,0.1,-0.9214467,-0.01396516,-1.0618688,-0.15210828
3975,159.0,0.1,-0.8285573,0.07741665,-1.0635902,-0.15380178
3976,159.04,0.1,-1.0753996,-0.16541953,-1.0653366,-0.15551984
3977,159.08,0.1,-1.0286231,-0.11940216,-1.0671071,-0.15726161
3978,159.12,0.1,-0.6134423,0.28904048,-1.0689008,-0.15902616
3979,159.16,0.1,-1.341861,-0.42755637,-1.0707166,-0.16081257
3980,159.2,0.1,-1.1815166,-0.2698143,-1.0725538,-0.16261989
3981,159.24,0.1,-1.2296792,-0.31719527,-1.0744112,-0.16444713
3982,159.28,0.1,-1.5638034,-0.6458968,-1.0762879,-0.16629331
3983,159.32,0.1,-0.77900076,0.12616894,-1.0781827,-0.1681574
3984,159.36,0.1,-1.1696746,-0.2581645,-1.0800947,-0.17003837
3985,159.4,0.1,-0.98875374,-0.080179855,-1.0820228,-0.17193516
3986,159.44,0.1,-0.9515977,-0.043626837,-1.0839658,-0.1738467
3987,159.48,0.1,-1.0920222,-0.1817723,-1.0859228,-0.17577192
3988,159.52,0.1,-1.313252,-0.39941165,-1.0878925,-0.17770968
3989,159.56,0.1,-1.227759,-0.3153062,-1.0898739,-0.1796589
3990,159.6,0.1,-0.7650548,0.13988855,-1.0918658,-0.18161842
3991,159.64,0.1,-0.5753293,0.32653493,-1.093867,-0.1835871
3992,159.68,0.1,-0.98513544,-0.07662028,-1.0958762,-0.18556379
3993,159.72,0.1,-0.7055172,0.19845992,-1.0978925,-0.18754733
3994,159.76,0.1,-0.6656324,0.23769736,-1.0999144,-0.18953651
3995,159.8,0.1,-1.0487776,-0.13922954,-1.101941,-0.19153017
3996,159.84,0.1,-0.77818936,0.12696716,-1.1039709,-0.19352712
3997,159.88,0.1,-1.7438922,-0.8230628,-1.1060029,-0.19552614
3998,159.92,0.1,-1.0919824,-0.18173313,-1.1080358,-0.19752605
3999,159.96,0.1,-0.682418,0.22118425,-1.1100684,-0.19952565
4000,160.0,0.1,-1.5661075,-0.64816344,-1.1120994,-0.20152375
4001,160.04,0.1,-1.6989114,-0.77881205,-1.1141278,-0.20351914
4002,160.08,0.1,-0.8310733,0.07494151,-1.1161522,-0.20551066
4003,160.12,0.1,-0.86195326,0.044562705,-1.1181713,-0.20749712
4004,160.16,0.1,-1.6617979,-0.7423008,-1.1201843,-0.20947738
4005,160.2,0.1,-0.9990594,-0.09031825,-1.1221898,-0.21145028
4006,160.24,0.2,-1.5752724,-0.65717965,-1.1241865,-0.21341467
4007,160.28,0.2,-1.4608991,-0.5446626,-1.1261736,-0.21536946
4008,160.32,0.2,-1.5546083,-0.6368509,-1.1281497,-0.21731354
4009,160.36,0.2,-1.0854374,-0.17529441,-1.130114,-0.21924582
4010,160.4,0.2,-0.96700835,-0.058787387,-1.132065,-0.22116525
4011,160.44,0.2,-0.9649516,-0.056763995,-1.134002,-0.2230708
4012,160.48,0.2,-0.95685637,-0.04880017,-1.1359239,-0.22496143
4013,160.52,0.2,-0.83302784,0.07301868,-1.1378294,-0.22683616
4014,160.56,0.2,-0.9203029,-0.012839973,-1.1397179,-0.228694
4015,160.6,0.2,-1.3358512,-0.4216441,-1.1415883,-0.23053403
4016,160.64,0.2,-1.5337856,-0.6163661,-1.1434397,-0.2323553
4017,160.68,0.2,-1.1390837,-0.22807008,-1.145271,-0.23415692
4018,160.72,0.2,-1.2388213,-0.32618892,-1.1470815,-0.23593801
4019,160.76,0.2,-1.3651707,-0.4504878,-1.1488702,-0.23769775
4020,160.8,0.2,-1.408503,-0.49311686,-1.1506364,-0.23943532
4021,160.84,0.2,-1.5914111,-0.6730564,-1.1523794,-0.24114993
4022,160.88,0.2,-1.5152996,-0.5981801,-1.1540982,-0.24284086
4023,160.92,0.2,-1.5143286,-0.5972249,-1.1557921,-0.24450734
4024,160.96,0.2,-1.3328929,-0.4187338,-1.1574607,-0.24614874
4025,161.0,0.2,-0.7493223,0.15536574,-1.1591029,-0.24776435
4026,161.04,0.2,-1.1312519,-0.22036538,-1.1607183,-0.24935359
4027,161.08,0.2,-1.4179426,-0.50240326,-1.1623064,-0.25091586
4028,161.12,0.2,-1.8312414,-0.9089943,-1.1638664,-0.25245056
4029,161.16,0.2,-1.7840123,-0.8625318,-1.1653979,-0.25395718
4030,161.2,0.2,-1.0588112,-0.14910032,-1.1669004,-0.25543523
4031,161.24,0.2,-1.0557498,-0.14608859,-1.1683732,-0.25688422
4032,161.28,0.2,-0.9032901,0.0038967505,-1.1698161,-0.25830367
4033,161.32,0.2,-0.57707405,0.3248185,-1.1712285,-0.25969315
4034,161.36,0.2,-0.46117502,0.43883651,-1.17261,-0.26105228
4035,161.4,0.2,-1.5613272,-0.64346075,-1.1739603,-0.26238063
4036,161.44,0.2,-1.3509139,-0.4364623,-1.175279,-0.26367787
4037,161.48,0.2,-1.1433133,-0.23223099,-1.1765656,-0.26494363
4038,161.52,0.2,-1.1811677,-0.26947105,-1.17782,-0.2661776
4039,161.56,0.2,-1.0919143,-0.18166617,-1.1790416,-0.26737943
4040,161.6,0.2,-0.9779261,-0.069527924,-1.1802303,-0.26854885
4041,161.64,0.2,-0.4338171,0.46575046,-1.1813858,-0.26968557
4042,161.68,0.2,-1.8389243,-0.91655254,-1.1825078,-0.27078933
4043,161.72,0.2,-0.96738344,-0.059156395,-1.1835959,-0.27185988
4044,161.76,0.2,-1.1416165,-0.2305617,-1.1846502,-0.272897
4045,161.8,0.2,-0.65819764,0.24501148,-1.1856703,-0.27390045
4046,161.84,0.2,-1.1088058,-0.19828352,-1.1866558,-0.27487007
4047,161.88,0.2,-0.86449647,0.04206077,-1.1876068,-0.27580565
4048,161.92,0.2,-0.9116518,-0.0043292344,-1.188523,-0.27670702
4049,161.96,0.2,-1.5190163,-0.6018365,-1.1894044,-0.27757406
4050,162.0,0.2,-0.45476973,0.44513786,-1.1902506,-0.2784066
4051,162.04,0.2,-0.49932843,0.40130234,-1.1910617,-0.27920452
4052,162.08,0.2,-1.3529572,-0.43847254,-1.1918375,-0.27996776
4053,162.12,0.2,-1.1025997,-0.19217819,-1.1925781,-0.2806962
4054,162.16,0.2,-1.6992048,-0.77910066,-1.1932831,-0.28138983
4055,162.2,0.2,-1.8545952,-0.93196917,-1.1939528,-0.2820486
4056,162.24,0.2,-1.2952387,-0.38169074,-1.194587,-0.28267252
4057,162.28,0.2,-1.520817,-0.6036081,-1.1951858,-0.2832616
4058,162.32,0.2,-1.5824878,-0.664278,-1.1957492,-0.2838159
4059,162.36,0.3,-1.533869,-0.6164482,-1.1962774,-0.2843355
4060,162.4,0.3,-1.4447086,-0.5287348,-1.1967704,-0.2848205
4061,162.44,0.3,-1.3284197,-0.4143332,-1.1972284,-0.28527108
4062,162.48,0.3,-1.2086539,-0.29651117,-1.1976516,-0.28568742
4063,162.52,0.3,-0.9379875,-0.03023754,-1.1980401,-0.28606966
4064,162.56,0.3,-1.9415169,-1.0174801,-1.1983943,-0.2864181
4065,162.6,0.3,-1.5693471,-0.6513505,-1.1987144,-0.28673297
4066,162.64,0.3,-1.9090691,-0.9855589,-1.1990006,-0.28701457
4067,162.68,0.3,-1.2365924,-0.32399622,-1.1992534,-0.2872632
4068,162.72,0.3,-1.4468656,-0.5308567,-1.199473,-0.28747922
4069,162.76,0.3,-1.8149531,-0.8929704,-1.1996598,-0.287663
4070,162.8,0.3,-0.5690781,0.33268467,-1.1998142,-0.28781494
4071,162.84,0.3,-1.3525401,-0.4380622,-1.1999367,-0.28793544
4072,162.88,0.3,-0.8213085,0.08454784,-1.2000277,-0.2880249
4073,162.92,0.3,-1.6453677,-0.72613734,-1.2000875,-0.28808382
4074,162.96,0.3,-0.65720475,0.24598825,-1.2001168,-0.28811258
4075,163.0,0.3,-0.84490526,0.061334036,-1.2001159,-0.28811172
4076,163.04,0.3,-0.6108273,0.291613,-1.2000853,-0.28808165
4077,163.08,0.3,-0.6878369,0.21585327,-1.2000256,-0.28802288
4078,163.12,0.3,-0.86344004,0.043100066,-1.1999372,-0.28793588
4079,163.16,0.3,-1.6651659,-0.74561423,-1.1998205,-0.28782117
4080,163.2,0.3,-1.3507497,-0.43630084,-1.1996763,-0.2876792
4081,163.24,0.3,-0.096288264,0.7978013,-1.1995047,-0.28751045
4082,163.28,0.3,-1.7638718,-0.8427181,-1.1993065,-0.2873155
4083,163.32,0.2,-1.212132,-0.29993278,-1.1990821,-0.28709474
4084,163.36,0.2,-1.2685666,-0.35545152,-1.198832,-0.28684872
4085,163.4,0.2,-0.7915169,0.11385592,-1.1985568,-0.28657794
4086,163.44,0.2,-1.6317143,-0.71270555,-1.1982569,-0.28628287
4087,163.48,0.2,-0.46249056,0.43754232,-1.1979327,-0.285964
4088,163.52,0.2,-0.8136023,0.09212894,-1.197585,-0.2856219
4089,163.56,0.2,-1.5235164,-0.60626364,-1.1972141,-0.28525698
4090,163.6,0.2,-1.7522805,-0.8313149,-1.1968205,-0.2848698
4091,163.64,0.2,-1.3063562,-0.39262778,-1.1964047,-0.28446078
4092,163.68,0.2,-1.2591531,-0.3461908,-1.1959673,-0.2840305
4093,163.72,0.2,-1.0070481,-0.09817734,-1.1955088,-0.28357938
4094,163.76,0.2,-0.2081374,0.6877675,-1.1950296,-0.283108
4095,163.8,0.2,-1.4857832,-0.5691428,-1.1945304,-0.2826168
4096,163.84,0.2,-1.1317275,-0.22083318,-1.1940113,-0.28210628
4097,163.88,0.2,-0.91713774,-0.009726159,-1.1934733,-0.28157693
4098,163.92,0.2,-0.9774482,-0.06905783,-1.1929166,-0.28102928
4099,163.96,0.1,-1.9065416,-0.98307246,-1.1923418,-0.28046384
4100,164.0,0.1,-0.7202668,0.18394965,-1.1917495,-0.27988106
4101,164.04,0.1,-1.4592817,-0.5430714,-1.1911399,-0.27928147
4102,164.08,0.1,-0.7283398,0.17600772,-1.190514,-0.27866557
4103,164.12,0.1,-1.8356712,-0.91335225,-1.1898718,-0.2780339
4104,164.16,0.1,-1.1265904,-0.21577948,-1.1892142,-0.27738693
4105,164.2,0.1,-0.68232477,0.22127596,-1.1885415,-0.27672523
4106,164.24,0.1,-0.98530096,-0.07678312,-1.1878545,-0.2760493
4107,164.28,0.1,-2.0325727,-1.1070582,-1.1871535,-0.27535966
4108,164.32,0.1,-1.0131842,-0.10421382,-1.186439,-0.27465686
4109,164.36,0.1,-0.38816488,0.5106617,-1.1857119,-0.2739415
4110,164.4,0.0,-1.5158241,-0.5986961,-1.1849724,-0.27321404
4111,164.44,0.0,-1.3044223,-0.39072523,-1.1842213,-0.2724751
4112,164.48,0.0,-1.4787766,-0.56224984,-1.1834592,-0.27172527
4113,164.52,0.0,-1.7312175,-0.8105938,-1.1826864,-0.2709651
4114,164.56,0.0,-1.0099812,-0.10106277,-1.1819038,-0.27019522
4115,164.6,0.0,-1.1080314,-0.19752169,-1.181112,-0.26941624
4116,164.64,0.0,-1.5739491,-0.65587777,-1.1803116,-0.26862875
4117,164.68,0.0,-1.9840395,-1.0593127,-1.1795031,-0.2678334
4118,164.72,0.0,-1.5304275,-0.6130625,-1.1786872,-0.26703084
4119,164.76,0.0,-0.78278834,0.122442834,-1.1778648,-0.26622173
4120,164.8,0.0,-1.1210783,-0.2103568,-1.1770363,-0.26540673
4121,164.84,0.0,-1.1042902,-0.19384126,-1.1762025,-0.2645865
4122,164.88,0.0,-1.3251455,-0.4111121,-1.1753643,-0.26376176
4123,164.92,0.0,-1.3346123,-0.42042527,-1.174522,-0.2629332
4124,164.96,0.0,-1.2123032,-0.3001012,-1.1736766,-0.2621015
4125,165.0,0.0,-0.74147487,0.16308579,-1.1728287,-0.2612674
4126,165.04,0.0,-1.5737832,-0.6557145,-1.1719791,-0.26043156
4127,165.08,0.0,-1.350008,-0.43557116,-1.1711285,-0.25959477
4128,165.12,0.0,-1.0500017,-0.14043383,-1.1702776,-0.25875768
4129,165.16,0.0,-0.7172587,0.18690896,-1.1694272,-0.25792107
4130,165.2,0.0,-1.4323485,-0.5165753,-1.1685779,-0.25708562
4131,165.24,0.0,-1.110597,-0.20004568,-1.1677307,-0.2562521
4132,165.28,0.0,-0.67064565,0.2327655,-1.1668861,-0.2554212
4133,165.32,0.0,-1.0530974,-0.14347923,-1.1660448,-0.25459364
4134,165.36,0.0,-0.7617153,0.14317387,-1.1652079,-0.25377017
4135,165.4,0.0,-1.4870737,-0.57041234,-1.1643757,-0.25295147
4136,165.44,0.0,-1.2126144,-0.3004074,-1.1635491,-0.2521383
4137,165.48,0.0,-1.0838584,-0.17374098,-1.1627287,-0.2513313
4138,165.52,0.0,-1.0120372,-0.1030854,-1.1619154,-0.25053126
4139,165.56,0.0,-1.1608627,-0.24949557,-1.1611099,-0.2497388
4140,165.6,0.0,-1.387973,-0.47291994,-1.1603129,-0.24895465
4141,165.64,0.0,-1.1120008,-0.20142671,-1.1595249,-0.24817953
4142,165.68,0.0,-1.6610296,-0.74154496,-1.1587468,-0.2474141
4143,165.72,0.0,-1.0763357,-0.16634038,-1.1579794,-0.24665904
4144,165.76,0.0,-0.49707055,0.40352356,-1.1572231,-0.24591506
4145,165.8,0.0,-1.0637759,-0.15398444,-1.1564788,-0.24518278
4146,165.84,0.0,-1.4784162,-0.5618954,-1.155747,-0.24446292
4147,165.88,0.0,-0.95566213,-0.04762531,-1.1550286,-0.24375612
4148,165.92,0.0,-1.1412172,-0.23016895,-1.154324,-0.24306302
4149,165.96,0.0,-1.1302277,-0.21935776,-1.1536341,-0.24238427
4150,166.0,0.0,-1.0975688,-0.18722886,-1.1529593,-0.24172054
4151,166.04,0.0,-1.5232524,-0.6060038,-1.1523006,-0.24107243
4152,166.08,0.0,-0.9032316,0.0039542764,-1.1516583,-0.24044058
4153,166.12,0.0,-1.5372056,-0.6197306,-1.1510332,-0.2398256
4154,166.16,0.0,-0.9437896,-0.035945468,-1.1504259,-0.23922813
4155,166.2,0.0,-1.1653686,-0.2539283,-1.1498369,-0.23864874
4156,166.24,-0.3,-0.949681,-0.041741237,-1.149267,-0.23808804
4157,166.28,-0.3,-1.5213068,-0.60408986,-1.1487167,-0.23754664
4158,166.32,-0.4,-0.031010509,0.86201966,-1.1481864,-0.2370251
4159,166.36,-0.4,-1.3249003,-0.4108709,-1.1476771,-0.23652399
4160,166.4,-0.5,-1.5201554,-0.6029572,-1.1471891,-0.23604389
4161,166.44,-0.5,-0.52469003,0.37635234,-1.146723,-0.23558535
4162,166.48,-0.5,-1.959938,-1.0356023,-1.1462793,-0.2351489
4163,166.52,-0.5,-1.1195369,-0.20884046,-1.1458588,-0.23473513
4164,166.56,-0.5,-1.019898,-0.11081872,-1.1454617,-0.23434453
4165,166.6,-0.5,-1.4505112,-0.53444326,-1.1450888,-0.23397763
4166,166.64,-0.5,-1.0763103,-0.1663154,-1.1447405,-0.23363496
4167,166.68,-0.5,-1.4641571,-0.5478677,-1.1444173,-0.23331705
4168,166.72,-0.5,-1.5867977,-0.6685179,-1.1441197,-0.23302437
4169,166.76,-0.4,-0.88196874,0.024872072,-1.1438484,-0.23275745
4170,166.8,-0.2,-0.59010625,0.3119978,-1.1436038,-0.23251677
4171,166.84,-0.2,-1.1060926,-0.19561434,-1.1433862,-0.23230278
4172,166.88,-0.2,-1.4129596,-0.49750105,-1.1431965,-0.232116
4173,166.92,-0.2,-1.6449437,-0.72572017,-1.1430347,-0.23195687
4174,166.96,-0.2,-1.3677644,-0.45303932,-1.1429014,-0.23182583
4175,167.0,-0.2,-1.2792078,-0.36592,-1.1427972,-0.23172334
4176,167.04,-0.2,-1.2643111,-0.35126504,-1.1427225,-0.23164983
4177,167.08,-0.2,-1.1017298,-0.19132233,-1.1426777,-0.23160571
4178,167.12,-0.3,-1.1754054,-0.26380223,-1.1426631,-0.23159139
4179,167.16,-0.4,-0.2746622,0.6223224,-1.1426792,-0.23160726
4180,167.2,-0.4,-1.289564,-0.3761081,-1.1427264,-0.2316537
4181,167.24,-0.5,-0.79094666,0.114416905,-1.1428051,-0.23173107
4182,167.28,-0.5,-1.0888865,-0.17868751,-1.1429156,-0.23183972
4183,167.32,-0.6,-1.9458139,-1.0217074,-1.1430581,-0.23197995
4184,167.36,-0.6,-1.0473881,-0.1378626,-1.1432331,-0.23215209
4185,167.4,-0.6,-0.7558942,0.14890051,-1.1434408,-0.23235643
4186,167.44,-0.6,-1.1673137,-0.25584188,-1.1436815,-0.23259322
4187,167.48,-0.6,-1.0056931,-0.096844286,-1.1439555,-0.23286273
4188,167.52,-0.6,-1.2167438,-0.3044698,-1.1442629,-0.23316517
4189,167.56,-0.6,-0.9186184,-0.011182763,-1.1446041,-0.23350078
4190,167.6,-0.6,-0.95465964,-0.046639092,-1.144979,-0.2338697
4191,167.64,-0.6,-0.9520059,-0.04402844,-1.1453881,-0.23427214
4192,167.68,-0.6,-1.1146102,-0.20399374,-1.1458313,-0.23470822
4193,167.72,-0.6,-1.7430351,-0.8222196,-1.146309,-0.23517805
4194,167.76,-0.6,-1.0149119,-0.105913475,-1.146821,-0.23568176
4195,167.8,-0.6,-1.053129,-0.1435103,-1.1473675,-0.23621939
4196,167.84,-0.6,-0.9236711,-0.016153507,-1.1479485,-0.23679101
4197,167.88,-0.6,-1.4394295,-0.5235414,-1.1485642,-0.23739667
4198,167.92,-0.5,-1.4201008,-0.5045264,-1.1492144,-0.23803635
4199,167.96,-0.5,-0.8874134,0.019515805,-1.1498992,-0.23871006
4200,168.0,-0.5,-2.1039472,-1.1772742,-1.1506186,-0.23941773
4201,168.04,-0.5,-1.1415466,-0.23049298,-1.1513724,-0.24015933
4202,168.08,-0.5,-1.4015001,-0.48622754,-1.1521606,-0.24093476
4203,168.12,-0.5,-0.7288528,0.17550302,-1.1529832,-0.2417439
4204,168.16,-0.5,-0.8011025,0.10442587,-1.1538398,-0.24258664
4205,168.2,-0.5,-1.3655213,-0.4508327,-1.1547304,-0.2434628
4206,168.24,-0.5,-1.2030361,-0.2909845,-1.1556548,-0.24437217
4207,168.28,-0.5,-1.0353109,-0.12598139,-1.1566128,-0.24531455
4208,168.32,-0.5,-0.23076302,0.6655091,-1.1576039,-0.24628969
4209,168.36,-0.5,-1.2421837,-0.32949677,-1.1586281,-0.24729727
4210,168.4,-0.5,-1.4257338,-0.510068,-1.159685,-0.24833703
4211,168.44,-0.5,-1.6954303,-0.77538735,-1.1607742,-0.24940857
4212,168.48,-0.5,-0.4246577,0.4747612,-1.1618954,-0.25051156
4213,168.52,-0.5,-1.2128605,-0.30064943,-1.1630481,-0.25164554
4214,168.56,-0.5,-0.8856529,0.021247707,-1.1642319,-0.2528101
4215,168.6,-0.5,-0.7558462,0.14894772,-1.1654463,-0.25400472
4216,168.64,-0.5,-1.5724214,-0.6543749,-1.1666906,-0.25522894
4217,168.68,-0.5,-1.4770589,-0.5605601,-1.1679646,-0.2564822
4218,168.72,-0.5,-1.4678459,-0.5514966,-1.1692674,-0.25776392
4219,168.76,-0.5,-1.1483425,-0.23717856,-1.1705986,-0.2590735
4220,168.8,-0.5,-0.9466792,-0.038788147,-1.1719575,-0.2604103
4221,168.84,-0.5,-1.5601236,-0.64227664,-1.1733433,-0.26177365
4222,168.88,-0.5,-0.6850746,0.21857068,-1.1747555,-0.26316282
4223,168.92,-0.5,-1.1611776,-0.24980539,-1.176193,-0.2645771
4224,168.96,-0.5,-1.2882925,-0.37485728,-1.1776553,-0.2660157
4225,169.0,-0.5,-1.3135488,-0.39970365,-1.1791416,-0.2674778
4226,169.04,-0.5,-0.48149073,0.41885054,-1.180651,-0.26896262
4227,169.08,-0.5,-0.96763206,-0.05940097,-1.1821823,-0.27046922
4228,169.12,-0.5,-0.76809895,0.13689381,-1.183735,-0.27199674
4229,169.16,-0.5,-0.8435934,0.06262458,-1.1853081,-0.2735442
4230,169.2,-0.5,-0.7293824,0.17498204,-1.1869004,-0.27511063
4231,169.24,-0.5,-1.5636693,-0.6457649,-1.1885109,-0.276695
4232,169.28,-0.5,-1.0131904,-0.10421991,-1.1901386,-0.27829635
4233,169.32,-0.5,-1.3425736,-0.42825744,-1.1917825,-0.27991354
4234,169.36,-0.5,-0.7610076,0.14387009,-1.1934414,-0.28154552
4235,169.4,-0.5,-1.1450104,-0.2339005,-1.1951141,-0.2831911
4236,169.44,-0.5,-1.0685116,-0.15864329,-1.1967995,-0.28484923
4237,169.48,-0.5,-0.80010074,0.10541139,-1.1984966,-0.28651863
4238,169.52,-0.5,-0.9329333,-0.025265329,-1.2002038,-0.28819817
4239,169.56,-0.5,-1.5763319,-0.6582219,-1.20192,-0.28988662
4240,169.6,-0.5,-1.1861141,-0.27433714,-1.2036442,-0.29158276
4241,169.64,-0.5,-1.8416722,-0.91925585,-1.2053748,-0.2932853
4242,169.68,-0.5,-1.2951356,-0.3815893,-1.2071108,-0.29499307
4243,169.72,-0.5,-0.8029766,0.102582194,-1.2088506,-0.29670474
4244,169.76,-0.5,-0.8759625,0.03078083,-1.2105932,-0.29841903
4245,169.8,-0.5,-1.2785635,-0.36528614,-1.2123371,-0.30013466
4246,169.84,-0.5,-1.2187501,-0.3064435,-1.2140812,-0.30185038
4247,169.88,-0.5,-1.4409564,-0.5250435,-1.215824,-0.30356485
4248,169.92,-0.6,-0.9797737,-0.07134556,-1.2175641,-0.30527678
4249,169.96,-0.7,-1.2032343,-0.29117954,-1.2193004,-0.3069849
4250,170.0,-0.7,-1.3180602,-0.4041418,-1.2210315,-0.30868793
4251,170.04,-0.7,-0.97937685,-0.07095516,-1.2227561,-0.31038457
4252,170.08,-0.8,-0.83297575,0.07306994,-1.224473,-0.31207356
4253,170.12,-0.8,-0.92251503,-0.015016176,-1.2261808,-0.3137536
4254,170.16,-0.8,-1.6520652,-0.7327261,-1.2278782,-0.3154235
4255,170.2,-0.8,-1.3479855,-0.43358147,-1.2295641,-0.31708196
4256,170.24,-0.8,-1.4039975,-0.48868445,-1.231237,-0.31872782
4257,170.28,-0.8,-1.4251065,-0.50945085,-1.232896,-0.32035983
4258,170.32,-0.8,-1.3880948,-0.4730398,-1.2345397,-0.32197687
4259,170.36,-0.8,-1.607863,-0.68924123,-1.2361671,-0.32357776
4260,170.4,-0.8,-1.8779206,-0.954916,-1.2377768,-0.3251614
4261,170.44,-0.8,-1.7791502,-0.8577487,-1.2393678,-0.32672668
4262,170.48,-0.8,-1.4913186,-0.57458836,-1.2409393,-0.32827252
4263,170.52,-0.8,-1.5295454,-0.6121948,-1.2424898,-0.32979795
4264,170.56,-0.8,-1.8003943,-0.8786479,-1.2440187,-0.33130196
4265,170.6,-0.8,-1.1461656,-0.23503701,-1.2455246,-0.33278355
4266,170.64,-0.8,-1.2760408,-0.36280438,-1.247007,-0.33424184
4267,170.68,-0.8,-1.3110018,-0.39719796,-1.2484648,-0.33567593
4268,170.72,-0.8,-1.0967185,-0.18639246,-1.249897,-0.33708492
4269,170.76,-0.8,-0.78820133,0.11711768,-1.251303,-0.33846802
4270,170.8,-0.8,-1.0912157,-0.18097894,-1.2526817,-0.3398244
4271,170.84,-0.8,-1.2134035,-0.30118364,-1.2540326,-0.34115335
4272,170.88,-0.8,-1.3832332,-0.4682571,-1.2553548,-0.34245408
4273,170.92,-0.8,-1.3448977,-0.4305438,-1.2566476,-0.34372592
4274,170.96,-0.8,-1.0499693,-0.14040194,-1.2579104,-0.3449682
4275,171.0,-0.8,-1.5891583,-0.67084014,-1.2591424,-0.34618026
4276,171.04,-0.8,-1.7304837,-0.80987185,-1.2603432,-0.34736153
4277,171.08,-0.8,-1.3083665,-0.39460552,-1.261512,-0.3485114
4278,171.12,-0.8,-1.1553264,-0.2440491,-1.2626485,-0.34962934
4279,171.16,-0.8,-1.0850341,-0.17489767,-1.2637519,-0.3507149
4280,171.2,-0.8,-1.6923437,-0.7723509,-1.2648219,-0.3517675
4281,171.24,-0.7,-1.4042267,-0.48890987,-1.2658579,-0.35278678
4282,171.28,-0.7,-1.6421959,-0.72301704,-1.2668597,-0.35377228
4283,171.32,-0.7,-1.3641491,-0.4494827,-1.2678268,-0.35472366
4284,171.36,-0.7,-1.268711,-0.35559353,-1.2687588,-0.35564053
4285,171.4,-0.7,-0.9144926,-0.007123947,-1.2696553,-0.35652256
4286,171.44,-0.7,-0.85167146,0.054677643,-1.2705163,-0.3573695
4287,171.48,-0.7,-1.0132941,-0.10432194,-1.2713412,-0.35818103
4288,171.52,-0.7,-1.5299404,-0.61258334,-1.2721299,-0.35895693
4289,171.56,-0.7,-1.4371077,-0.5212572,-1.2728821,-0.35969695
4290,171.6,-0.7,-1.0149953,-0.105995566,-1.2735977,-0.36040094
4291,171.64,-0.7,-1.2987612,-0.3851561,-1.2742765,-0.3610687
4292,171.68,-0.7,-0.89165694,0.0153411105,-1.2749183,-0.3617001
4293,171.72,-0.7,-0.9701631,-0.061890945,-1.275523,-0.36229494
4294,171.76,-0.7,-1.2537286,-0.34085435,-1.2760904,-0.36285323
4295,171.8,-0.7,-1.6834798,-0.76363087,-1.2766206,-0.3633748
4296,171.84,-0.7,-1.4324489,-0.51667404,-1.2771134,-0.36385962
4297,171.88,-0.7,-1.28313,-0.36977857,-1.2775689,-0.36430767
4298,171.92,-0.7,-0.9357072,-0.027994245,-1.2779869,-0.36471894
4299,171.96,-0.7,-1.2911454,-0.37766388,-1.2783675,-0.3650934
4300,172.0,-0.7,-1.4153752,-0.49987748,-1.2787108,-0.36543113
4301,172.04,-0.7,-1.5115683,-0.5945094,-1.2790169,-0.36573216
4302,172.08,-0.7,-0.9883772,-0.07980944,-1.2792857,-0.36599657
4303,172.12,-0.7,-0.9058227,0.001405254,-1.2795173,-0.36622444
4304,172.16,-0.7,-1.7503233,-0.8293895,-1.279712,-0.36641595
4305,172.2,-0.7,-1.3846925,-0.46969277,-1.2798697,-0.36657116
4306,172.24,-0.7,-1.0391581,-0.1297662,-1.2799908,-0.3666903
4307,172.28,-0.7,-0.95847195,-0.050389536,-1.2800754,-0.36677355
4308,172.32,-0.7,-1.1362051,-0.22523814,-1.2801237,-0.36682108
4309,172.36,-0.7,-1.1022828,-0.19186637,-1.280136,-0.36683315
4310,172.4,-0.7,-0.8209517,0.08489884,-1.2801125,-0.36681002
4311,172.44,-0.7,-1.4023936,-0.4871065,-1.2800535,-0.36675194
4312,172.48,-0.7,-1.3974212,-0.4822149,-1.2799592,-0.36665925
4313,172.52,-0.7,-1.9029574,-0.9795465,-1.2798301,-0.36653224
4314,172.56,-0.7,-0.97037613,-0.06210051,-1.2796665,-0.36637124
4315,172.6,-0.7,-0.7896575,0.11568517,-1.2794687,-0.36617666
4316,172.64,-0.7,-1.2699741,-0.35683617,-1.2792372,-0.36594892
4317,172.68,-0.7,-1.9385428,-1.0145544,-1.2789724,-0.36568838
4318,172.72,-0.7,-1.0353081,-0.1259787,-1.2786747,-0.36539552
4319,172.76,-0.7,-1.381665,-0.46671432,-1.2783446,-0.36507085
4320,172.8,-0.7,-1.4134278,-0.4979617,-1.2779828,-0.36471486
4321,172.84,-0.7,-1.368253,-0.45352003,-1.2775897,-0.36432812
4322,172.88,-0.7,-1.0314747,-0.12220749,-1.2771658,-0.36391115
4323,172.92,-0.7,-1.579895,-0.6617272,-1.2767118,-0.36346456
4324,172.96,-0.7,-1.4419695,-0.5260402,-1.2762284,-0.362989
4325,173.0,-0.7,-1.158767,-0.24743387,-1.2757163,-0.36248517
4326,173.04,-0.7,-1.3229696,-0.40897152,-1.275176,-0.36195368
4327,173.08,-0.7,-1.7397163,-0.81895465,-1.2746085,-0.36139533
4328,173.12,-0.7,-1.9717777,-1.0472498,-1.2740144,-0.36081082
4329,173.16,-0.8,-1.5800595,-0.661889,-1.2733945,-0.36020097
4330,173.2,-0.8,-1.2022971,-0.2902575,-1.2727495,-0.35956657
4331,173.24,-0.8,-1.2862624,-0.3728601,-1.2720807,-0.3589085
4332,173.28,-0.8,-1.3717601,-0.45697024,-1.2713885,-0.35822764
4333,173.32,-0.8,-1.3018439,-0.3881887,-1.2706742,-0.3575249
4334,173.36,-0.8,-1.0978044,-0.18746072,-1.2699386,-0.35680118
4335,173.4,-0.8,-1.5098636,-0.5928324,-1.2691826,-0.35605744
4336,173.44,-0.8,-1.5192894,-0.6021052,-1.2684072,-0.3552947
4337,173.48,-0.8,-1.3676004,-0.45287806,-1.2676135,-0.3545139
4338,173.52,-0.8,-1.6679091,-0.74831295,-1.2668027,-0.35371616
4339,173.56,-0.8,-1.0909702,-0.18073736,-1.2659755,-0.35290247
4340,173.6,-0.8,-1.3055975,-0.39188144,-1.2651333,-0.35207388
4341,173.64,-0.8,-1.4269503,-0.51126474,-1.264277,-0.3512315
4342,173.68,-0.8,-0.8606542,0.045840703,-1.2634078,-0.3503764
4343,173.72,-0.8,-1.4491463,-0.5331005,-1.2625268,-0.3495097
4344,173.76,-0.8,-0.9925928,-0.08395663,-1.2616352,-0.3486325
4345,173.8,-0.8,-1.6431253,-0.72393125,-1.260734,-0.34774598
4346,173.84,-0.8,-1.6574606,-0.7380339,-1.2598244,-0.34685123
4347,173.88,-0.8,-0.85196525,0.05438862,-1.2589077,-0.34594935
4348,173.92,-0.8,-1.3177376,-0.40382445,-1.2579849,-0.34504154
4349,173.96,-0.8,-1.6422197,-0.72304034,-1.2570572,-0.3441289
4350,174.0,-0.8,-0.951527,-0.043557286,-1.2561258,-0.3432126
4351,174.04,-0.8,-1.2231903,-0.31081164,-1.2551918,-0.34229377
4352,174.08,-0.8,-1.5713472,-0.65331817,-1.2542564,-0.34137347
4353,174.12,-0.8,-1.0207391,-0.11164609,-1.2533206,-0.3404529
4354,174.16,-0.8,-1.0507338,-0.14115402,-1.2523856,-0.33953312
4355,174.2,-0.7,-1.561945,-0.6440685,-1.2514526,-0.33861524
4356,174.24,-0.7,-1.0391774,-0.12978518,-1.2505226,-0.33770034
4357,174.28,-0.7,-1.3429489,-0.42862663,-1.2495967,-0.33678946
4358,174.32,-0.7,-1.1315678,-0.22067615,-1.248676,-0.33588365
4359,174.36,-0.7,-1.5820613,-0.6638583,-1.2477614,-0.33498394
4360,174.4,-0.7,-0.5611496,0.3404845,-1.2468541,-0.33409134
4361,174.44,-0.7,-0.9639154,-0.05574464,-1.2459549,-0.3332068
4362,174.48,-0.7,-0.65795183,0.2452533,-1.245065,-0.33233124
4363,174.52,-0.7,-1.0866385,-0.17647594,-1.244185,-0.3314656
4364,174.56,-0.7,-1.2435452,-0.33083618,-1.243316,-0.33061078
4365,174.6,-0.7,-1.548825,-0.63116145,-1.2424589,-0.32976755
4366,174.64,-0.7,-0.95989,-0.051784575,-1.2416145,-0.32893682
4367,174.68,-0.7,-0.99525976,-0.08658029,-1.2407835,-0.3281193
4368,174.72,-0.7,-1.0199939,-0.11091301,-1.2399668,-0.32731575
4369,174.76,-0.7,-0.6167572,0.2857794,-1.2391648,-0.3265269
4370,174.8,-0.7,-1.5110338,-0.59398353,-1.2383785,-0.3257534
4371,174.84,-0.7,-1.3112848,-0.39747638,-1.2376086,-0.32499588
4372,174.88,-0.7,-0.86495924,0.04160551,-1.2368554,-0.32425496
4373,174.92,-0.7,-1.2456571,-0.3329138,-1.2361197,-0.32353118
4374,174.96,-0.7,-0.6268867,0.27581427,-1.235402,-0.3228251
4375,175.0,-0.7,-0.94768286,-0.039775535,-1.2347027,-0.32213715
4376,175.04,-0.7,-1.1881034,-0.2762942,-1.2340223,-0.32146782
4377,175.08,-0.7,-1.5758126,-0.657711,-1.2333612,-0.32081753
4378,175.12,-0.7,-1.8522679,-0.9296796,-1.23272,-0.32018664
4379,175.16,-0.7,-1.4382304,-0.52236176,-1.2320987,-0.3195755
4380,175.2,-0.7,-1.2970338,-0.38345668,-1.2314979,-0.31898442
4381,175.24,-0.7,-1.3934367,-0.47829497,-1.2309178,-0.3184137
4382,175.28,-0.7,-0.9306489,-0.023018055,-1.2303586,-0.31786358
4383,175.32,-0.7,-1.1834453,-0.2717117,-1.2298206,-0.31733426
4384,175.36,-0.7,-1.1315069,-0.22061622,-1.2293038,-0.31682596
4385,175.4,-0.7,-0.8974096,0.0096817985,-1.2288086,-0.3163388
4386,175.44,-0.7,-1.4875784,-0.57090884,-1.228335,-0.3158729
4387,175.48,-0.7,-1.5909054,-0.6725589,-1.2278832,-0.31542838
4388,175.52,-0.7,-1.4537967,-0.53767544,-1.2274531,-0.31500524
4389,175.56,-0.7,-1.1628262,-0.2514272,-1.2270447,-0.31460354
4390,175.6,-0.7,-1.3275756,-0.41350278,-1.2266582,-0.31422323
4391,175.64,-0.7,-1.088362,-0.17817152,-1.2262933,-0.31386432
4392,175.68,-0.7,-1.209103,-0.29695296,-1.2259501,-0.31352672
4393,175.72,-0.7,-0.6347716,0.26805735,-1.2256285,-0.3132103
4394,175.76,-0.7,-1.3227569,-0.4087623,-1.2253283,-0.31291497
4395,175.8,-0.7,-1.140511,-0.22947422,-1.2250494,-0.31264052
4396,175.84,-0.7,-1.3943908,-0.47923365,-1.2247914,-0.31238675
4397,175.88,-0.7,-1.5227547,-0.6055142,-1.2245542,-0.31215343
4398,175.92,-0.7,-0.99045455,-0.08185308,-1.2243376,-0.3119403
4399,175.96,-0.7,-1.6449106,-0.72568756,-1.2241411,-0.31174707
4400,176.0,-0.7,-0.8487313,0.057570107,-1.2239646,-0.3115734
4401,176.04,-0.7,-1.6703901,-0.75075364,-1.2238076,-0.31141892
4402,176.08,-0.7,-0.5921875,0.3099503,-1.2236696,-0.31128323
4403,176.12,-0.7,-0.92984986,-0.022231966,-1.2235504,-0.31116596
4404,176.16,-0.7,-1.3033577,-0.38967797,-1.2234495,-0.3110666
4405,176.2,-0.7,-1.1308384,-0.21995854,-1.2233663,-0.3109847
4406,176.24,-0.7,-1.2484379,-0.33564946,-1.2233002,-0.31091973
4407,176.28,-0.7,-0.97897387,-0.07055871,-1.2232507,-0.31087112
4408,176.32,-0.7,-1.1943029,-0.2823931,-1.2232175,-0.31083834
4409,176.36,-0.7,-1.6366054,-0.7175172,-1.2231996,-0.31082076
4410,176.4,-0.7,-1.1774061,-0.26577047,-1.2231965,-0.31081772
4411,176.44,-0.7,-1.2042493,-0.292178,-1.2232076,-0.3108286
4412,176.48,-0.7,-0.6155983,0.28691944,-1.223232,-0.3108527
4413,176.52,-0.7,-1.4498602,-0.5338028,-1.2232692,-0.3108893
4414,176.56,-0.7,-1.3660989,-0.45140088,-1.2233185,-0.31093767
4415,176.6,-0.7,-0.93429834,-0.026608244,-1.2233788,-0.31099707
4416,176.64,-0.7,-1.2629819,-0.34995744,-1.2234495,-0.31106663
4417,176.68,-0.7,-1.4108846,-0.49545977,-1.2235298,-0.3111456
4418,176.72,-0.7,-1.2857782,-0.3723837,-1.2236187,-0.31123313
4419,176.76,-0.7,-1.0795716,-0.1695238,-1.2237155,-0.31132838
4420,176.8,-0.7,-1.4215997,-0.506001,-1.2238194,-0.31143045
4421,176.84,-0.7,-1.3780185,-0.46312702,-1.2239292,-0.31153846
4422,176.88,-0.7,-1.6062014,-0.6876067,-1.224044,-0.31165147
4423,176.92,-0.7,-1.4090497,-0.49365467,-1.224163,-0.31176856
4424,176.96,-0.7,-0.6444775,0.25850895,-1.2242852,-0.31188878
4425,177.0,-0.7,-0.5735627,0.32827285,-1.2244096,-0.31201115
4426,177.04,-0.7,-0.70920426,0.19483268,-1.2245352,-0.3121347
4427,177.08,-0.7,-0.5471767,0.3542306,-1.224661,-0.31225842
4428,177.12,-0.7,-1.4610825,-0.54484296,-1.2247858,-0.31238127
4429,177.16,-0.7,-0.9724599,-0.064150475,-1.2249088,-0.3125022
4430,177.2,-0.7,-1.4187965,-0.5032433,-1.2250288,-0.31262022
4431,177.24,-0.7,-1.5410669,-0.62352926,-1.2251446,-0.31273425
4432,177.28,-0.7,-1.6111727,-0.69249725,-1.2252554,-0.31284323
4433,177.32,-0.7,-0.4724183,0.42777574,-1.2253599,-0.31294605
4434,177.36,-0.7,-1.8335332,-0.9112489,-1.2254572,-0.3130417
4435,177.4,-0.7,-0.9029317,0.004249342,-1.2255459,-0.31312904
4436,177.44,-0.7,-1.7174501,-0.7970499,-1.2256252,-0.31320703
4437,177.48,-0.7,-1.3318075,-0.41766602,-1.225694,-0.3132746
4438,177.52,-0.7,-0.5619826,0.33966506,-1.2257509,-0.31333065
4439,177.56,-0.7,-0.9964367,-0.08773814,-1.225795,-0.31337413
4440,177.6,-0.7,-1.5971624,-0.67871433,-1.2258254,-0.31340396
4441,177.64,-0.7,-0.7966388,0.10881715,-1.2258408,-0.31341913
4442,177.68,-0.7,-1.2345612,-0.321998,-1.2258402,-0.31341857
4443,177.72,-0.7,-1.0926529,-0.1823928,-1.2258227,-0.31340125
4444,177.76,-0.7,-1.1637933,-0.25237864,-1.2257869,-0.31336614
4445,177.8,-0.7,-1.4965045,-0.57969016,-1.2257322,-0.31331226
4446,177.84,-0.7,-1.4572426,-0.5410654,-1.2256573,-0.31323862
4447,177.88,-0.7,-0.56466454,0.3370266,-1.2255614,-0.31314424
4448,177.92,-0.7,-1.5046967,-0.58774936,-1.2254435,-0.31302825
4449,177.96,-0.7,-1.5534568,-0.63571805,-1.2253026,-0.31288964
4450,178.0,-0.7,-1.2635891,-0.35055482,-1.2251378,-0.3127276
4451,178.04,-0.7,-1.2192459,-0.30693126,-1.2249485,-0.31254128
4452,178.08,-0.7,-1.2653353,-0.35227266,-1.2247335,-0.3123298
4453,178.12,-0.7,-1.6256553,-0.7067448,-1.2244922,-0.3120924
4454,178.16,-0.7,-1.6750461,-0.755334,-1.2242237,-0.31182835
4455,178.2,-0.7,-1.2125958,-0.3003891,-1.2239275,-0.3115369
4456,178.24,-0.7,-1.0782886,-0.16826157,-1.2236028,-0.31121743
4457,178.28,-0.7,-1.0012258,-0.09244953,-1.2232488,-0.31086922
4458,178.32,-0.7,-1.515928,-0.5987984,-1.2228651,-0.31049174
4459,178.36,-0.7,-0.9462796,-0.03839504,-1.2224511,-0.31008443
4460,178.4,-0.7,-0.91647923,-0.009078324,-1.2220062,-0.30964676
4461,178.44,-0.7,-1.5655961,-0.6476604,-1.2215301,-0.3091783
4462,178.48,-0.7,-1.5517247,-0.63401407,-1.2210221,-0.30867863
4463,178.52,-0.7,-1.1853998,-0.27363443,-1.2204821,-0.30814734
4464,178.56,-0.7,-1.3849382,-0.4699345,-1.2199097,-0.3075842
4465,178.6,-0.7,-1.1240358,-0.2132664,-1.2193044,-0.30698887
4466,178.64,-0.7,-1.3588276,-0.4442476,-1.2186664,-0.30636117
4467,178.68,-0.7,-1.4861326,-0.56948656,-1.2179953,-0.30570093
4468,178.72,-0.7,-1.2480257,-0.33524394,-1.217291,-0.30500808
4469,178.76,-0.7,-1.3334912,-0.4193224,-1.2165534,-0.30428252
4470,178.8,-0.7,-1.461344,-0.5451002,-1.2157828,-0.3035243
4471,178.84,-0.7,-1.4965556,-0.57974035,-1.2149788,-0.30273345
4472,178.88,-0.7,-1.8962364,-0.97293454,-1.214142,-0.3019101
4473,178.92,-0.7,-1.647234,-0.7279733,-1.2132721,-0.30105445
4474,178.96,-0.7,-1.6184511,-0.69965756,-1.2123698,-0.3001667
4475,179.0,-0.7,-1.3609389,-0.44632465,-1.2114351,-0.29924715
4476,179.04,-0.7,-1.6767414,-0.7570018,-1.2104684,-0.29829618
4477,179.08,-0.7,-1.1174805,-0.20681748,-1.2094702,-0.29731417
4478,179.12,-0.7,-1.4500644,-0.5340037,-1.2084408,-0.29630154
4479,179.16,-0.7,-0.80122995,0.10430051,-1.2073809,-0.29525882
4480,179.2,-0.7,-1.6811838,-0.76137215,-1.206291,-0.2941866
4481,179.24,-0.8,-0.701493,0.20241877,-1.2051717,-0.29308543
4482,179.28,-0.8,-1.1803889,-0.2687049,-1.2040236,-0.29195598
4483,179.32,-0.8,-0.9259008,-0.01834701,-1.2028474,-0.2907989
4484,179.36,-0.8,-1.0816166,-0.17153564,-1.201644,-0.28961498
4485,179.4,-0.8,-1.7783182,-0.8569301,-1.200414,-0.28840494
4486,179.44,-0.8,-0.8214469,0.08441169,-1.1991583,-0.28716964
4487,179.48,-0.8,-1.8821526,-0.95907927,-1.1978778,-0.28590986
4488,179.52,-0.9,-1.1084573,-0.19794072,-1.1965731,-0.2846265
4489,179.56,-0.9,-1.202857,-0.29080835,-1.1952456,-0.28332052
4490,179.6,-0.9,-1.4078202,-0.4924451,-1.193896,-0.2819928
4491,179.64,-0.9,-0.71035135,0.19370419,-1.1925254,-0.28064436
4492,179.68,-0.9,-1.6370401,-0.7179449,-1.1911346,-0.27927616
4493,179.72,-0.8,-1.5844901,-0.66624767,-1.1897248,-0.27788925
4494,179.76,-0.8,-1.1446099,-0.23350659,-1.188297,-0.27648467
4495,179.8,-0.8,-1.174609,-0.26301873,-1.1868525,-0.27506348
4496,179.84,-0.8,-1.5633528,-0.6454535,-1.185392,-0.2736268
4497,179.88,-0.7,-1.1275055,-0.21667978,-1.1839169,-0.27217567
4498,179.92,-0.7,-1.0142924,-0.105304,-1.1824284,-0.27071127
4499,179.96,-0.7,-0.88802344,0.018915646,-1.1809274,-0.2692347
4500,180.0,-0.7,-0.9492335,-0.04130099,-1.1794153,-0.26774707
4501,180.04,-0.7,-1.1741533,-0.2625705,-1.177893,-0.26624954
4502,180.08,-0.7,-1.3838074,-0.468822,-1.1763619,-0.26474324
4503,180.12,-0.7,-0.70296854,0.20096722,-1.174823,-0.2632293
4504,180.16,-0.7,-0.8752588,0.031473108,-1.1732775,-0.2617089
4505,180.2,-0.7,-1.1713367,-0.25979954,-1.1717266,-0.26018313
4506,180.24,-0.7,-1.2145605,-0.30232188,-1.1701713,-0.2586531
4507,180.28,-0.7,-1.2550932,-0.3421968,-1.1686128,-0.25711998
4508,180.32,-0.7,-1.1938375,-0.28193524,-1.1670524,-0.25558484
4509,180.36,-0.7,-1.6482882,-0.72901046,-1.165491,-0.25404876
4510,180.4,-0.7,-0.98298687,-0.07450658,-1.1639298,-0.25251287
4511,180.44,-0.7,-1.3640074,-0.4493433,-1.1623697,-0.2509782
4512,180.48,-0.7,-1.231835,-0.31931603,-1.1608121,-0.24944581
4513,180.52,-0.7,-0.29949337,0.59789413,-1.1592578,-0.24791673
4514,180.56,-0.7,-0.8730688,0.033627562,-1.1577078,-0.24639195
4515,180.6,-0.7,-1.2218106,-0.3094543,-1.1561633,-0.24487245
4516,180.64,-0.7,-1.2362534,-0.3236627,-1.154625,-0.24335921
4517,180.68,-0.7,-1.3884511,-0.4733903,-1.1530942,-0.24185315
4518,180.72,-0.7,0.0024317503,0.89491916,-1.1515715,-0.24035515
4519,180.76,-0.7,-0.53463674,0.36656708,-1.1500579,-0.23886609
4520,180.8,-0.7,-1.1871375,-0.27534395,-1.1485542,-0.23738681
4521,180.84,-0.7,-0.7208467,0.18337917,-1.1470612,-0.23591812
4522,180.88,-0.7,-1.3101999,-0.39640906,-1.1455799,-0.23446079
4523,180.92,-0.7,-1.4304688,-0.5147261,-1.1441108,-0.23301555
4524,180.96,-0.7,-0.4574073,0.4425431,-1.1426548,-0.23158313
4525,181.0,-0.7,-1.2116631,-0.29947153,-1.1412123,-0.2301642
4526,181.04,-0.7,-1.2222626,-0.309899,-1.1397845,-0.2287594
4527,181.08,-0.7,-0.48187125,0.41847616,-1.1383715,-0.22736934
4528,181.12,-0.7,-1.5592604,-0.64142746,-1.136974,-0.2259946
4529,181.16,-0.8,-0.67135286,0.23206976,-1.1355928,-0.22463576
4530,181.2,-0.8,-1.0203812,-0.11129403,-1.1342282,-0.22329332
4531,181.24,-0.8,-1.0357188,-0.1263827,-1.1328808,-0.2219678
4532,181.28,-0.8,-1.2297461,-0.31726104,-1.131551,-0.22065964
4533,181.32,-0.9,-0.9138254,-0.006467566,-1.1302395,-0.2193693
4534,181.36,-0.9,-1.165674,-0.25422877,-1.1289463,-0.21809721
4535,181.4,-0.9,-0.795962,0.109482996,-1.1276722,-0.21684375
4536,181.44,-1.0,-1.3116535,-0.3978391,-1.1264174,-0.21560928
4537,181.48,-1.0,-1.2384636,-0.3258371,-1.1251823,-0.21439418
4538,181.52,-1.0,-1.4157877,-0.5002833,-1.123967,-0.21319878
4539,181.56,-1.0,-1.7283155,-0.8077389,-1.1227723,-0.21202338
4540,181.6,-1.0,-0.7757257,0.1293908,-1.1215981,-0.21086828
4541,181.64,-1.0,-1.2595329,-0.34656444,-1.1204449,-0.20973378
4542,181.68,-1.0,-1.9576341,-1.0333358,-1.1193129,-0.20862015
4543,181.72,-1.0,-0.9875864,-0.079031445,-1.1182024,-0.20752762
4544,181.76,-1.0,-1.4522663,-0.5361699,-1.1171136,-0.20645647
4545,181.8,-1.0,-1.1777053,-0.26606482,-1.1160467,-0.20540692
4546,181.84,-1.0,-1.178711,-0.26705426,-1.115002,-0.20437917
4547,181.88,-1.0,-0.51216316,0.38867593,-1.1139797,-0.20337345
4548,181.92,-1.0,-1.4092413,-0.49384314,-1.11298,-0.20238994
4549,181.96,-1.0,-0.46727663,0.4328339,-1.112003,-0.20142883
4550,182.0,-1.0,-1.1786188,-0.26696348,-1.1110489,-0.2004903
4551,182.04,-1.0,-1.1324062,-0.22150095,-1.110118,-0.19957446
4552,182.08,-1.0,-1.0148777,-0.10587982,-1.1092104,-0.19868149
4553,182.12,-1.0,-1.3880339,-0.47297987,-1.108326,-0.19781151
4554,182.16,-1.0,-1.2333939,-0.32084966,-1.1074651,-0.19696464
4555,182.2,-1.0,-1.5144422,-0.59733665,-1.106628,-0.19614099
4556,182.24,-1.0,-1.037344,-0.1279815,-1.1058143,-0.19534063
4557,182.28,-1.0,-0.8697473,0.036895193,-1.1050246,-0.1945637
4558,182.32,-1.0,-1.0189917,-0.10992708,-1.1042587,-0.19381024
4559,182.36,-1.0,-0.6930555,0.21071935,-1.1035167,-0.1930803
4560,182.4,-1.0,-1.5398655,-0.62234735,-1.1027987,-0.19237399
4561,182.44,-1.0,-1.2966846,-0.38311318,-1.1021048,-0.1916913
4562,182.48,-1.0,-1.0970981,-0.18676585,-1.101435,-0.19103229
4563,182.52,-1.0,-0.6764655,0.22704011,-1.1007892,-0.19039698
4564,182.56,-1.0,-0.30503196,0.5924455,-1.1001675,-0.18978539
4565,182.6,-1.0,-0.92903304,-0.021428391,-1.0995699,-0.18919753
4566,182.64,-1.0,-1.3676038,-0.45288134,-1.0989964,-0.18863337
4567,182.68,-1.0,-1.7199367,-0.7994961,-1.0984471,-0.18809292
4568,182.72,-1.0,-0.82887685,0.07710231,-1.0979218,-0.18757616
4569,182.76,-1.0,-1.2284086,-0.3159452,-1.0974206,-0.18708307
4570,182.8,-1.0,-0.6995146,0.20436504,-1.0969434,-0.18661362
4571,182.84,-1.0,-1.2799454,-0.3666456,-1.0964901,-0.18616775
4572,182.88,-1.0,-0.92445457,-0.016924232,-1.0960609,-0.18574545
4573,182.92,-1.0,-1.7521312,-0.8311681,-1.0956556,-0.18534666
4574,182.96,-1.0,-0.9926043,-0.08396794,-1.095274,-0.18497136
4575,183.0,-1.0,-1.0008752,-0.09210463,-1.0949163,-0.18461947
4576,183.04,-1.0,-0.9571851,-0.049123548,-1.0945824,-0.18429096
4577,183.08,-1.0,-0.7331673,0.17125857,-1.0942721,-0.18398578
4578,183.12,-1.0,-0.77995616,0.12522903,-1.0939857,-0.18370388
4579,183.16,-1.0,-2.0788012,-1.1525364,-1.0937227,-0.18344523
4580,183.2,-1.0,-1.2880677,-0.37463608,-1.0934833,-0.18320975
4581,183.24,-1.0,-1.0042331,-0.09540802,-1.0932674,-0.1829974
4582,183.28,-1.0,-1.8499734,-0.92742234,-1.0930752,-0.18280816
4583,183.32,-1.0,-0.9642975,-0.056120507,-1.0929062,-0.18264198
4584,183.36,-1.0,-1.0961087,-0.18579248,-1.0927607,-0.18249883
4585,183.4,-1.0,-1.1931169,-0.2812263,-1.0926385,-0.18237865
4586,183.44,-1.0,-1.5099552,-0.59292245,-1.0925397,-0.18228145
4587,183.48,-1.0,-0.74526286,0.15935928,-1.0924642,-0.18220717
4588,183.52,-1.0,-1.2581556,-0.34520945,-1.092412,-0.18215579
4589,183.56,-1.0,-0.73918796,0.16533563,-1.092383,-0.1821273
4590,183.6,-1.0,-1.5404365,-0.62290907,-1.0923773,-0.18212165
4591,183.64,-1.0,-1.2568915,-0.3439659,-1.0923947,-0.18213883
4592,183.68,-1.0,-0.7850937,0.12017486,-1.0924354,-0.18217881
4593,183.72,-1.0,-1.6450753,-0.7258496,-1.0924991,-0.18224156
4594,183.76,-1.0,-1.620831,-0.70199883,-1.092586,-0.18232705
4595,183.8,-1.0,-1.4905102,-0.5737931,-1.0926961,-0.18243523
4596,183.84,-1.0,-1.1410391,-0.22999373,-1.0928291,-0.18256609
4597,183.88,-1.0,-0.36737835,0.53111094,-1.092985,-0.18271956
4598,183.92,-1.0,-1.4262271,-0.51055324,-1.093164,-0.18289562
4599,183.96,-1.0,-1.3281016,-0.4140203,-1.0933659,-0.18309416
4600,184.0,-1.0,-0.8672708,0.039331444,-1.0935905,-0.18331514
4601,184.04,-1.0,-1.6014588,-0.682941,-1.0938379,-0.18355848
4602,184.08,-1.0,-0.02572608,0.8672183,-1.0941077,-0.18382406
4603,184.12,-1.0,-1.9386883,-1.0146974,-1.0944003,-0.18411176
4604,184.16,-1.0,-1.3936341,-0.4784892,-1.094715,-0.18442145
4605,184.2,-1.0,-1.1431394,-0.23205988,-1.095052,-0.18475299
4606,184.24,-1.0,-0.8588984,0.047568,-1.0954111,-0.18510616
4607,184.28,-1.0,-0.8391378,0.06700789,-1.0957918,-0.18548079
4608,184.32,-1.0,-1.2675965,-0.35449713,-1.0961943,-0.18587664
4609,184.36,-1.0,-1.2992843,-0.3856707,-1.0966179,-0.18629345
4610,184.4,-1.0,-0.73626417,0.16821194,-1.0970626,-0.18673094
4611,184.44,-1.0,-0.41613233,0.48314816,-1.097528,-0.18718877
4612,184.48,-1.0,-1.0978147,-0.1874708,-1.0980138,-0.1876666
4613,184.52,-1.0,-1.0033559,-0.094545,-1.0985193,-0.18816403
4614,184.56,-1.0,-0.88713807,0.019786634,-1.0990444,-0.18868063
4615,184.6,-1.0,-0.29469985,0.6026099,-1.0995886,-0.18921594
4616,184.64,-1.0,-0.9903658,-0.08176576,-1.1001513,-0.18976946
4617,184.68,-1.0,-1.0253919,-0.11622344,-1.1007318,-0.19034061
4618,184.72,-1.0,-0.76935154,0.13566154,-1.1013298,-0.19092883
4619,184.76,-1.0,-0.634341,0.26848096,-1.1019443,-0.19153346
4620,184.8,-1.0,-1.5169877,-0.5998408,-1.1025751,-0.19215386
4621,184.84,-1.0,-0.9580185,-0.049943417,-1.1032209,-0.1927893
4622,184.88,-1.0,-0.9782364,-0.06983319,-1.1038814,-0.19343902
4623,184.92,-1.0,-1.3165648,-0.4026707,-1.1045555,-0.19410226
4624,184.96,-1.0,-0.67198116,0.23145166,-1.1052426,-0.19477814
4625,185.0,-1.0,-0.75206935,0.15266326,-1.1059417,-0.19546583
4626,185.04,-1.0,-1.4220761,-0.5064696,-1.1066517,-0.19616441
4627,185.08,-1.0,-1.0591015,-0.14938587,-1.1073719,-0.19687293
4628,185.12,-1.0,-1.5511105,-0.63340986,-1.1081012,-0.19759041
4629,185.16,-1.0,-0.53577054,0.36545166,-1.1088387,-0.19831584
4630,185.2,-1.0,-0.9530641,-0.045069426,-1.109583,-0.19904818
4631,185.24,-1.0,-1.0722528,-0.16232371,-1.1103333,-0.19978632
4632,185.28,-1.0,-1.0642257,-0.15442692,-1.1110885,-0.20052916
4633,185.32,-1.0,-1.3047003,-0.39099872,-1.1118472,-0.20127554
4634,185.36,-1.0,-1.1140243,-0.20341733,-1.1126083,-0.20202431
4635,185.4,-1.0,-0.7928238,0.11257025,-1.1133705,-0.20277424
4636,185.44,-1.0,-0.5599688,0.3416461,-1.1141328,-0.20352408
4637,185.48,-1.0,-1.4081746,-0.49279377,-1.1148937,-0.20427261
4638,185.52,-1.0,-1.2425196,-0.32982725,-1.1156518,-0.20501852
4639,185.56,-1.0,-0.9826255,-0.07415106,-1.1164061,-0.20576051
4640,185.6,-1.0,-1.3177729,-0.40385917,-1.117155,-0.20649722
4641,185.64,-1.0,-1.4005021,-0.48524573,-1.1178972,-0.20722733
4642,185.68,-1.0,-1.1667029,-0.25524098,-1.1186312,-0.20794947
4643,185.72,-1.0,-0.82724047,0.07871213,-1.1193557,-0.20866224
4644,185.76,-1.0,-1.3850151,-0.47001013,-1.1200693,-0.20936424
4645,185.8,-1.0,-1.7309513,-0.81033194,-1.1207705,-0.21005404
4646,185.84,-1.0,-1.0758452,-0.16585791,-1.1214578,-0.21073024
4647,185.88,-1.0,-0.14687902,0.7480317,-1.1221299,-0.21139136
4648,185.92,-1.0,-1.0476615,-0.13813162,-1.1227851,-0.21203597
4649,185.96,-1.0,-1.4783051,-0.56178606,-1.123422,-0.21266259
4650,186.0,-1.0,-1.2174752,-0.30518925,-1.1240393,-0.21326977
4651,186.04,-1.0,-1.0075766,-0.09869722,-1.1246351,-0.213856
4652,186.08,-1.0,-0.74724114,0.15741313,-1.1252083,-0.21441978
4653,186.12,-1.0,-1.173257,-0.2616887,-1.125757,-0.21495965
4654,186.16,-1.0,-1.0280703,-0.11885836,-1.12628,-0.21547411
4655,186.2,-1.0,-0.8500858,0.05623757,-1.1267755,-0.21596164
4656,186.24,-1.0,-1.05325,-0.14362934,-1.1272422,-0.21642074
4657,186.28,-1.0,-0.8410363,0.06514018,-1.1276785,-0.21684994
4658,186.32,-1.0,-0.06956977,0.82408625,-1.1280829,-0.21724771
4659,186.36,-1.0,-1.6985643,-0.7784705,-1.1284537,-0.21761258
4660,186.4,-1.0,-0.97408384,-0.06574805,-1.1287897,-0.21794306
4661,186.44,-1.0,-1.5869727,-0.66869,-1.1290891,-0.21823768
4662,186.48,-1.0,-0.83464754,0.07142528,-1.1293507,-0.218495
4663,186.52,-1.0,-1.9367936,-1.0128335,-1.1295729,-0.21871355
4664,186.56,-1.0,-1.7538853,-0.83289367,-1.1297542,-0.21889193
4665,186.6,-1.0,-1.9247258,-1.0009615,-1.1298932,-0.21902873
4666,186.64,-1.0,-0.63468564,0.26814193,-1.1299887,-0.21912259
4667,186.68,-1.0,-1.0991061,-0.18874124,-1.130039,-0.21917213
4668,186.72,-1.0,-1.6311135,-0.71211445,-1.130043,-0.21917605
4669,186.76,-1.0,-1.5427201,-0.6251556,-1.1299993,-0.21913305
4670,186.8,-1.0,-0.68317175,0.22044271,-1.1299065,-0.21904185
4671,186.84,-1.0,-1.4625845,-0.5463206,-1.1297636,-0.21890122
4672,186.88,-1.0,-0.696025,0.20779803,-1.1295692,-0.21870993
4673,186.92,-1.0,-1.4957627,-0.57896036,-1.129322,-0.21846683
4674,186.96,-1.0,-0.6621078,0.24116477,-1.129021,-0.21817075
4675,187.0,-1.0,-0.70338917,0.20055339,-1.1286652,-0.21782057
4676,187.04,-1.0,-1.2772667,-0.36401042,-1.1282531,-0.21741523
4677,187.08,-1.0,-0.7863472,0.11894172,-1.1277839,-0.21695364
4678,187.12,-1.0,-0.61054397,0.29189178,-1.1272565,-0.2164348
4679,187.16,-1.0,-1.0255768,-0.11640533,-1.1266699,-0.21585773
4680,187.2,-1.0,-0.9708635,-0.06257999,-1.1260232,-0.21522148
4681,187.24,-1.0,-0.7555281,0.14926067,-1.1253153,-0.21452515
4682,187.28,-1.0,-1.5974634,-0.67901045,-1.1245456,-0.21376787
4683,187.32,-1.0,-1.4203506,-0.50477207,-1.123713,-0.21294881
4684,187.36,-1.0,-1.273259,-0.36006778,-1.1228169,-0.2120672
4685,187.4,-1.0,-1.0841742,-0.17405166,-1.1218565,-0.21112232
4686,187.44,-1.0,-1.9428878,-1.0188287,-1.1208309,-0.21011348
4687,187.48,-1.0,-1.3542331,-0.43972772,-1.1197398,-0.20904006
4688,187.52,-1.0,-0.8088269,0.096826844,-1.1185824,-0.20790148
4689,187.56,-1.0,-0.91000235,-0.0027065724,-1.1173583,-0.20669723
4690,187.6,-1.0,-1.254575,-0.341687,-1.1160669,-0.20542683
4691,187.64,-1.0,-1.0683649,-0.15849893,-1.114708,-0.20408987
4692,187.68,-1.0,-1.8720309,-0.9491218,-1.1132809,-0.20268603
4693,187.72,-1.0,-1.7691749,-0.8479352,-1.1117857,-0.20121498
4694,187.76,-1.0,-0.9030703,0.0041130036,-1.1102217,-0.19967651
4695,187.8,-1.0,-0.91889834,-0.011458181,-1.1085892,-0.19807044
4696,187.84,-1.0,-1.3085923,-0.3948276,-1.1068878,-0.19639666
4697,187.88,-1.0,-1.0437431,-0.1342768,-1.1051176,-0.1946551
4698,187.92,-1.0,-1.0977641,-0.18742107,-1.1032784,-0.1928458
4699,187.96,-1.0,-0.44422245,0.45551395,-1.1013703,-0.1909688
4700,188.0,-1.0,-1.2308193,-0.31831685,-1.0993937,-0.18902422
4701,188.04,-1.0,-2.0071697,-1.0820675,-1.0973486,-0.18701228
4702,188.08,-1.0,-0.47854143,0.42175198,-1.0952352,-0.18493322
4703,188.12,-1.0,-1.1406744,-0.22963488,-1.0930539,-0.18278733
4704,188.16,-1.0,-0.9768003,-0.06842044,-1.0908052,-0.18057498
4705,188.2,-1.0,-0.95493704,-0.046911992,-1.0884892,-0.17829664
4706,188.24,-1.0,-1.4577017,-0.541517,-1.0861067,-0.17595278
4707,188.28,-1.0,-0.962263,-0.054119043,-1.0836581,-0.17354394
4708,188.32,-1.0,-1.4031987,-0.4878986,-1.0811441,-0.17107078
4709,188.36,-1.0,-0.58078766,0.32116514,-1.0785655,-0.16853395
4710,188.4,-1.0,-1.4464338,-0.530432,-1.0759228,-0.16593422
4711,188.44,-1.0,-0.95942587,-0.051327966,-1.073217,-0.16327237
4712,188.48,-1.0,-0.323757,0.5740243,-1.0704491,-0.1605493
4713,188.52,-1.0,-1.3393065,-0.42504328,-1.0676198,-0.15776594
4714,188.56,-1.0,-1.2937126,-0.3801894,-1.0647302,-0.15492328
4715,188.6,-1.0,-1.3103672,-0.39657372,-1.0617814,-0.15202238
4716,188.64,-1.0,-0.9770704,-0.06868613,-1.0587747,-0.14906438
4717,188.68,-1.0,-1.3525909,-0.43811214,-1.055711,-0.14605047
4718,188.72,-1.0,-2.2992768,-1.3694338,-1.0525918,-0.14298192
4719,188.76,-1.0,-1.0489129,-0.13936265,-1.0494184,-0.13986003
4720,188.8,-1.0,-0.6973623,0.20648244,-1.0461923,-0.13668622
4721,188.84,-1.0,-1.3321228,-0.41797623,-1.0429149,-0.13346192
4722,188.88,-1.0,-1.2515253,-0.33868676,-1.0395876,-0.13018867
4723,188.92,-1.0,-1.3333725,-0.41920558,-1.0362122,-0.12686804
4724,188.96,-1.0,-1.3617129,-0.44708613,-1.0327903,-0.12350168
4725,189.0,-1.0,-1.2651775,-0.3521174,-1.0293236,-0.12009128
4726,189.04,-1.0,-0.8889184,0.018035196,-1.0258139,-0.116638616
4727,189.08,-1.0,-1.1267321,-0.21591891,-1.0222632,-0.113145486
4728,189.12,-1.0,-1.24,-0.32734853,-1.0186732,-0.109613776
4729,189.16,-1.0,-1.748914,-0.8280031,-1.015046,-0.1060454
4730,189.2,-1.0,-0.8709622,0.03569997,-1.0113835,-0.10244234
4731,189.24,-1.0,-0.7842858,0.120969675,-1.0076878,-0.098806605
4732,189.28,-1.0,-1.1135118,-0.20291317,-1.003961,-0.09514026
4733,189.32,-1.0,-1.0721389,-0.16221173,-1.0002052,-0.09144542
4734,189.36,-1.0,-1.3235681,-0.40956035,-0.9964226,-0.08772423
4735,189.4,-1.0,-1.6679294,-0.74833286,-0.9926154,-0.08397887
4736,189.44,-1.0,-0.7933571,0.11204561,-0.9887859,-0.08021154
4737,189.48,-1.0,-1.11863,-0.20794834,-0.9849364,-0.07642451
4738,189.52,-1.0,-0.96765304,-0.05942161,-0.9810692,-0.072620034
4739,189.56,-1.0,-1.2176778,-0.30538863,-0.97718656,-0.068800405
4740,189.6,-1.0,-0.9269969,-0.019425295,-0.97329086,-0.06496794
4741,189.64,-1.0,-0.7425233,0.16205439,-0.9693845,-0.061124958
4742,189.68,-1.0,-0.68030256,0.22326532,-0.9654698,-0.05727381
4743,189.72,-1.0,-1.8641143,-0.9413337,-0.9615492,-0.05341683
4744,189.76,-1.0,-1.4568866,-0.5407152,-0.95762503,-0.04955637
4745,189.8,-1.0,-0.25628078,0.6404054,-0.95369977,-0.045694787
4746,189.84,-1.0,-1.0168757,-0.107845455,-0.9497757,-0.04183441
4747,189.88,-1.0,-0.9045227,0.0026841387,-0.94585526,-0.037977587
4748,189.92,-1.0,-1.0048782,-0.09604259,-0.9419408,-0.034126632
4749,189.96,-1.0,-0.7676072,0.13737759,-0.9380346,-0.03028385
4750,190.0,-1.0,-0.5339396,0.3672529,-0.934139,-0.026451526
4751,190.04,-1.0,-0.4969051,0.40368634,-0.9302564,-0.022631917
4752,190.08,-1.0,-1.1094861,-0.1989528,-0.926389,-0.018827252
4753,190.12,-1.0,-0.46860182,0.43153024,-0.922539,-0.015039721
4754,190.16,-1.0,0.13309503,1.0234618,-0.91870856,-0.011271485
4755,190.2,-1.0,-0.51832217,0.38261688,-0.91489995,-0.0075246603
4756,190.24,-1.0,-0.6274753,0.2752352,-0.91111517,-0.003801323
4757,190.28,-1.0,-0.8259741,0.07995794,-0.9073563,-0.00010350296
4758,190.32,-1.0,-0.804782,0.10080614,-0.9036255,0.003566816
4759,190.36,-1.0,-0.9114035,-0.004084952,-0.8999245,0.007207698
4760,190.4,-1.0,-1.2297231,-0.31723842,-0.89625543,0.010817258
4761,190.44,-1.0,-0.6683979,0.23497674,-0.89262,0.014393658
4762,190.48,-1.0,-1.7463973,-0.8255272,-0.88902014,0.017935116
4763,190.52,-1.0,-0.34878242,0.54940504,-0.8854575,0.021439902
4764,190.56,-1.0,-0.2967797,0.60056376,-0.8819339,0.024906341
4765,190.6,-1.0,-0.5375179,0.36373264,-0.87845093,0.028332815
4766,190.64,-1.0,-1.0796614,-0.16961211,-0.87501013,0.03171776
4767,190.68,-1.0,-1.1792599,-0.2675942,-0.8716131,0.03505968
4768,190.72,-1.0,-0.5535296,0.3479808,-0.8682612,0.038357127
4769,190.76,-1.0,-0.46819353,0.4319319,-0.86495596,0.04160873
4770,190.8,-1.0,-0.84663767,0.059629746,-0.8616987,0.04481316
4771,190.84,-1.0,-0.3888809,0.5099574,-0.8584906,0.047969174
4772,190.88,-1.0,-0.95634973,-0.048301756,-0.855333,0.051075574
4773,190.92,-1.0,-0.894565,0.0124802515,-0.8522269,0.054131232
4774,190.96,-1.0,-1.3796653,-0.46474707,-0.8491735,0.057135094
4775,191.0,-1.0,-0.5918791,0.31025368,-0.8461737,0.060086153
4776,191.04,-1.0,0.00035572052,0.89287686,-0.8432286,0.06298348
4777,191.08,-1.0,0.43771398,1.323137,-0.84033895,0.065826215
4778,191.12,-1.0,-0.63774353,0.26513362,-0.83750564,0.06861354
4779,191.16,-1.0,-0.17041492,0.7248777,-0.83472943,0.07134473
4780,191.2,-1.0,-0.55096066,0.3505081,-0.8320109,0.07401911
4781,191.24,-1.0,-0.3323691,0.56555206,-0.82935077,0.07663607
4782,191.28,-1.0,-1.3855126,-0.4704995,-0.82674956,0.07919505
4783,191.32,-1.0,-0.5274577,0.37362957,-0.82420784,0.08169557
4784,191.36,-1.0,-2.1306577,-1.2035513,-0.8217259,0.08413719
4785,191.4,-1.0,-0.675017,0.22846511,-0.8193043,0.0865195
4786,191.44,-1.0,-0.4756648,0.42458194,-0.8169433,0.08884219
4787,191.48,-1.0,-0.76972294,0.1352962,-0.8146432,0.09110496
4788,191.52,-1.0,-1.1553802,-0.24410209,-0.8124043,0.09330757
4789,191.56,-1.0,-0.8241012,0.08180044,-0.8102267,0.095449805
4790,191.6,-1.0,-0.3361218,0.56186014,-0.8081106,0.09753152
4791,191.64,-1.0,-1.1287225,-0.21787705,-0.8060562,0.09955259
4792,191.68,-1.0,-1.0559344,-0.14627025,-0.8040635,0.10151293
4793,191.72,-1.0,-0.93908036,-0.031312652,-0.8021326,0.1034125
4794,191.76,-1.0,-1.7958114,-0.8741394,-0.80026346,0.10525129
4795,191.8,-1.0,-1.7118092,-0.79150045,-0.79845613,0.10702932
4796,191.84,-1.0,-0.63204944,0.2707353,-0.7967105,0.10874664
4797,191.88,-1.0,-1.03289,-0.123599775,-0.7950265,0.11040333
4798,191.92,-1.0,-1.2299637,-0.31747505,-0.7934039,0.11199951
4799,191.96,-1.0,-0.83766043,0.06846128,-0.79184276,0.11353533
4800,192.0,-1.0,-1.0371336,-0.1277745,-0.7903428,0.115010954
4801,192.04,-1.0,-1.0661408,-0.15631095,-0.78890383,0.116426595
4802,192.08,-1.0,0.009006739,0.90138745,-0.78752553,0.117782496
4803,192.12,-1.0,-1.2957294,-0.38217345,-0.78620774,0.11907893
4804,192.16,-1.0,-0.4397236,0.45993984,-0.7849501,0.12031619
4805,192.2,-1.0,-0.46748954,0.43262446,-0.78375214,0.12149464
4806,192.24,-1.0,-1.2564825,-0.3435635,-0.7826137,0.12261465
4807,192.28,-1.0,0.19889283,1.0881919,-0.7815342,0.12367664
4808,192.32,-1.0,0.3425901,1.229557,-0.78051317,0.12468107
4809,192.36,-1.0,-0.33102864,0.56687075,-0.7795502,0.12562843
4810,192.4,-1.0,-1.0566362,-0.14696063,-0.7786447,0.12651923
4811,192.44,-1.0,-0.8244721,0.081435554,-0.7777961,0.12735406
4812,192.48,-1.0,-0.9422207,-0.034402013,-0.77700377,0.12813352
4813,192.52,-1.0,-0.75261945,0.15212211,-0.7762671,0.12885824
4814,192.56,-1.0,-0.008349419,0.884313,-0.77558535,0.12952888
4815,192.6,-1.0,-0.8423669,0.06383122,-0.7749579,0.13014618
4816,192.64,-1.0,0.06601071,0.95746624,-0.77438396,0.13071083
4817,192.68,-1.0,-0.7725675,0.13249779,-0.7738627,0.13122359
4818,192.72,-1.0,-1.3202803,-0.40632594,-0.7733934,0.13168529
4819,192.76,-1.0,-0.74321216,0.16137671,-0.7729752,0.1320967
4820,192.8,-1.0,-0.83397794,0.07208402,-0.77260727,0.13245867
4821,192.84,-1.0,-0.9072089,4.1529536e-05,-0.7722887,0.13277206
4822,192.88,-1.0,-1.4717796,-0.55536646,-0.7720187,0.13303773
4823,192.92,-1.0,-0.66522646,0.23809674,-0.77179617,0.13325658
4824,192.96,-1.0,-0.64129084,0.2616439,-0.7716204,0.1334295
4825,193.0,-1.0,-0.83575106,0.07033967,-0.7714904,0.13355741
4826,193.04,-1.0,-0.942702,-0.034875512,-0.77140516,0.13364124
4827,193.08,-1.0,-1.0030197,-0.09421428,-0.77136385,0.13368192
4828,193.12,-1.0,0.07659805,0.9678818,-0.77136534,0.1336804
4829,193.16,-1.0,-1.048566,-0.13902138,-0.77140886,0.13363764
4830,193.2,-1.0,-1.5498348,-0.63215494,-0.77149326,0.13355458
4831,193.24,-1.0,-0.8754374,0.031297423,-0.7716177,0.13343218
4832,193.28,-1.0,-0.19214487,0.70350045,-0.77178115,0.13327141
4833,193.32,-1.0,-1.016126,-0.10710792,-0.77198255,0.13307324
4834,193.36,-1.0,-1.413295,-0.49783105,-0.772221,0.13283864
4835,193.4,-1.0,-0.68004364,0.22352004,-0.77249557,0.13256857
4836,193.44,-1.0,-0.22476745,0.67140734,-0.77280515,0.13226399
4837,193.48,-1.0,-0.94043654,-0.032646827,-0.77314883,0.13192588
4838,193.52,-1.0,-0.8786738,0.028113537,-0.77352566,0.13155521
4839,193.56,-1.0,-0.7817226,0.12349125,-0.77393454,0.13115293
4840,193.6,-1.0,-0.8381229,0.068006314,-0.77437466,0.13071997
4841,193.64,-1.0,-0.6082046,0.29419315,-0.77484494,0.13025732
4842,193.68,-1.0,-0.3909098,0.5079614,-0.77534443,0.12976591
4843,193.72,-1.0,-1.2289196,-0.31644797,-0.77587223,0.12924667
4844,193.76,-1.0,-1.3641381,-0.44947195,-0.7764274,0.12870054
4845,193.8,-1.0,-0.89251024,0.014501654,-0.77700895,0.12812844
4846,193.84,-1.0,-0.4247303,0.47468978,-0.77761596,0.12753128
4847,193.88,-1.0,-0.8706236,0.0360331,-0.7782475,0.12690997
4848,193.92,-1.0,-1.614234,-0.69550884,-0.7789027,0.1262654
4849,193.96,-1.0,0.23469353,1.1234115,-0.77958065,0.12559846
4850,194.0,-1.0,-1.2327902,-0.32025576,-0.7802805,0.12491002
4851,194.04,-1.0,-0.74682266,0.15782481,-0.7810012,0.12420093
4852,194.08,-1.0,-1.259268,-0.34630385,-0.7817421,0.12347207
4853,194.12,-1.0,-1.3803251,-0.46539617,-0.7825023,0.12272426
4854,194.16,-1.0,-1.1647756,-0.25334498,-0.78328085,0.12195833
4855,194.2,-1.0,0.19674397,1.0860778,-0.784077,0.12117511
4856,194.24,-1.0,-0.8114661,0.094230495,-0.7848899,0.12037541
4857,194.28,-1.0,-0.95296216,-0.044969156,-0.7857187,0.119560026
4858,194.32,-1.0,-0.5717416,0.33006442,-0.7865627,0.11872975
4859,194.36,-1.0,-0.9018365,0.005326748,-0.787421,0.117885366
4860,194.4,-1.0,-0.8497622,0.056555904,-0.7882928,0.11702765
4861,194.44,-1.0,-0.43318838,0.4663689,-0.7891775,0.116157375
4862,194.48,-1.0,-0.72020966,0.18400589,-0.7900741,0.1152753
4863,194.52,-1.0,-0.95415026,-0.046137974,-0.79098195,0.114382185
4864,194.56,-1.0,-0.77127314,0.13377115,-0.7919003,0.113478765
4865,194.6,-1.0,-0.06306243,0.83048797,-0.7928283,0.11256579
4866,194.64,-1.0,-1.4883523,-0.5716702,-0.7937653,0.111644
4867,194.68,-1.0,-0.9847117,-0.07620343,-0.7947106,0.11071411
4868,194.72,-1.0,-1.076215,-0.1662217,-0.7956633,0.109776855
4869,194.76,-1.0,-1.2294205,-0.31694075,-0.79662275,0.10883294
4870,194.8,-1.0,-0.86417735,0.042374723,-0.7975883,0.10788308
4871,194.84,-1.0,-1.0281788,-0.11896508,-0.7985591,0.10692798
4872,194.88,-1.0,-0.31117046,0.58640665,-0.7995346,0.105968334
4873,194.92,-1.0,-0.44816262,0.45163774,-0.800514,0.10500484
4874,194.96,-1.0,-0.9230294,-0.015522212,-0.8014966,0.104038194
4875,195.0,-1.0,-0.6500413,0.2530355,-0.8024817,0.103069074
4876,195.04,-1.0,-0.98459023,-0.07608393,-0.80346864,0.10209818
4877,195.08,-1.0,-0.35612994,0.5421768,-0.80445665,0.1011262
4878,195.12,-1.0,-0.7464739,0.1581679,-0.8054451,0.10015382
4879,195.16,-1.0,-1.4570413,-0.5408673,-0.8064332,0.09918173
4880,195.2,-1.0,-0.41002268,0.48915875,-0.8074203,0.0982106
4881,195.24,-1.0,-0.04942465,0.8439044,-0.80840576,0.09724115
4882,195.28,-1.0,-1.2885509,-0.3751114,-0.8093888,0.096274056
4883,195.32,-1.0,-0.40389073,0.49519116,-0.8103688,0.09531001
4884,195.36,-1.0,-0.62943184,0.27331042,-0.8113449,0.0943497
4885,195.4,-1.0,-0.8159809,0.089788966,-0.8123166,0.09339383
4886,195.44,-1.0,-0.67615235,0.22734818,-0.81328297,0.09244309
4887,195.48,-1.0,-0.68431276,0.21932018,-0.8142435,0.09149819
4888,195.52,-1.0,-0.9252182,-0.01767549,-0.81519735,0.09055981
4889,195.56,-1.0,-0.052651703,0.8407297,-0.8161439,0.08962865
4890,195.6,-1.0,-0.6359732,0.2668752,-0.81708235,0.08870541
4891,195.64,-1.0,-0.9770998,-0.068715036,-0.81801206,0.08779079
4892,195.68,-1.0,-0.30000192,0.5973939,-0.8189323,0.08688546
4893,195.72,-1.0,-1.0305499,-0.12129767,-0.8198424,0.08599012
4894,195.76,-1.0,-0.980995,-0.07254704,-0.82074165,0.08510546
4895,195.8,-1.0,-0.5587557,0.34283954,-0.8216294,0.08423213
4896,195.84,-1.0,-0.8367298,0.069376774,-0.82250494,0.08337081
4897,195.88,-1.0,-0.83782566,0.068298735,-0.8233676,0.08252215
4898,195.92,-1.0,-0.66852593,0.23485082,-0.8242168,0.08168677
4899,195.96,-1.0,-0.6541816,0.24896237,-0.8250518,0.08086532
4900,196.0,-1.0,-0.14991707,0.7450429,-0.825872,0.08005841
4901,196.04,-1.0,-0.6171353,0.28540742,-0.82667685,0.07926662
4902,196.08,-1.0,-1.0166682,-0.10764128,-0.8274657,0.078490525
4903,196.12,-1.0,-0.4249183,0.47450483,-0.8282381,0.07773067
4904,196.16,-1.0,-1.7630993,-0.8419582,-0.82899344,0.07698759
4905,196.2,-1.0,-0.5009426,0.39971435,-0.8297313,0.07626177
4906,196.24,-1.0,-0.6780025,0.22552806,-0.830451,0.075553685
4907,196.28,-1.0,-0.91688323,-0.009475775,-0.8311523,0.074863754
4908,196.32,-1.0,-1.8362854,-0.91395646,-0.8318348,0.07419239
4909,196.36,-1.0,-1.1555812,-0.24429983,-0.832498,0.073539935
4910,196.4,-1.0,-1.1343303,-0.22339377,-0.8331417,0.07290672
4911,196.44,-1.0,-1.9067581,-0.9832854,-0.8337655,0.072293006
4912,196.48,-1.0,-0.9404183,-0.03262888,-0.83436924,0.07169904
4913,196.52,-1.0,-1.6793482,-0.75956637,-0.8349528,0.071125
4914,196.56,-1.0,-0.7756176,0.1294972,-0.83551586,0.070571035
4915,196.6,-1.0,-1.1693895,-0.25788397,-0.8360585,0.070037246
4916,196.64,-1.0,-0.56825006,0.33349928,-0.8365805,0.06952368
4917,196.68,-1.0,-0.7088727,0.19515887,-0.83708197,0.06903035
4918,196.72,-1.0,-1.0984716,-0.18811709,-0.83756286,0.06855725
4919,196.76,-1.0,-0.8930963,0.013925083,-0.8380233,0.06810428
4920,196.8,-1.0,-0.27483636,0.622151,-0.8384634,0.06767134
4921,196.84,-1.0,-1.3284714,-0.4143841,-0.8388833,0.0672583
4922,196.88,-1.0,-0.29846585,0.598905,-0.8392831,0.06686495
4923,196.92,-1.0,-0.8929962,0.014023595,-0.83966315,0.066491075
4924,196.96,-1.0,0.072377205,0.9637295,-0.84002364,0.06613642
4925,197.0,-1.0,-1.4059677,-0.49062264,-0.84036493,0.06580068
4926,197.04,-1.0,-1.0251225,-0.1159584,-0.84068733,0.06548353
4927,197.08,-1.0,-0.8857508,0.02115143,-0.8409912,0.0651846
4928,197.12,-1.0,-1.0716691,-0.16174954,-0.84127694,0.06490349
4929,197.16,-1.0,-1.2504355,-0.33761463,-0.841545,0.06463976
4930,197.2,-1.0,-1.207021,-0.29490477,-0.84179586,0.06439295
4931,197.24,-1.0,-0.6248838,0.27778468,-0.8420301,0.06416254
4932,197.28,-1.0,-0.17789483,0.7175192,-0.8422482,0.063948
4933,197.32,-1.0,-1.0879083,-0.17772517,-0.8424507,0.06374876
4934,197.36,-1.0,-0.20493066,0.6909222,-0.84263825,0.063564226
4935,197.4,-1.0,-1.2468153,-0.33405325,-0.8428115,0.063393764
4936,197.44,-1.0,-1.277031,-0.36377847,-0.8429712,0.06323672
4937,197.48,-1.0,-1.2562671,-0.34335157,-0.8431179,0.06309241
4938,197.52,-1.0,-1.0328797,-0.12358969,-0.84325236,0.06296012
4939,197.56,-1.0,-0.60246634,0.2998383,-0.8433754,0.0628391
4940,197.6,-1.0,-0.6423684,0.26058388,-0.8434877,0.06272859
4941,197.64,-1.0,-0.9486316,-0.04070887,-0.84359014,0.062627815
4942,197.68,-1.0,-0.7568637,0.14794672,-0.84368354,0.06253594
4943,197.72,-1.0,-0.85248196,0.053880297,-0.8437687,0.062452145
4944,197.76,-1.0,-0.8250337,0.08088306,-0.84384656,0.062375568
4945,197.8,-1.0,-0.7732482,0.13182813,-0.8439179,0.06230534
4946,197.84,-1.0,-1.5545456,-0.6367892,-0.84398377,0.062240567
4947,197.88,-1.0,-1.6964431,-0.77638376,-0.844045,0.062180344
4948,197.92,-1.0,-0.9298215,-0.022204056,-0.8441025,0.062123742
4949,197.96,-1.0,-0.39985818,0.4991582,-0.84415734,0.062069826
4950,198.0,-1.0,-1.3170664,-0.4031642,-0.8442104,0.062017646
4951,198.04,-1.0,-1.1782905,-0.26664054,-0.8442626,0.061966248
4952,198.08,-1.0,-0.23601687,0.6603404,-0.84431505,0.061914664
4953,198.12,-1.0,-1.803119,-0.88132834,-0.84436864,0.061861925
4954,198.16,-1.0,0.30348825,1.1910897,-0.8444244,0.061807062
4955,198.2,-1.0,-0.34750056,0.5506661,-0.8444833,0.06174911
4956,198.24,-0.9,-0.41704178,0.4822535,-0.8445464,0.061687108
4957,198.28,-0.9,-0.8533951,0.05298198,-0.8446145,0.061620094
4958,198.32,-0.9,-1.7466509,-0.82577676,-0.84468865,0.061547123
4959,198.36,-0.9,-0.37681973,0.5218228,-0.84476984,0.061467256
4960,198.4,-0.9,-1.236955,-0.32435298,-0.844859,0.061379567
4961,198.44,-0.9,-0.33189243,0.56602097,-0.844957,0.06128314
4962,198.48,-0.9,-0.75178933,0.15293875,-0.8450648,0.061177082
4963,198.52,-0.9,-0.5692702,0.3324957,-0.8451833,0.061060514
4964,198.56,-0.9,-0.4701851,0.4299727,-0.8453134,0.060932573
4965,198.6,-0.9,-0.70360726,0.20033887,-0.8454558,0.06079242
4966,198.64,-0.9,-1.0249056,-0.115744956,-0.8456115,0.060639236
4967,198.68,-0.9,-0.6384177,0.26447037,-0.84578127,0.060472224
4968,198.72,-0.9,-0.96048,-0.052364968,-0.84596586,0.06029062
4969,198.76,-0.9,-1.3176131,-0.40370202,-0.8461661,0.060093667
4970,198.8,-0.9,-0.6171674,0.28537583,-0.8463826,0.059880655
4971,198.84,-0.9,-0.4304816,0.4690318,-0.8466162,0.059650883
4972,198.88,-1.0,-0.659201,0.24402437,-0.84686744,0.059403688
4973,198.92,-1.0,-0.54221594,0.35911086,-0.8471371,0.059138436
4974,198.96,-1.0,-1.0850352,-0.17489873,-0.8474257,0.05885451
4975,199.0,-1.0,-1.0566245,-0.14694914,-0.84773386,0.05855134
4976,199.04,-1.0,-1.1221526,-0.21141368,-0.84806216,0.05822838
4977,199.08,-1.0,-0.51818144,0.38275528,-0.8484111,0.05788511
4978,199.12,-1.0,-1.5812984,-0.66310775,-0.84878117,0.057521053
4979,199.16,-1.0,-1.2902122,-0.37674573,-0.84917283,0.05713575
4980,199.2,-1.0,-0.6400851,0.26283008,-0.8495865,0.056728788
4981,199.24,-1.0,0.2968471,1.1845562,-0.85002255,0.056299787
4982,199.28,-1.0,-0.017414272,0.8753953,-0.8504814,0.0558484
4983,199.32,-1.0,-1.1960285,-0.28409064,-0.8509633,0.05537432
4984,199.36,-1.0,-1.3605214,-0.44591394,-0.85146856,0.054877277
4985,199.4,-1.0,-0.6290113,0.27372417,-0.8519974,0.054357033
4986,199.44,-1.0,-0.4442221,0.4555143,-0.85254997,0.0538134
4987,199.48,-1.0,-0.6783149,0.22522068,-0.85312647,0.053246226
4988,199.52,-1.0,-0.6590445,0.24417838,-0.8537271,0.05265539
4989,199.56,-1.0,-0.8513165,0.055026837,-0.8543518,0.052040815
4990,199.6,-1.0,-0.73825216,0.16625622,-0.8550007,0.05140246
4991,199.64,-1.0,-1.2585148,-0.3455628,-0.85567373,0.05074033
4992,199.68,-1.0,-0.6674521,0.23590723,-0.8563709,0.05005446
4993,199.72,-1.0,-0.79897213,0.1065217,-0.85709214,0.04934492
4994,199.76,-1.0,-1.2358927,-0.32330784,-0.8578374,0.048611823
4995,199.8,-1.0,-0.83359754,0.072458245,-0.85860634,0.047855318
4996,199.84,-1.0,-0.15630782,0.7387559,-0.85939896,0.04707559
4997,199.88,-1.0,0.2000997,1.0893791,-0.8602149,0.04627285
4998,199.92,-1.0,-0.3922158,0.50667655,-0.861054,0.04544736
4999,199.96,-1.0,-1.4836165,-0.56701124,-0.86191595,0.04459941
5000,200.0,-1.0,-0.315354,0.58229095,-0.8628004,0.04372932
5001,200.04,-1.0,-0.86446667,0.042090096,-0.863707,0.042837445
5002,200.08,-1.0,-1.0330833,-0.123789996,-0.86463535,0.04192417
5003,200.12,-1.0,-1.123035,-0.21228176,-0.865585,0.040989902
5004,200.16,-1.0,-0.63463604,0.26819068,-0.8665556,0.04003508
5005,200.2,-1.0,-1.2509995,-0.33816946,-0.8675466,0.039060164
5006,200.24,-1.0,-0.80846024,0.09718757,-0.8685575,0.03806563
5007,200.28,-1.0,-0.82393336,0.08196557,-0.8695879,0.03705199
5008,200.32,-1.0,-1.0404282,-0.13101563,-0.8706372,0.036019754
5009,200.36,-1.0,-0.68313265,0.22048116,-0.87170476,0.03496946
5010,200.4,-1.0,-0.36023438,0.538139,-0.8727902,0.033901658
5011,200.44,-1.0,-1.1770054,-0.2653763,-0.87389284,0.032816913
5012,200.48,-1.0,-0.21534443,0.6806774,-0.8750121,0.0317158
5013,200.52,-1.0,-0.72945964,0.17490605,-0.87614745,0.030598903
5014,200.56,-1.0,-1.1341952,-0.22326088,-0.8772982,0.029466812
5015,200.6,-1.0,-1.5069168,-0.5899334,-0.8784638,0.028320123
5016,200.64,-1.0,-0.60548675,0.2968669,-0.8796436,0.027159436
5017,200.68,-1.0,-0.39463663,0.504295,-0.8808371,0.025985347
5018,200.72,-1.0,-0.93104285,-0.02340559,-0.8820436,0.024798457
5019,200.76,-1.0,-2.4545355,-1.5221727,-0.88326246,0.023599355
5020,200.8,-1.0,-1.5315927,-0.6142088,-0.8844932,0.022388626
5021,200.84,-1.0,-1.9223921,-0.99866575,-0.8857351,0.02116685
5022,200.88,-1.0,-0.4967785,0.40381092,-0.8869877,0.019934593
5023,200.92,-1.0,-0.8702351,0.036415286,-0.88825035,0.018692413
5024,200.96,-1.0,-0.84808713,0.058203794,-0.88952255,0.017440857
5025,201.0,-1.0,-0.8184392,0.08737058,-0.89080375,0.016180463
5026,201.04,-1.0,-0.48222363,0.4181295,-0.89209336,0.014911761
5027,201.08,-1.0,-1.7170756,-0.7966814,-0.89339095,0.013635267
5028,201.12,-1.0,-1.1775632,-0.26592502,-0.8946959,0.0123514915
5029,201.16,-1.0,-1.4086413,-0.4932529,-0.8960077,0.011060935
5030,201.2,-1.0,-1.1593791,-0.24803609,-0.897326,0.009764088
5031,201.24,-1.0,-0.6453134,0.25768664,-0.8986501,0.008461433
5032,201.28,-1.0,-1.2620387,-0.34902954,-0.89997965,0.0071534473
5033,201.32,-1.0,-0.46472532,0.43534386,-0.9013142,0.0058405995
5034,201.36,-1.0,-0.6795118,0.22404325,-0.90265316,0.004523356
5035,201.4,-0.9,-1.1849837,-0.27322513,-0.9039961,0.0032021794
5036,201.44,-0.8,-1.249593,-0.33678585,-0.90534264,0.0018775305
5037,201.48,-0.8,-0.9376528,-0.029908285,-0.9066922,0.0005498693
5038,201.52,-0.8,-0.20767426,0.6882231,-0.90804434,-0.00078034325
5039,201.56,-0.8,-0.36885166,0.52966154,-0.9093986,-0.0021126445
5040,201.6,-0.8,-1.1233726,-0.21261388,-0.91075456,-0.0034465687
5041,201.64,-0.8,-1.2944984,-0.38096246,-0.91211164,-0.0047816453
5042,201.68,-0.8,-1.2870014,-0.37358707,-0.91346943,-0.0061174
5043,201.72,-0.8,-0.14484662,0.75003105,-0.91482747,-0.007453351
5044,201.76,-0.9,-0.32137728,0.5763655,-0.91618514,-0.008789011
5045,201.8,-1.0,-0.19662839,0.69908965,-0.91754204,-0.010123887
5046,201.84,-1.0,-0.53125465,0.36989424,-0.9188976,-0.011457475
5047,201.88,-1.0,-1.3775225,-0.46263906,-0.92025137,-0.012789263
5048,201.92,-1.0,-1.2358112,-0.32322773,-0.9216028,-0.014118736
5049,201.96,-1.0,-0.34940517,0.5487924,-0.9229513,-0.015445367
5050,202.0,-1.0,-0.98726857,-0.07871879,-0.9242964,-0.016768625
5051,202.04,-1.0,-1.1194745,-0.20877913,-0.9256375,-0.018087974
5052,202.08,-1.0,-1.3981119,-0.48289436,-0.9269741,-0.019402869
5053,202.12,-1.0,-1.5057113,-0.5887475,-0.9283056,-0.020712769
5054,202.16,-1.0,-0.18483233,0.7106943,-0.9296315,-0.02201712
5055,202.2,-1.0,-0.6339983,0.2688181,-0.9309511,-0.023315368
5056,202.24,-1.0,-1.0707723,-0.16086729,-0.93226403,-0.024606958
5057,202.28,-1.0,-1.6889713,-0.76903325,-0.9335696,-0.025891326
5058,202.32,-1.0,-1.7439344,-0.8231043,-0.93486726,-0.02716791
5059,202.36,-1.0,-0.64913666,0.2539254,-0.9361564,-0.028436145
5060,202.4,-1.0,-0.5857097,0.31632298,-0.93743646,-0.029695457
5061,202.44,-1.0,-0.2898109,0.6074195,-0.93870693,-0.030945273
5062,202.48,-1.0,-0.266334,0.6305154,-0.9399671,-0.032185014
5063,202.52,-1.0,0.10231042,0.9931768,-0.94121647,-0.033414103
5064,202.56,-1.0,-1.9229271,-0.99919206,-0.9424544,-0.034631945
5065,202.6,-1.0,-1.4170362,-0.5015115,-0.9436803,-0.035837952
5066,202.64,-1.0,-0.90877,-0.0014942363,-0.9448936,-0.03703153
5067,202.68,-1.0,-1.4718487,-0.55543447,-0.9460936,-0.038212087
5068,202.72,-1.0,-0.6198735,0.28271362,-0.9472798,-0.039379027
5069,202.76,-1.0,-0.43539977,0.46419346,-0.9484515,-0.040531747
5070,202.8,-1.0,-1.288882,-0.3754372,-0.9496082,-0.04166966
5071,202.84,-1.0,-0.95486337,-0.046839513,-0.9507493,-0.04279216
5072,202.88,-1.0,-1.8775984,-0.954599,-0.951874,-0.04389866
5073,202.92,-1.0,-0.3779375,0.52072316,-0.9529819,-0.044988558
5074,202.96,-1.0,-1.1947714,-0.28285396,-0.9540723,-0.046061262
5075,203.0,-1.0,-1.027364,-0.11816351,-0.9551446,-0.047116183
5076,203.04,-1.0,-0.90704834,0.00019949675,-0.9561983,-0.048152722
5077,203.08,-1.0,-0.5844487,0.31756353,-0.9572326,-0.049170297
5078,203.12,-1.0,-0.84223205,0.06396387,-0.95824707,-0.050168317
5079,203.16,-0.9,-1.2195269,-0.30720767,-0.9592411,-0.051146187
5080,203.2,-0.9,-0.098525345,0.7956006,-0.960214,-0.05210333
5081,203.24,-0.9,-1.2171433,-0.30486277,-0.9611653,-0.053039152
5082,203.28,-0.9,-0.4090255,0.49013966,-0.9620943,-0.05395307
5083,203.32,-0.8,-0.96795374,-0.059717435,-0.9630004,-0.05484451
5084,203.36,-0.7,-0.9018131,0.0053497925,-0.9638831,-0.055712886
5085,203.4,-0.7,-0.7468487,0.15779918,-0.9647418,-0.056557626
5086,203.44,-0.7,-1.2735602,-0.36036402,-0.9655759,-0.05737816
5087,203.48,-0.7,-1.594691,-0.6762831,-0.96638477,-0.05817393
5088,203.52,-0.7,-0.8900581,0.016914003,-0.9671679,-0.058944378
5089,203.56,-0.7,-0.6596081,0.24362388,-0.9679248,-0.059688963
5090,203.6,-0.7,-0.99824166,-0.0895138,-0.9686548,-0.060407143
5091,203.64,-0.7,-1.7185819,-0.7981633,-0.9693575,-0.0610984
5092,203.68,-0.7,-0.97815275,-0.06975092,-0.9700323,-0.061762214
5093,203.72,-0.7,-0.26151425,0.6352569,-0.9706786,-0.06239809
5094,203.76,-0.7,-0.94684666,-0.038952917,-0.9712961,-0.06300553
5095,203.8,-0.7,-1.1547506,-0.24348266,-0.9718842,-0.06358407
5096,203.84,-0.7,-1.6983545,-0.77826416,-0.9724424,-0.06413323
5097,203.88,-0.8,-1.387413,-0.4723691,-0.9729703,-0.06465257
5098,203.92,-0.8,-0.28126693,0.6158248,-0.97346747,-0.065141656
5099,203.96,-0.9,-0.5530764,0.34842667,-0.9739334,-0.06560007
5100,204.0,-0.9,-1.5514338,-0.6337279,-0.9743678,-0.066027395
5101,204.04,-0.9,-1.1221682,-0.21142906,-0.9747702,-0.06642325
5102,204.08,-0.9,-0.11895931,0.7754983,-0.9751402,-0.066787265
5103,204.12,-0.9,-0.28367537,0.6134555,-0.9754775,-0.06711908
5104,204.16,-0.9,-0.61781335,0.28474036,-0.9757817,-0.06741834
5105,204.2,-0.9,-0.9632436,-0.055083744,-0.97605246,-0.067684725
5106,204.24,-0.9,-1.0017931,-0.09300765,-0.9762895,-0.06791793
5107,204.28,-0.9,0.27464652,1.162716,-0.9764925,-0.06811766
5108,204.32,-0.9,-1.3136251,-0.3997787,-0.97666126,-0.068283655
5109,204.36,-0.9,-1.122092,-0.2113541,-0.9767955,-0.06841567
5110,204.4,-0.9,-1.9064822,-0.98301405,-0.9768949,-0.06851349
5111,204.44,-0.9,-1.3487444,-0.43432805,-0.9769594,-0.06857692
5112,204.48,-0.9,-0.9988566,-0.09011876,-0.97698873,-0.0686058
5113,204.52,-0.9,-0.19471937,0.7009677,-0.9769829,-0.06860002
5114,204.56,-0.9,-1.6807926,-0.7609872,-0.97694165,-0.06855948
5115,204.6,-0.9,-0.75825393,0.14657906,-0.97686505,-0.06848412
5116,204.64,-0.9,-1.5882099,-0.6699071,-0.97675306,-0.06837393
5117,204.68,-0.9,-0.52796376,0.37313175,-0.97660565,-0.06822893
5118,204.72,-0.9,-0.6719692,0.23146346,-0.97642297,-0.06804918
5119,204.76,-0.9,-1.1814975,-0.26979545,-0.976205,-0.06783477
5120,204.8,-0.9,-0.74284947,0.16173351,-0.97595197,-0.06758587
5121,204.84,-0.9,-1.446883,-0.5308739,-0.9756641,-0.06730265
5122,204.88,-0.9,-0.91837025,-0.010938659,-0.97534156,-0.066985354
5123,204.92,-0.9,-1.2600241,-0.3470476,-0.9749847,-0.06663426
5124,204.96,-0.9,-1.4276037,-0.5119075,-0.97459376,-0.0662497
5125,205.0,-0.9,-1.7634622,-0.84231514,-0.97416925,-0.065832056
5126,205.04,-0.9,-0.94677263,-0.038880087,-0.9737115,-0.065381765
5127,205.08,-0.9,-1.2890589,-0.37561125,-0.97322106,-0.064899296
5128,205.12,-0.9,-0.75175387,0.15297362,-0.9726985,-0.0643852
5129,205.16,-0.9,-1.1657735,-0.2543267,-0.97214437,-0.06384005
5130,205.2,-0.9,-0.94231135,-0.034491204,-0.9715593,-0.06326448
5131,205.24,-0.9,-1.7940755,-0.87243164,-0.97094405,-0.06265919
5132,205.28,-0.9,-1.6210448,-0.7022091,-0.9702993,-0.06202491
5133,205.32,-0.9,-1.2246594,-0.31225693,-0.9696259,-0.061362427
5134,205.36,-0.9,-0.97468734,-0.06634175,-0.96892464,-0.060672577
5135,205.4,-0.9,-0.94272596,-0.034899086,-0.9681965,-0.059956245
5136,205.44,-0.9,-0.59169096,0.3104388,-0.96744233,-0.059214354
5137,205.48,-0.9,-0.7677246,0.13726214,-0.96666324,-0.05844787
5138,205.52,-0.9,-0.9250429,-0.017503038,-0.9658601,-0.057657816
5139,205.56,-0.9,-1.1516038,-0.24038696,-0.9650342,-0.056845237
5140,205.6,-0.9,-1.2541156,-0.341235,-0.9641864,-0.056011222
5141,205.64,-0.9,-0.32790112,0.5699474,-0.963318,-0.055156894
5142,205.68,-0.9,-1.8648994,-0.9421061,-0.96243006,-0.054283418
5143,205.72,-0.9,-0.61128473,0.29116303,-0.96152395,-0.05339199
5144,205.76,-0.9,-1.7940068,-0.8723641,-0.9606008,-0.052483827
5145,205.8,-0.9,-1.6795596,-0.75977427,-0.9596619,-0.051560193
5146,205.84,-0.9,-0.9592469,-0.05115187,-0.95870864,-0.050622366
5147,205.88,-0.9,-0.80282503,0.10273131,-0.9577422,-0.049671654
5148,205.92,-0.9,-0.22381729,0.67234206,-0.9567641,-0.048709393
5149,205.96,-0.9,-1.0798141,-0.16976234,-0.95577556,-0.047736924
5150,206.0,-0.9,-1.6541562,-0.7347832,-0.9547781,-0.04675562
5151,206.04,-0.9,-0.3939218,0.5049983,-0.953773,-0.045766857
5152,206.08,-0.9,-1.1525681,-0.2413356,-0.95276177,-0.04477202
5153,206.12,-0.9,-1.6524582,-0.7331127,-0.9517458,-0.04377252
5154,206.16,-0.9,-1.2750866,-0.36186573,-0.95072645,-0.042769745
5155,206.2,-0.9,-0.37722856,0.52142054,-0.94970524,-0.04176511
5156,206.24,-0.9,-1.1207116,-0.20999607,-0.94868356,-0.04076001
5157,206.28,-0.9,-0.73223454,0.17217615,-0.94766283,-0.03975585
5158,206.32,-0.9,-0.93196285,-0.024310656,-0.9466445,-0.038754024
5159,206.36,-0.9,-0.99932694,-0.09058147,-0.9456299,-0.0377559
5160,206.4,-0.9,-0.33315355,0.5647803,-0.9446205,-0.03676285
5161,206.44,-0.9,-0.34233415,0.5557487,-0.9436176,-0.035776213
5162,206.48,-0.9,-0.35127228,0.5469556,-0.94262254,-0.034797322
5163,206.52,-0.9,0.10126352,0.99214697,-0.9416367,-0.033827472
5164,206.56,-0.9,-0.73672146,0.16776207,-0.9406613,-0.03286794
5165,206.6,-0.9,-2.0032017,-1.0781639,-0.9396977,-0.031919975
5166,206.64,-0.9,-1.2278405,-0.3153864,-0.9387471,-0.030984793
5167,206.68,-0.9,-0.11590648,0.7785016,-0.9378107,-0.03006359
5168,206.72,-0.9,-0.014221668,0.87853605,-0.93688965,-0.029157523
5169,206.76,-0.9,-1.2323158,-0.31978902,-0.9359852,-0.02826772
5170,206.8,-0.9,-0.4173562,0.4819442,-0.93509835,-0.027395284
5171,206.84,-0.9,-0.5507265,0.35073844,-0.93423027,-0.026541272
5172,206.88,-0.9,-0.4395882,0.460073,-0.933382,-0.02570672
5173,206.92,-0.9,0.0027185678,0.8952013,-0.9325544,-0.024892624
5174,206.96,-0.9,-1.6307783,-0.7117847,-0.9317487,-0.024099953
5175,207.0,-0.9,-1.2322848,-0.3197585,-0.93096566,-0.023329645
5176,207.04,-0.9,-1.1829641,-0.27123827,-0.9302063,-0.022582605
5177,207.08,-0.9,-0.98838735,-0.07981941,-0.9294715,-0.021859713
5178,207.12,-0.9,-0.9483109,-0.040393397,-0.9287621,-0.02116182
5179,207.16,-0.9,-0.75709146,0.14772266,-0.9280789,-0.020489752
5180,207.2,-0.9,-0.9251662,-0.017624304,-0.9274228,-0.019844308
5181,207.24,-0.9,-2.0261502,-1.10074,-0.9267946,-0.019226264
5182,207.28,-0.9,-1.2236627,-0.3112764,-0.92619497,-0.01863637
5183,207.32,-0.9,-1.2652924,-0.35223043,-0.92562467,-0.018075353
5184,207.36,-0.9,-0.7771629,0.12797695,-0.9250845,-0.017543916
5185,207.4,-0.9,-1.1634415,-0.25203255,-0.92457503,-0.017042737
5186,207.44,-0.9,-0.77318037,0.13189489,-0.924097,-0.016572474
5187,207.48,-0.9,-0.64986247,0.2532114,-0.92365104,-0.01613375
5188,207.52,-0.9,-1.2437224,-0.33101055,-0.92323774,-0.015727172
5189,207.56,-0.9,-1.1618309,-0.25044808,-0.92285776,-0.01535331
5190,207.6,-0.9,-0.9472511,-0.03935077,-0.9225115,-0.015012714
5191,207.64,-0.9,-1.6176989,-0.69891757,-0.92219967,-0.014705903
5192,207.68,-0.9,-1.2906806,-0.37720665,-0.9219226,-0.014433364
5193,207.72,-0.9,-0.7989317,0.10656146,-0.92168087,-0.014195557
5194,207.76,-0.9,-1.7680206,-0.8467997,-0.9214749,-0.013992906
5195,207.8,-0.9,-0.7372167,0.16727486,-0.921305,-0.013825801
5196,207.84,-0.9,-0.037689388,0.8554492,-0.92117167,-0.013694597
5197,207.88,-0.9,-1.2727271,-0.35954452,-0.9210751,-0.013599609
5198,207.92,-1.0,-0.42845398,0.47102648,-0.9210156,-0.013541112
5199,207.96,-1.0,-0.54581565,0.3555696,-0.9209935,-0.013519335
5200,208.0,-1.0,0.10825443,0.9990244,-0.9210089,-0.013534462
5201,208.04,-1.0,-0.75857604,0.1462622,-0.92106193,-0.013586634
5202,208.08,-1.0,-0.6759831,0.22751471,-0.9211527,-0.01367594
5203,208.12,-1.0,-0.115048885,0.7793452,-0.9212813,-0.013802424
5204,208.16,-1.0,-1.4390428,-0.52316093,-0.92144763,-0.013966078
5205,208.2,-1.0,-0.73205507,0.17235273,-0.9216517,-0.014166847
5206,208.24,-1.0,-1.3611736,-0.44655555,-0.9218934,-0.01440463
5207,208.28,-1.0,-1.2655079,-0.35244247,-0.9221726,-0.014679277
5208,208.32,-1.0,-0.39235258,0.506542,-0.92248905,-0.014990591
5209,208.36,-1.0,-0.5195993,0.3813604,-0.9228425,-0.015338329
5210,208.4,-1.0,-0.5428688,0.35846862,-0.92323273,-0.015722198
5211,208.44,-1.0,-0.9452547,-0.037386775,-0.9236593,-0.016141864
5212,208.48,-1.0,-0.8706411,0.03601586,-0.92412186,-0.016596943
5213,208.52,-1.0,-0.82693803,0.07900966,-0.92462003,-0.01708701
5214,208.56,-1.0,-0.69630957,0.2075181,-0.92515326,-0.017611595
5215,208.6,-1.0,-0.812208,0.09350064,-0.92572105,-0.018170182
5216,208.64,-1.0,-0.26439655,0.6324214,-0.9263229,-0.018762216
5217,208.68,-1.0,-1.1354634,-0.22450846,-0.9269581,-0.019387105
5218,208.72,-1.0,-0.6192167,0.2833598,-0.927626,-0.020044217
5219,208.76,-1.0,-0.4390449,0.46060753,-0.9283261,-0.020732882
5220,208.8,-1.0,-1.1430973,-0.23201849,-0.9290574,-0.021452393
5221,208.84,-1.0,-0.61178535,0.2906705,-0.9298194,-0.02220202
5222,208.88,-1.0,-1.2716709,-0.35850546,-0.93061125,-0.022980997
5223,208.92,-1.0,-1.4446323,-0.52865976,-0.9314321,-0.02378853
5224,208.96,-1.0,-0.6050711,0.2972758,-0.93228114,-0.024623804
5225,209.0,-1.0,-0.91460997,-0.0072394013,-0.93315756,-0.02548598
5226,209.04,-1.0,-0.44670808,0.45306867,-0.93406045,-0.0263742
5227,209.08,-1.0,-1.661326,-0.74183667,-0.9349889,-0.02728759
5228,209.12,-1.0,-0.71113676,0.19293153,-0.93594205,-0.028225256
5229,209.16,-1.0,-1.3883183,-0.4732597,-0.9369189,-0.029186297
5230,209.2,-1.0,-1.4976208,-0.5807883,-0.93791866,-0.0301698
5231,209.24,-1.0,-1.6573734,-0.7379482,-0.9389403,-0.031174842
5232,209.28,-1.0,-1.0392122,-0.12981944,-0.93998283,-0.032200493
5233,209.32,-1.0,-1.9036943,-0.9802714,-0.9410454,-0.033245824
5234,209.36,-1.0,-1.3336892,-0.4195172,-0.94212705,-0.03430989
5235,209.4,-1.0,-0.5470687,0.35433683,-0.94322675,-0.03539175
5236,209.44,-1.0,-0.81438303,0.091360904,-0.94434357,-0.036490463
5237,209.48,-1.0,-1.1323569,-0.22145239,-0.9454766,-0.037605073
5238,209.52,-1.0,-1.3880836,-0.47302875,-0.94662476,-0.038734622
5239,209.56,-1.0,-0.89866483,0.008446954,-0.94778717,-0.039878152
5240,209.6,-1.0,-1.1194078,-0.20871344,-0.9489628,-0.0410347
5241,209.64,-1.0,-0.584564,0.3174501,-0.95015067,-0.042203277
5242,209.68,-1.0,-0.25760013,0.6391075,-0.95134974,-0.043382917
5243,209.72,-1.0,-0.89141583,0.015578292,-0.9525591,-0.044572625
5244,209.76,-1.0,-0.9760368,-0.0676693,-0.9537777,-0.0457714
5245,209.8,-1.0,-0.66172934,0.24153712,-0.9550044,-0.046978246
5246,209.84,-1.0,0.3845911,1.2708763,-0.9562383,-0.04819214
5247,209.88,-1.0,-1.626975,-0.70804316,-0.95747834,-0.04941206
5248,209.92,-1.0,-1.1587757,-0.24744242,-0.9587235,-0.05063698
5249,209.96,-1.0,-0.5705373,0.33124912,-0.9599726,-0.05186586
5250,210.0,-1.0,-1.0239941,-0.11484828,-0.96122473,-0.05309766
5251,210.04,-1.0,-1.1235315,-0.2127702,-0.96247876,-0.054331332
5252,210.08,-1.0,-0.47454607,0.4256825,-0.9637337,-0.055565827
5253,210.12,-1.0,-1.001085,-0.09231103,-0.9649883,-0.056800094
5254,210.16,-1.0,-0.46699822,0.43310785,-0.9662416,-0.05803308
5255,210.2,-1.0,-1.3831067,-0.46813267,-0.9674926,-0.059263732
5256,210.24,-1.0,-0.75056386,0.15414435,-0.96874005,-0.060491
5257,210.28,-1.0,-1.361584,-0.44695923,-0.9699831,-0.061713833
5258,210.32,-1.0,-0.57748455,0.32441467,-0.97122055,-0.062931195
5259,210.36,-1.0,-0.92736715,-0.019789547,-0.9724513,-0.06414205
5260,210.4,-1.0,-0.9450596,-0.037194848,-0.97367454,-0.06534537
5261,210.44,-1.0,-0.5387851,0.36248603,-0.974889,-0.06654014
5262,210.48,-1.0,-1.1638442,-0.2524287,-0.97609377,-0.067725345
5263,210.52,-1.0,-1.1242061,-0.21343386,-0.9772878,-0.06890001
5264,210.56,-1.0,-0.94418883,-0.036338218,-0.97847015,-0.070063144
5265,210.6,-0.9,-0.5612542,0.3403816,-0.97963977,-0.0712138
5266,210.64,-0.7,-1.8419704,-0.9195493,-0.98079574,-0.07235103
5267,210.68,-0.7,-1.1539211,-0.24266666,-0.98193717,-0.073473915
5268,210.72,-0.7,-1.250919,-0.3380903,-0.9830631,-0.07458157
5269,210.76,-0.7,-1.1958889,-0.2839533,-0.98417264,-0.075673126
5270,210.8,-0.7,-0.90783834,-0.00057768077,-0.985265,-0.07674773
5271,210.84,-0.7,-0.49028963,0.4101944,-0.9863393,-0.07780457
5272,210.88,-0.7,-1.2272804,-0.3148353,-0.9873947,-0.07884286
5273,210.92,-0.7,-1.316035,-0.40214953,-0.9884305,-0.07986185
5274,210.96,-0.7,-1.0932745,-0.18300427,-0.9894459,-0.0808608
5275,211.0,-0.7,-1.254249,-0.34136626,-0.9904403,-0.081839025
5276,211.04,-0.7,-1.2800122,-0.36671138,-0.9914129,-0.08279586
5277,211.08,-0.7,-1.1846117,-0.27285913,-0.99236315,-0.083730675
5278,211.12,-0.7,-1.1122464,-0.20166829,-0.99329036,-0.08464287
5279,211.16,-0.7,-0.5837959,0.3182057,-0.9941941,-0.0855319
5280,211.2,-0.7,-0.52847576,0.37262806,-0.9950737,-0.08639722
5281,211.24,-0.7,-1.6503004,-0.73098993,-0.9959287,-0.08723836
5282,211.28,-0.7,-0.9752504,-0.06689569,-0.99675864,-0.08805484
5283,211.32,-0.7,-1.3628459,-0.44820067,-0.9975631,-0.088846266
5284,211.36,-0.7,-0.53232807,0.36883825,-0.99834174,-0.08961222
5285,211.4,-0.7,-1.3068557,-0.39311916,-0.99909407,-0.090352386
5286,211.44,-0.7,-1.3026233,-0.38895544,-0.99981993,-0.09106643
5287,211.48,-0.7,-1.2368623,-0.32426175,-1.0005189,-0.09175408
5288,211.52,-0.7,-0.9865797,-0.07804112,-1.0011908,-0.092415094
5289,211.56,-0.7,-0.9347365,-0.02703929,-1.0018355,-0.093049265
5290,211.6,-0.7,-0.94141346,-0.033607893,-1.0024526,-0.09365643
5291,211.64,-0.7,-0.94476557,-0.036905587,-1.0030422,-0.09423644
5292,211.68,-0.7,-1.2267884,-0.31435135,-1.003604,-0.09478921
5293,211.72,-0.7,-1.2482514,-0.33546606,-1.0041382,-0.09531465
5294,211.76,-0.7,-0.89271295,0.014302231,-1.0046445,-0.09581275
5295,211.8,-0.7,-1.4160283,-0.50051993,-1.005123,-0.096283495
5296,211.84,-0.7,-1.5973635,-0.67891216,-1.0055737,-0.096726924
5297,211.88,-0.7,-1.0000825,-0.091324754,-1.0059968,-0.0971431
5298,211.92,-0.7,-0.9827234,-0.074247405,-1.0063922,-0.0975321
5299,211.96,-0.7,-1.1819597,-0.27025023,-1.0067602,-0.09789407
5300,212.0,-0.7,-0.8799052,0.026902102,-1.0071008,-0.09822915
5301,212.04,-0.7,-1.2043293,-0.29225668,-1.0074142,-0.09853751
5302,212.08,-0.7,-0.43123007,0.4682955,-1.0077007,-0.09881936
5303,212.12,-0.7,-0.882624,0.024227478,-1.0079606,-0.09907491
5304,212.16,-0.7,-1.0692586,-0.15937814,-1.0081939,-0.099304415
5305,212.2,-0.7,-0.5425337,0.35879827,-1.0084009,-0.09950813
5306,212.24,-0.7,-0.7745584,0.13053918,-1.008582,-0.09968634
5307,212.28,-0.7,-0.77630955,0.12881646,-1.0087376,-0.09983934
5308,212.32,-0.7,-1.0697869,-0.1598979,-1.0088677,-0.09996745
5309,212.36,-0.7,-1.172707,-0.26114762,-1.008973,-0.10007099
5310,212.4,-0.7,-0.9864315,-0.07789528,-1.0090537,-0.10015032
5311,212.44,-0.7,-1.0443412,-0.13486516,-1.0091101,-0.100205794
5312,212.48,-0.7,-1.1585047,-0.24717587,-1.0091425,-0.10023779
5313,212.52,-0.7,-0.9140411,-0.006679766,-1.0091516,-0.10024669
5314,212.56,-0.7,-0.8886047,0.018343814,-1.0091376,-0.1002329
5315,212.6,-0.7,-1.1928936,-0.28100666,-1.0091009,-0.100196846
5316,212.64,-0.7,-1.5075468,-0.59055316,-1.0090421,-0.10013895
5317,212.68,-0.7,-0.46360135,0.4364496,-1.0089614,-0.100059636
5318,212.72,-0.7,-1.4372724,-0.52141935,-1.0088595,-0.09995938
5319,212.76,-0.7,-0.81737304,0.08841943,-1.0087368,-0.09983863
5320,212.8,-0.7,-0.85008645,0.05623693,-1.0085937,-0.09969785
5321,212.84,-0.7,-0.6985756,0.20528883,-1.0084307,-0.09953752
5322,212.88,-0.7,-1.0847788,-0.17464647,-1.0082484,-0.09935814
5323,212.92,-0.7,-0.74180067,0.1627653,-1.0080472,-0.09916018
5324,212.96,-0.7,-0.7520789,0.15265387,-1.0078276,-0.09894416
5325,213.0,-0.7,-1.109163,-0.19863498,-1.0075902,-0.09871057
5326,213.04,-0.7,-0.82470834,0.08120317,-1.0073354,-0.09845992
5327,213.08,-0.7,-1.3715143,-0.45672843,-1.0070637,-0.09819274
5328,213.12,-0.7,-0.62071264,0.28188813,-1.0067759,-0.09790953
5329,213.16,-0.7,-0.9956433,-0.086957626,-1.0064722,-0.09761084
5330,213.2,-0.7,-1.6049368,-0.6863626,-1.0061535,-0.097297184
5331,213.24,-0.7,-0.95752627,-0.049459197,-1.0058199,-0.09696911
5332,213.28,-0.7,-1.0041772,-0.09535302,-1.0054724,-0.09662717
5333,213.32,-0.7,-1.3503941,-0.435951,-1.0051112,-0.096271895
5334,213.36,-0.7,-1.126136,-0.21533242,-1.0047371,-0.09590385
5335,213.4,-0.7,-0.7986444,0.106844075,-1.0043507,-0.095523596
5336,213.44,-0.7,-0.6936021,0.21018165,-1.0039523,-0.09513168
5337,213.48,-0.7,-0.29793692,0.5994254,-1.0035425,-0.094728686
5338,213.52,-0.7,-0.30365676,0.59379834,-1.0031222,-0.09431517
5339,213.56,-0.7,-1.1429496,-0.23187318,-1.0026917,-0.0938917
5340,213.6,-0.7,-0.67369926,0.22976145,-1.0022519,-0.09345886
5341,213.64,-0.7,-1.358028,-0.44346103,-1.0018029,-0.09301722
5342,213.68,-0.7,-1.827117,-0.90493685,-1.0013456,-0.09256736
5343,213.72,-0.7,-1.2403176,-0.32766095,-1.0008806,-0.09210987
5344,213.76,-0.7,-0.74686825,0.15777996,-1.0004084,-0.09164533
5345,213.8,-0.7,-0.98322207,-0.074737966,-0.9999296,-0.09117434
5346,213.84,-0.7,-0.884088,0.02278722,-0.9994449,-0.09069752
5347,213.88,-0.7,-1.5696716,-0.65166974,-0.9989549,-0.09021546
5348,213.92,-0.7,-0.9963209,-0.087624215,-0.9984602,-0.08972879
5349,213.96,-0.7,-1.536495,-0.6190315,-0.99796146,-0.089238115
5350,214.0,-0.7,-0.47796547,0.42231858,-0.99745923,-0.08874408
5351,214.04,-0.7,-1.0061302,-0.097274326,-0.99695426,-0.08824731
5352,214.08,-0.7,-1.2951113,-0.3815654,-0.9964472,-0.08774844
5353,214.12,-0.7,-1.1601415,-0.24878606,-0.9959386,-0.087248124
5354,214.16,-0.7,-1.3726537,-0.45784935,-0.9954292,-0.08674699
5355,214.2,-0.7,-1.012989,-0.10402184,-0.99491966,-0.08624571
5356,214.24,-0.7,-0.7550822,0.14969933,-0.99441063,-0.085744925
5357,214.28,-0.7,-1.295137,-0.3815907,-0.99390274,-0.08524528
5358,214.32,-0.7,-0.7923487,0.11303764,-0.9933967,-0.08474745
5359,214.36,-0.7,-0.6389033,0.26399267,-0.9928931,-0.08425206
5360,214.4,-0.7,-1.0079659,-0.099080235,-0.9923927,-0.083759785
5361,214.44,-0.7,-1.096313,-0.1859935,-0.99189615,-0.083271265
5362,214.48,-0.7,-1.3128786,-0.39904433,-0.99140406,-0.08278715
5363,214.52,-0.7,-1.0489769,-0.13942562,-0.990917,-0.08230806
5364,214.56,-0.7,-0.28493017,0.61222106,-0.99043584,-0.08183466
5365,214.6,-0.7,-0.8361589,0.06993847,-0.989961,-0.08136755
5366,214.64,-0.7,-0.90903723,-0.0017571151,-0.98949325,-0.08090737
5367,214.68,-0.7,-1.2754729,-0.3622457,-0.9890331,-0.080454715
5368,214.72,-0.7,-1.30525,-0.3915396,-0.9885813,-0.0800102
5369,214.76,-0.7,-1.4813126,-0.5647448,-0.9881383,-0.07957442
5370,214.8,-0.7,-1.1055694,-0.19509962,-0.9877048,-0.079147965
5371,214.84,-0.7,-0.99909866,-0.09035689,-0.9872814,-0.078731395
5372,214.88,-0.7,-0.98395985,-0.07546378,-0.98686856,-0.07832529
5373,214.92,-0.7,-0.6238718,0.27878022,-0.98646694,-0.077930175
5374,214.96,-0.7,-0.697423,0.20642275,-0.9860771,-0.07754661
5375,215.0,-0.7,-0.24145836,0.65498734,-0.9856994,-0.0771751
5376,215.04,-0.7,-1.4486865,-0.53264815,-0.9853346,-0.07681616
5377,215.08,-0.9,-1.128318,-0.21747902,-0.98498297,-0.07647026
5378,215.12,-0.9,-0.8132623,0.092463456,-0.98464507,-0.07613787
5379,215.16,-0.9,-0.8669292,0.039667554,-0.9843214,-0.07581945
5380,215.2,-0.9,-1.0022193,-0.0934269,-0.98401237,-0.075515404
5381,215.24,-0.9,-0.56023496,0.34138426,-0.98371834,-0.075226165
5382,215.28,-0.9,-1.3126947,-0.39886338,-0.98343974,-0.0749521
5383,215.32,-0.9,-0.9330678,-0.025397673,-0.98317695,-0.07469359
5384,215.36,-0.9,-0.6104553,0.291979,-0.98293036,-0.07445097
5385,215.4,-0.9,-0.5368145,0.36442462,-0.9827002,-0.07422457
5386,215.44,-0.9,-0.9917638,-0.083141044,-0.98248684,-0.07401469
5387,215.48,-0.9,-1.1311402,-0.2202555,-0.9822906,-0.07382162
5388,215.52,-0.9,-1.1968312,-0.28488037,-0.9821117,-0.073645614
5389,215.56,-0.9,-1.1241901,-0.21341816,-0.98195034,-0.07348691
5390,215.6,-0.9,-0.73311937,0.17130569,-0.9818069,-0.07334572
5391,215.64,-0.9,-1.4335401,-0.5177476,-0.98168135,-0.07322226
5392,215.68,-0.9,-0.72951794,0.17484868,-0.98157406,-0.07311668
5393,215.72,-0.9,-1.2072448,-0.2951249,-0.98148507,-0.07302917
5394,215.76,-0.9,-0.23637748,0.6599857,-0.9814146,-0.07295985
5395,215.8,-0.9,-0.8366911,0.06941489,-0.98136276,-0.07290883
5396,215.84,-0.9,-0.49430388,0.40624535,-0.9813296,-0.07287623
5397,215.88,-0.9,-0.67134154,0.2320809,-0.98131526,-0.072862096
5398,215.92,-0.9,-1.7755737,-0.85423017,-0.9813197,-0.07286651
5399,215.96,-0.9,-0.86340535,0.043134205,-0.9813431,-0.0728895
5400,216.0,-0.9,-0.8430261,0.06318269,-0.9813854,-0.07293109
5401,216.04,-0.9,-0.43580484,0.46379495,-0.98144656,-0.072991274
5402,216.08,-0.9,-1.2996826,-0.3860625,-0.9815267,-0.07307006
5403,216.12,-0.9,-0.59544027,0.30675033,-0.9816256,-0.07316741
5404,216.16,-0.9,-1.3512113,-0.43675494,-0.9817434,-0.07328329
5405,216.2,-0.9,-1.0016394,-0.09285636,-0.98187995,-0.073417656
5406,216.24,-0.9,-1.1038233,-0.1933819,-0.9820353,-0.07357044
5407,216.28,-0.9,-1.248641,-0.3358493,-0.9822092,-0.07374156
5408,216.32,-0.9,-0.763901,0.14102364,-0.9824017,-0.07393096
5409,216.36,-0.9,-1.0708447,-0.16093847,-0.9826127,-0.07413854
5410,216.4,-0.9,-1.4090822,-0.49368656,-0.98284215,-0.07436419
5411,216.44,-0.9,-1.1363324,-0.22536337,-0.9830898,-0.07460784
5412,216.48,-0.9,-1.181247,-0.26954904,-0.98335564,-0.074869365
5413,216.52,-0.9,-0.9932579,-0.0846109,-0.98363954,-0.075148664
5414,216.56,-0.9,-1.1653506,-0.2539106,-0.9839414,-0.075445615
5415,216.6,-0.9,-0.88521075,0.021682672,-0.98426104,-0.0757601
5416,216.64,-0.9,-0.24852115,0.64803916,-0.98459846,-0.07609199
5417,216.68,-0.9,-1.2672281,-0.35413474,-0.9849534,-0.076441176
5418,216.72,-0.9,-1.4927413,-0.575988,-0.98532575,-0.07680751
5419,216.76,-0.9,-1.0000048,-0.09124829,-0.98571545,-0.07719086
5420,216.8,-1.0,-0.50958437,0.39121288,-0.98612225,-0.0775911
5421,216.84,-1.0,-1.5803819,-0.6622062,-0.9865461,-0.07800807
5422,216.88,-1.0,-1.3591286,-0.44454372,-0.9869869,-0.07844164
5423,216.92,-1.0,-1.1941998,-0.28229165,-0.9874443,-0.07889166
5424,216.96,-1.0,-1.0891716,-0.17896804,-0.9879183,-0.079357974
5425,217.0,-1.0,-0.7663951,0.13857001,-0.98840874,-0.07984044
5426,217.04,-1.0,-1.0900346,-0.17981699,-0.9889154,-0.08033889
5427,217.08,-1.0,-1.2873566,-0.37393656,-0.9894382,-0.08085317
5428,217.12,-1.0,-1.1015006,-0.19109693,-0.9899768,-0.08138311
5429,217.16,-1.0,-1.2121061,-0.29990733,-0.99053127,-0.08192853
5430,217.2,-1.0,-0.7647086,0.14022917,-0.99110126,-0.08248926
5431,217.24,-1.0,-0.6356933,0.26715058,-0.9916866,-0.08306511
5432,217.28,-1.0,-0.77310264,0.13197133,-0.9922871,-0.08365587
5433,217.32,-1.0,-0.737853,0.1666489,-0.9929026,-0.08426134
5434,217.36,-1.0,-0.4381271,0.46151042,-0.9935328,-0.08488131
5435,217.4,-1.0,-1.1910946,-0.27923685,-0.99417746,-0.08551554
5436,217.44,-1.0,-0.9633171,-0.055156037,-0.9948364,-0.08616379
5437,217.48,-1.0,-1.1151506,-0.20452534,-0.9955093,-0.0868258
5438,217.52,-1.0,-0.87226987,0.03441354,-0.996196,-0.08750132
5439,217.56,-1.0,-0.6489912,0.2540685,-0.9968961,-0.08819006
5440,217.6,-1.0,-0.1976577,0.6980771,-0.9976093,-0.08889173
5441,217.64,-1.0,-0.9143512,-0.0069848597,-0.9983354,-0.08960604
5442,217.68,-1.0,-0.44177747,0.45791924,-0.99907404,-0.09033268
5443,217.72,-1.0,-1.3553858,-0.44086164,-0.9998249,-0.09107133
5444,217.76,-1.0,-0.6313373,0.27143592,-1.0005876,-0.09182166
5445,217.8,-1.0,-0.93884563,-0.031081736,-1.0013618,-0.092583336
5446,217.84,-1.0,-1.4583901,-0.5421943,-1.0021473,-0.09335602
5447,217.88,-1.0,-1.4231688,-0.5075446,-1.0029435,-0.09413937
5448,217.92,-1.0,-1.17172,-0.2601767,-1.0037503,-0.09493303
5449,217.96,-1.0,-0.8866316,0.020284884,-1.0045671,-0.09573668
5450,218.0,-1.0,-1.8618944,-0.93914986,-1.0053939,-0.09654995
5451,218.04,-1.0,-0.6855623,0.21809092,-1.00623,-0.09737251
5452,218.08,-1.0,-1.1895497,-0.277717,-1.0070753,-0.098204024
5453,218.12,-1.0,-1.4127978,-0.4973419,-1.0079292,-0.099044144
5454,218.16,-1.0,-0.7438597,0.16073969,-1.0087916,-0.099892534
5455,218.2,-1.0,-1.208779,-0.2966342,-1.0096622,-0.10074888
5456,218.24,-1.0,-0.8556287,0.050784595,-1.0105404,-0.10161284
5457,218.28,-1.0,-0.3585928,0.53975385,-1.011426,-0.1024841
5458,218.32,-1.0,-1.2424374,-0.32974634,-1.0123186,-0.10336234
5459,218.36,-1.0,-0.94120824,-0.033406004,-1.0132182,-0.104247235
5460,218.4,-1.0,-1.614014,-0.69529253,-1.0141242,-0.10513849
5461,218.44,-1.0,-0.6135812,0.28890386,-1.0150362,-0.106035784
5462,218.48,-1.0,-1.1489094,-0.23773631,-1.0159541,-0.10693883
5463,218.52,-1.0,-1.198772,-0.2867896,-1.0168777,-0.10784733
5464,218.56,-1.0,-0.7334064,0.17102331,-1.0178064,-0.108761005
5465,218.6,-1.0,-1.6247768,-0.7058806,-1.01874,-0.109679565
5466,218.64,-1.0,-1.433264,-0.51747596,-1.0196785,-0.11060274
5467,218.68,-1.0,-0.8279253,0.07803839,-1.0206213,-0.11153026
5468,218.72,-1.0,-1.2454171,-0.33267772,-1.0215683,-0.112461865
5469,218.76,-1.0,-1.4300642,-0.51432806,-1.0225192,-0.1133973
5470,218.8,-1.0,-0.9104111,-0.0031087026,-1.0234737,-0.11433632
5471,218.84,-1.0,-1.5090272,-0.5920096,-1.0244316,-0.115278676
5472,218.88,-1.0,-0.8865013,0.020413063,-1.0253927,-0.11622414
5473,218.92,-1.0,-0.52168024,0.3793133,-1.0263566,-0.117172465
5474,218.96,-1.0,-0.7916287,0.11374592,-1.0273232,-0.11812342
5475,219.0,-0.9,-0.6618776,0.24139127,-1.0282923,-0.11907677
5476,219.04,-0.8,-1.1803364,-0.26865318,-1.0292636,-0.12003229
5477,219.08,-0.7,-0.123751044,0.7707843,-1.0302368,-0.12098975
5478,219.12,-0.7,-1.5505317,-0.63284045,-1.0312119,-0.1219489
5479,219.16,-0.7,-1.0595781,-0.14985473,-1.0321883,-0.12290952
5480,219.2,-0.7,-0.90794164,-0.00067929924,-1.033166,-0.12387138
5481,219.24,-0.7,-0.8611287,0.045373894,-1.0341448,-0.12483423
5482,219.28,-0.7,-1.0327008,-0.12341366,-1.0351243,-0.12579785
5483,219.32,-0.7,-1.1282715,-0.21743327,-1.0361043,-0.12676199
5484,219.36,-0.7,-1.0476149,-0.13808577,-1.0370847,-0.12772644
5485,219.4,-0.7,-1.1674272,-0.25595352,-1.0380651,-0.12869094
5486,219.44,-0.7,-1.1751262,-0.26352757,-1.0390453,-0.12965527
5487,219.48,-0.7,-1.3493347,-0.43490878,-1.0400252,-0.1306192
5488,219.52,-0.7,-0.3707565,0.5277876,-1.0410044,-0.13158248
5489,219.56,-0.7,-0.9931759,-0.08453028,-1.0419827,-0.1325449
5490,219.6,-0.7,-0.94242966,-0.034607597,-1.0429598,-0.13350624
5491,219.64,-0.7,-1.1452831,-0.23416883,-1.0439357,-0.13446625
5492,219.68,-0.7,-1.1283113,-0.21747245,-1.04491,-0.1354247
5493,219.72,-0.7,-1.0599434,-0.15021418,-1.0458825,-0.13638139
5494,219.76,-0.7,-1.0034031,-0.09459144,-1.0468528,-0.13733608
5495,219.8,-0.7,-0.841894,0.06429645,-1.047821,-0.13828854
5496,219.84,-0.7,-1.1488453,-0.23767322,-1.0487868,-0.13923857
5497,219.88,-0.7,-0.96035933,-0.05224628,-1.0497497,-0.14018594
5498,219.92,-0.7,-1.2165985,-0.30432683,-1.0507098,-0.14113046
5499,219.96,-0.7,-1.2601917,-0.3472125,-1.0516669,-0.1420719
5500,220.0,-0.7,-1.1369047,-0.22592643,-1.0526205,-0.14301008
5501,220.04,-0.8,-1.6303871,-0.7113998,-1.0535706,-0.14394478
5502,220.08,-0.8,-1.5363473,-0.61888623,-1.054517,-0.14487582
5503,220.12,-0.8,-1.1474265,-0.23627743,-1.0554595,-0.14580302
5504,220.16,-0.8,-0.676605,0.2269029,-1.0563979,-0.14672616
5505,220.2,-0.9,-1.5266914,-0.6093871,-1.0573319,-0.14764509
5506,220.24,-0.9,-0.4887545,0.41170466,-1.0582616,-0.14855963
5507,220.28,-0.9,-1.2314572,-0.3189444,-1.0591866,-0.14946958
5508,220.32,-0.9,-0.49874383,0.4018774,-1.0601066,-0.15037479
5509,220.36,-0.9,-1.1878936,-0.27608782,-1.0610218,-0.15127505
5510,220.4,-0.9,-0.7529051,0.1518411,-1.0619317,-0.15217023
5511,220.44,-0.9,-0.82635945,0.07957884,-1.0628363,-0.15306011
5512,220.48,-0.9,-1.2411188,-0.32844916,-1.0637354,-0.15394454
5513,220.52,-0.9,-1.1393156,-0.22829819,-1.0646286,-0.15482332
5514,220.56,-0.9,-0.91622853,-0.008831702,-1.065516,-0.15569627
5515,220.6,-0.9,-0.31920302,0.5785044,-1.0663972,-0.15656324
5516,220.64,-0.9,-1.7547097,-0.8337047,-1.0672722,-0.15742399
5517,220.68,-0.9,-0.9406712,-0.032877684,-1.0681406,-0.15827839
5518,220.72,-0.9,-1.5455842,-0.6279732,-1.0690025,-0.15912622
5519,220.76,-0.9,-0.536466,0.3647675,-1.0698575,-0.15996732
5520,220.8,-0.8,-1.4029837,-0.48768702,-1.0707054,-0.16080149
5521,220.84,-0.8,-0.67222273,0.23121402,-1.0715461,-0.16162854
5522,220.88,-0.8,-1.4270132,-0.51132655,-1.0723794,-0.1624483
5523,220.92,-0.8,-1.2266682,-0.31423312,-1.0732051,-0.16326058
5524,220.96,-0.8,-1.2521356,-0.3392872,-1.074023,-0.16406521
5525,221.0,-0.8,-0.86301905,0.043514214,-1.0748329,-0.16486198
5526,221.04,-0.8,-1.159305,-0.24796313,-1.0756346,-0.16565073
5527,221.08,-0.8,-1.3786938,-0.4637914,-1.076428,-0.16643126
5528,221.12,-0.7,-1.0891821,-0.17897835,-1.0772129,-0.16720341
5529,221.16,-0.7,-0.8538787,0.052506246,-1.0779891,-0.16796698
5530,221.2,-0.7,-0.5756289,0.3262402,-1.0787563,-0.1687218
5531,221.24,-0.7,-1.1182888,-0.20761259,-1.0795145,-0.16946767
5532,221.28,-0.7,-0.8253046,0.080616556,-1.0802635,-0.17020443
5533,221.32,-0.7,-0.7623584,0.14254117,-1.081003,-0.17093188
5534,221.36,-0.7,-0.8343323,0.071735404,-1.0817327,-0.17164983
5535,221.4,-0.7,-1.7870054,-0.8654763,-1.0824527,-0.17235811
5536,221.44,-0.7,-0.7660826,0.13887745,-1.0831627,-0.17305654
5537,221.48,-0.7,-1.2179414,-0.30564794,-1.0838624,-0.17374492
5538,221.52,-0.7,-1.6243253,-0.7054364,-1.0845517,-0.17442308
5539,221.56,-0.7,-1.5472435,-0.6296056,-1.0852305,-0.17509083
5540,221.6,-0.7,-0.68240964,0.22119245,-1.0858985,-0.17574802
5541,221.64,-0.7,-1.0246521,-0.11549563,-1.0865556,-0.17639446
5542,221.68,-0.7,-1.4652305,-0.5489236,-1.0872016,-0.17702997
5543,221.72,-0.7,-1.0703696,-0.16047114,-1.0878364,-0.1776544
5544,221.76,-0.7,-0.99183273,-0.08320889,-1.0884596,-0.17826758
5545,221.8,-0.7,-0.6796127,0.22394401,-1.0890714,-0.17886935
5546,221.84,-0.7,-1.2397379,-0.32709065,-1.0896713,-0.17945956
5547,221.88,-0.7,-1.2111292,-0.29894626,-1.0902593,-0.180038
5548,221.92,-0.7,-0.9892908,-0.080708176,-1.0908352,-0.18060458
5549,221.96,-0.7,-1.0759245,-0.1659359,-1.0913988,-0.1811591
5550,222.0,-0.7,-0.4983878,0.4022277,-1.0919502,-0.18170142
5551,222.04,-0.7,-1.2538099,-0.3409343,-1.0924889,-0.18223138
5552,222.08,-0.7,-0.5457928,0.35559204,-1.0930148,-0.18274882
5553,222.12,-0.8,-1.1833782,-0.2716457,-1.0935279,-0.18325362
5554,222.16,-0.8,-1.5549229,-0.6371604,-1.094028,-0.18374561
5555,222.2,-0.8,-1.288947,-0.37550113,-1.094515,-0.18422464
5556,222.24,-0.8,-1.0538208,-0.14419097,-1.0949886,-0.18469058
5557,222.28,-0.8,-0.86725014,0.039351784,-1.0954487,-0.1851433
5558,222.32,-0.8,-0.76637644,0.13858837,-1.0958954,-0.18558265
5559,222.36,-0.8,-0.9316138,-0.023967281,-1.0963283,-0.18600853
5560,222.4,-0.8,-1.5697927,-0.6517889,-1.0967474,-0.18642078
5561,222.44,-0.8,-0.5702145,0.3315667,-1.0971525,-0.18681933
5562,222.48,-0.8,-1.4074371,-0.49206817,-1.0975435,-0.18720403
5563,222.52,-0.8,-1.1199911,-0.20928727,-1.0979204,-0.1875748
5564,222.56,-0.8,-1.4421823,-0.5262495,-1.098283,-0.18793155
5565,222.6,-0.8,-1.2898823,-0.37642124,-1.0986314,-0.18827419
5566,222.64,-0.8,-1.4857461,-0.56910634,-1.0989652,-0.18860264
5567,222.68,-0.8,-0.8433621,0.06285215,-1.0992845,-0.18891685
5568,222.72,-0.8,-1.3511852,-0.43672922,-1.0995895,-0.18921675
5569,222.76,-0.8,-1.4540105,-0.5378857,-1.0998797,-0.1895023
5570,222.8,-0.8,-0.40252757,0.49653214,-1.1001554,-0.18977347
5571,222.84,-0.8,-1.1835542,-0.2718188,-1.1004163,-0.19003023
5572,222.88,-0.8,-0.6763706,0.22713345,-1.1006627,-0.19027257
5573,222.92,-0.8,-1.473172,-0.55673623,-1.1008943,-0.19050048
5574,222.96,-0.8,-1.3275536,-0.4134812,-1.1011114,-0.19071397
5575,223.0,-0.8,-1.6457783,-0.7265412,-1.1013137,-0.19091304
5576,223.04,-0.8,-0.62563485,0.2770458,-1.1015015,-0.19109772
5577,223.08,-0.8,-1.1033065,-0.19287351,-1.1016746,-0.19126804
5578,223.12,-0.8,-0.66347337,0.23982137,-1.1018331,-0.19142406
5579,223.16,-0.8,-1.4094026,-0.49400178,-1.1019772,-0.1915658
5580,223.2,-0.8,-1.6914572,-0.7714788,-1.1021069,-0.19169334
5581,223.24,-0.8,-0.64712864,0.25590083,-1.1022221,-0.19180672
5582,223.28,-0.8,-1.5477712,-0.63012475,-1.1023232,-0.19190606
5583,223.32,-0.8,-0.9650817,-0.056892,-1.1024098,-0.19199142
5584,223.36,-0.8,-1.0598314,-0.15010394,-1.1024826,-0.19206288
5585,223.4,-0.8,-1.2412802,-0.32860795,-1.1025412,-0.19212058
5586,223.44,-0.8,-0.16462445,0.73057425,-1.1025859,-0.19216458
5587,223.48,-0.7,-0.63555455,0.2672871,-1.1026169,-0.19219503
5588,223.52,-0.7,-1.0411713,-0.13174672,-1.1026342,-0.19221203
5589,223.56,-0.7,-1.6513345,-0.73200727,-1.1026379,-0.19221573
5590,223.6,-0.7,-1.5054063,-0.5884474,-1.1026282,-0.19220622
5591,223.64,-0.7,-0.2617314,0.63504326,-1.1026053,-0.19218367
5592,223.68,-0.7,-1.6291478,-0.71018064,-1.1025693,-0.19214824
5593,223.72,-0.7,-1.1660422,-0.25459102,-1.1025203,-0.19210006
5594,223.76,-0.7,-1.3210006,-0.4070345,-1.1024586,-0.19203931
5595,223.8,-0.7,-1.4043983,-0.48907873,-1.1023842,-0.19196616
5596,223.84,-0.7,-0.1622501,0.73291004,-1.1022974,-0.1918808
5597,223.88,-0.7,-1.8618941,-0.9391496,-1.1021985,-0.19178341
5598,223.92,-0.7,-0.98482835,-0.076318175,-1.1020874,-0.19167419
5599,223.96,-0.7,-1.5323842,-0.61498743,-1.1019646,-0.19155335
5600,224.0,-0.7,-0.66940176,0.23398921,-1.1018301,-0.19142112
5601,224.04,-0.7,-1.2615017,-0.34850124,-1.1016845,-0.19127773
5602,224.08,-0.7,-0.9322609,-0.024603844,-1.1015276,-0.19112338
5603,224.12,-0.7,-1.5889659,-0.67065084,-1.1013597,-0.19095835
5604,224.16,-0.7,-1.1456599,-0.23453954,-1.1011814,-0.19078286
5605,224.2,-0.7,-1.2537937,-0.34091836,-1.1009927,-0.1905972
5606,224.24,-0.7,-1.0829914,-0.17288806,-1.1007938,-0.19040161
5607,224.28,-0.7,-1.2555524,-0.34264854,-1.1005852,-0.1901964
5608,224.32,-0.7,-1.0194559,-0.11038375,-1.1003671,-0.1899818
5609,224.36,-0.7,-0.7496208,0.1550721,-1.1001397,-0.18975812
5610,224.4,-0.7,-0.8439801,0.0622442,-1.0999035,-0.18952565
5611,224.44,-0.7,-0.41567028,0.48360276,-1.0996585,-0.18928468
5612,224.48,-0.7,-1.3868792,-0.47184393,-1.0994052,-0.18903552
5613,224.52,-0.7,-0.97336155,-0.06503748,-1.0991439,-0.18877845
5614,224.56,-0.7,-0.3485903,0.54959404,-1.0988749,-0.18851379
5615,224.6,-0.7,-1.3943138,-0.4791579,-1.0985985,-0.18824182
5616,224.64,-0.7,-1.4551592,-0.53901577,-1.0983149,-0.1879629
5617,224.68,-0.7,-1.8963482,-0.9730446,-1.0980246,-0.18767731
5618,224.72,-0.7,-1.7475462,-0.8266575,-1.0977279,-0.1873854
5619,224.76,-0.7,-1.5052623,-0.5883057,-1.097425,-0.18708746
5620,224.8,-0.7,-1.4830792,-0.56648266,-1.0971165,-0.18678387
5621,224.84,-0.7,-0.9883483,-0.07978101,-1.0968024,-0.18647493
5622,224.88,-0.7,-1.13799,-0.2269941,-1.0964833,-0.18616103
5623,224.92,-0.7,-0.35192996,0.54630864,-1.0961595,-0.18584248
5624,224.96,-0.7,-0.54206306,0.35926127,-1.0958313,-0.18551964
5625,225.0,-0.7,-0.5199188,0.38104615,-1.0954992,-0.18519284
5626,225.04,-0.7,-1.6105776,-0.6919118,-1.0951633,-0.18486243
5627,225.08,-0.7,-1.4712713,-0.5548664,-1.0948241,-0.18452875
5628,225.12,-0.7,-0.7795132,0.12566483,-1.094482,-0.18419215
5629,225.16,-0.7,-1.1968833,-0.2849316,-1.0941372,-0.18385297
5630,225.2,-0.7,-1.629471,-0.7104985,-1.09379,-0.18351151
5631,225.24,-0.7,-0.4547829,0.44512492,-1.093441,-0.18316811
5632,225.28,-0.7,-1.2614996,-0.34849924,-1.0930903,-0.1828231
5633,225.32,-0.7,-1.0277497,-0.118542895,-1.0927383,-0.18247679
5634,225.36,-0.7,-1.0965831,-0.18625924,-1.0923853,-0.1821295
5635,225.4,-0.7,-0.95043683,-0.042484812,-1.0920316,-0.18178152
5636,225.44,-0.7,-1.0231194,-0.11398783,-1.0916774,-0.18143316
5637,225.48,-0.7,-0.9661509,-0.057943832,-1.0913233,-0.18108469
5638,225.52,-0.7,-0.9461065,-0.038224757,-1.0909692,-0.18073641
5639,225.56,-0.7,-0.49105334,0.40944314,-1.0906156,-0.18038857
5640,225.6,-0.7,-1.3958149,-0.4806346,-1.0902628,-0.18004146
5641,225.64,-0.7,-0.7315861,0.1728141,-1.089911,-0.17969532
5642,225.68,-0.7,-1.2073251,-0.29520392,-1.0895603,-0.1793504
5643,225.72,-0.7,-1.4609196,-0.54468274,-1.0892112,-0.17900695
5644,225.76,-0.7,-0.2912603,0.6059936,-1.0888637,-0.17866518
5645,225.8,-0.7,-1.5988348,-0.68035954,-1.0885184,-0.17832531
5646,225.84,-0.7,-1.3024447,-0.38877976,-1.088175,-0.17798759
5647,225.88,-0.7,-0.840181,0.065981634,-1.0878341,-0.1776522
5648,225.92,-0.7,-1.5444274,-0.62683517,-1.0874958,-0.17731936
5649,225.96,-0.7,-1.5577135,-0.6399057,-1.0871602,-0.17698926
5650,226.0,-0.7,-0.7626936,0.14221147,-1.0868276,-0.1766621
5651,226.04,-0.7,-1.0823662,-0.17227307,-1.0864983,-0.17633808
5652,226.08,-0.7,-1.4265985,-0.5109187,-1.0861723,-0.17601734
5653,226.12,-0.7,-1.1880791,-0.2762703,-1.0858498,-0.17570011
5654,226.16,-0.7,-1.1191658,-0.20847538,-1.085531,-0.17538652
5655,226.2,-0.7,-0.8366615,0.06944398,-1.0852162,-0.17507675
5656,226.24,-0.7,-0.59610975,0.30609173,-1.0849053,-0.17477095
5657,226.28,-0.7,-0.7987046,0.10678486,-1.0845987,-0.17446926
5658,226.32,-0.7,-0.6988945,0.2049751,-1.0842963,-0.17417184
5659,226.36,-0.7,-1.266917,-0.35382867,-1.0839984,-0.17387879
5660,226.4,-0.7,-1.1909958,-0.27913964,-1.0837052,-0.17359026
5661,226.44,-0.7,-0.9723264,-0.06401913,-1.0834166,-0.17330635
5662,226.48,-0.7,-1.6885293,-0.7685983,-1.0831327,-0.17302717
5663,226.52,-0.7,-1.0462853,-0.13677768,-1.0828539,-0.17275283
5664,226.56,-0.7,-0.5515268,0.34995115,-1.0825801,-0.17248343
5665,226.6,-0.7,-0.88621676,0.020692997,-1.0823113,-0.17221904
5666,226.64,-0.7,-0.9287916,-0.02119086,-1.0820477,-0.17195976
5667,226.68,-0.7,-1.1473492,-0.23620144,-1.0817895,-0.17170565
5668,226.72,-0.7,-1.2721193,-0.35894653,-1.0815365,-0.17145681
5669,226.76,-0.7,-0.9781176,-0.06971633,-1.0812889,-0.1712133
5670,226.8,-0.7,-1.3264992,-0.41244388,-1.0810469,-0.17097518
5671,226.84,-0.7,-1.1380625,-0.22706538,-1.0808104,-0.17074251
5672,226.88,-0.7,-1.2925023,-0.3789987,-1.0805795,-0.17051537
5673,226.92,-0.7,-1.1316334,-0.22074065,-1.0803543,-0.17029381
5674,226.96,-0.7,-1.7617478,-0.8406287,-1.0801349,-0.17007789
5675,227.0,-0.7,-1.0729294,-0.16298938,-1.0799211,-0.16986766
5676,227.04,-0.7,-0.89799887,0.009102099,-1.0797133,-0.16966319
5677,227.08,-0.7,-1.4778728,-0.56136084,-1.0795114,-0.16946453
5678,227.12,-0.7,-1.9296281,-1.0057844,-1.0793154,-0.16927174
5679,227.16,-0.7,-1.4389505,-0.5230702,-1.0791254,-0.16908485
5680,227.2,-0.7,-0.3148458,0.5827909,-1.0789415,-0.16890393
5681,227.24,-0.7,-0.62965965,0.2730863,-1.0787637,-0.168729
5682,227.28,-0.7,-0.26007402,0.6366738,-1.0785921,-0.16856013
5683,227.32,-0.7,-1.1883392,-0.27652618,-1.0784266,-0.16839732
5684,227.36,-0.7,-0.64531803,0.25768206,-1.0782672,-0.1682406
5685,227.4,-0.7,-0.8750477,0.0316808,-1.0781142,-0.16809002
5686,227.44,-0.7,-1.2367868,-0.32418752,-1.0779673,-0.16794553
5687,227.48,-0.7,-1.1401674,-0.22913611,-1.0778266,-0.16780716
5688,227.52,-0.7,-0.9708366,-0.06255349,-1.0776922,-0.1676749
5689,227.56,-0.7,-0.94234526,-0.034524567,-1.077564,-0.16754873
5690,227.6,-0.7,-0.7350645,0.16939214,-1.0774419,-0.16742864
5691,227.64,-0.7,-1.2237105,-0.31132343,-1.0773259,-0.16731459
5692,227.68,-0.7,-0.88595146,0.02095399,-1.0772161,-0.16720656
5693,227.72,-0.7,-0.992334,-0.08370203,-1.0771124,-0.1671045
5694,227.76,-0.7,-1.0260077,-0.11682916,-1.0770147,-0.1670084
5695,227.8,-0.7,-0.7763921,0.12873524,-1.076923,-0.16691817
5696,227.84,-0.7,-0.9111167,-0.0038028508,-1.0768373,-0.16683382
5697,227.88,-0.7,-1.5513699,-0.633665,-1.0767574,-0.16675527
5698,227.92,-0.7,-1.4927013,-0.5759486,-1.0766834,-0.1666825
5699,227.96,-0.7,-0.7250361,0.17925778,-1.0766153,-0.16661546
5700,228.0,-0.7,-2.0174785,-1.092209,-1.0765529,-0.1665541
5701,228.04,-0.7,-1.5953443,-0.6769258,-1.0764962,-0.1664984
5702,228.08,-0.7,-0.7251755,0.17912066,-1.0764455,-0.16644832
5703,228.12,-0.5,-0.9553657,-0.04733371,-1.0764002,-0.16640387
5704,228.16,-0.2,-0.64267284,0.26028433,-1.0763607,-0.166365
5705,228.2,0.0,-1.6335888,-0.71454954,-1.0763268,-0.16633171
5706,228.24,0.0,-1.6176583,-0.6988776,-1.0762987,-0.16630399
5707,228.28,0.0,-1.1290534,-0.21820247,-1.0762762,-0.16628183
5708,228.32,0.0,-0.40477455,0.49432164,-1.0762593,-0.16626525
5709,228.36,0.0,-0.8889542,0.017999955,-1.076248,-0.16625424
5710,228.4,0.0,-2.0014136,-1.0764047,-1.0762426,-0.16624881
5711,228.44,0.0,-1.437288,-0.52143466,-1.0762428,-0.16624899
5712,228.48,0.0,-0.68863666,0.2150665,-1.0762486,-0.1662548
5713,228.52,0.0,-1.5911543,-0.6728038,-1.0762603,-0.16626626
5714,228.56,0.0,-0.45032954,0.44950598,-1.0762777,-0.16628338
5715,228.6,0.0,-1.6645572,-0.7450154,-1.076301,-0.16630623
5716,228.64,0.0,-1.1807102,-0.26902094,-1.0763301,-0.16633482
5717,228.68,0.0,-0.46970236,0.43044758,-1.076365,-0.16636917
5718,228.72,0.0,-1.0999708,-0.18959194,-1.0764058,-0.16640931
5719,228.76,0.0,-1.2055391,-0.2934469,-1.0764525,-0.1664553
5720,228.8,0.0,-0.99631095,-0.08761442,-1.0765052,-0.16650714
5721,228.84,0.0,-1.0784074,-0.1683785,-1.0765638,-0.16656485
5722,228.88,0.0,-1.082181,-0.17209083,-1.0766286,-0.16662848
5723,228.92,0.1,-0.36501002,0.5334408,-1.0766993,-0.16669802
5724,228.96,0.2,-1.162237,-0.25084764,-1.0767759,-0.16677348
5725,229.0,0.3,-0.63934326,0.26355988,-1.0768586,-0.16685489
5726,229.04,0.3,-1.2227709,-0.31039906,-1.0769475,-0.16694224
5727,229.08,0.4,-1.3905425,-0.47544777,-1.0770422,-0.16703552
5728,229.12,0.4,-1.8067782,-0.88492817,-1.0771431,-0.16713472
5729,229.16,0.5,-0.9551714,-0.04714255,-1.07725,-0.16723981
5730,229.2,0.5,-0.93741584,-0.029675141,-1.0773628,-0.1673508
5731,229.24,0.5,-1.4176948,-0.5021594,-1.0774815,-0.16746764
5732,229.28,0.5,-0.75860167,0.14623696,-1.0776062,-0.1675903
5733,229.32,0.4,-0.51841927,0.38252133,-1.0777367,-0.16771874
5734,229.36,0.4,-0.5013664,0.39929748,-1.0778731,-0.16785291
5735,229.4,0.4,-0.9680109,-0.05977367,-1.0780153,-0.16799274
5736,229.44,0.4,-0.97053003,-0.062251918,-1.0781631,-0.16813818
5737,229.48,0.4,-0.7317117,0.17269054,-1.0783166,-0.16828914
5738,229.52,0.4,-0.8144412,0.09130367,-1.0784756,-0.16844553
5739,229.56,0.4,-0.98833597,-0.07976887,-1.07864,-0.16860728
5740,229.6,0.4,-1.5950729,-0.67665875,-1.0788097,-0.16877428
5741,229.64,0.4,-0.9010704,0.0060804114,-1.0789847,-0.16894643
5742,229.68,0.4,-1.1445173,-0.23341545,-1.0791649,-0.16912363
5743,229.72,0.4,-1.4074881,-0.49211836,-1.07935,-0.16930577
5744,229.76,0.4,-0.3136214,0.58399546,-1.07954,-0.16949274
5745,229.8,0.4,-1.291014,-0.37753454,-1.0797349,-0.16968441
5746,229.84,0.4,-1.4534543,-0.5373385,-1.0799344,-0.1698807
5747,229.88,0.5,-0.59979475,0.30246654,-1.0801386,-0.1700815
5748,229.92,0.5,-1.4900247,-0.57331544,-1.0803471,-0.17028669
5749,229.96,0.5,-1.5730505,-0.6549938,-1.08056,-0.17049617
5750,230.0,0.5,-1.35515,-0.44062966,-1.0807772,-0.17070983
5751,230.04,0.5,-1.198205,-0.28623185,-1.0809985,-0.17092761
5752,230.08,0.5,-0.92713904,-0.019565135,-1.0812241,-0.17114942
5753,230.12,0.5,-0.7170665,0.187098,-1.0814536,-0.17137516
5754,230.16,0.5,-1.3625598,-0.44791922,-1.0816869,-0.17160475
5755,230.2,0.5,-0.27651596,0.6204987,-1.0819242,-0.17183816
5756,230.24,0.5,-1.8006574,-0.8789067,-1.0821652,-0.1720753
5757,230.28,0.5,-0.9000517,0.007082574,-1.08241,-0.17231613
5758,230.32,0.5,-0.935654,-0.02794189,-1.0826585,-0.17256062
5759,230.36,0.5,-1.3555777,-0.44105044,-1.0829107,-0.1728087
5760,230.4,0.5,-1.8137231,-0.89176035,-1.0831666,-0.1730604
5761,230.44,0.5,-0.67402536,0.22944066,-1.083426,-0.17331566
5762,230.48,0.4,-1.3218809,-0.40790057,-1.0836891,-0.17357449
5763,230.52,0.2,-0.9077879,-0.00052806735,-1.0839559,-0.1738369
5764,230.56,0.1,-0.94107306,-0.03327302,-1.0842263,-0.17410292
5765,230.6,0.1,-1.3989936,-0.48376173,-1.0845003,-0.17437255
5766,230.64,0.1,-1.1075491,-0.1970472,-1.0847782,-0.17464586
5767,230.68,0.1,-1.2884083,-0.37497115,-1.0850598,-0.17492287
5768,230.72,0.1,-1.2776834,-0.36442032,-1.0853451,-0.17520367
5769,230.76,0.1,-1.5642605,-0.6463464,-1.0856345,-0.1754883
5770,230.8,0.1,-1.0730941,-0.16315144,-1.0859278,-0.17577685
5771,230.84,0.0,-1.1084218,-0.19790578,-1.0862253,-0.17606944
5772,230.88,0.0,-0.72189355,0.18234935,-1.0865269,-0.17636612
5773,230.92,0.0,-1.1463408,-0.2352094,-1.0868326,-0.17666703
5774,230.96,0.0,-1.3056877,-0.3919701,-1.087143,-0.17697228
5775,231.0,0.0,-1.7545342,-0.8335321,-1.0874578,-0.17728199
5776,231.04,0.0,-1.1811836,-0.26948667,-1.0877773,-0.17759627
5777,231.08,0.0,-0.49457163,0.40598196,-1.0881015,-0.17791526
5778,231.12,0.0,-0.92214686,-0.014653981,-1.0884306,-0.1782391
5779,231.16,0.0,-0.7272208,0.17710856,-1.0887649,-0.17856793
5780,231.2,0.0,-1.3046358,-0.39093527,-1.0891044,-0.17890188
5781,231.24,0.0,-1.1706762,-0.25914985,-1.0894492,-0.17924108
5782,231.28,0.0,-0.85083383,0.055501677,-1.0897995,-0.17958567
5783,231.32,0.0,-0.83395845,0.072103195,-1.0901554,-0.17993578
5784,231.36,0.0,-1.1184525,-0.20777372,-1.090517,-0.18029156
5785,231.4,0.0,-0.48843282,0.4120211,-1.0908846,-0.18065313
5786,231.44,0.0,-1.25913,-0.34616804,-1.091258,-0.1810206
5787,231.48,-0.2,-1.1566486,-0.24534991,-1.0916377,-0.18139413
5788,231.52,-0.3,-0.4428771,0.45683748,-1.0920237,-0.18177381
5789,231.56,-0.5,-1.4723041,-0.55588245,-1.092416,-0.18215978
5790,231.6,-0.6,-1.1752594,-0.26365858,-1.0928149,-0.18255213
5791,231.64,-0.6,-0.8528929,0.053476043,-1.0932204,-0.182951
5792,231.68,-0.8,-0.9968867,-0.088180795,-1.0936325,-0.18335648
5793,231.72,-0.9,-0.65528065,0.24788114,-1.0940515,-0.18376867
5794,231.76,-1.0,-1.3134613,-0.39961758,-1.0944774,-0.18418771
5795,231.8,-1.0,-1.2178744,-0.30558202,-1.0949104,-0.18461367
5796,231.84,-1.0,-1.6742928,-0.75459296,-1.0953506,-0.18504669
5797,231.88,-1.0,-0.774738,0.13036248,-1.095798,-0.18548682
5798,231.92,-1.0,-1.5291791,-0.6118344,-1.0962528,-0.18593422
5799,231.96,-1.0,-1.577837,-0.6597026,-1.096715,-0.18638897
5800,232.0,-1.0,-1.4181848,-0.50264144,-1.0971849,-0.18685117
5801,232.04,-1.0,-0.71966463,0.18454206,-1.0976623,-0.18732096
5802,232.08,-1.0,-1.001161,-0.09238574,-1.0981477,-0.18779841
5803,232.12,-0.7,-1.1796249,-0.2679533,-1.0986409,-0.18828367
5804,232.16,-0.5,-1.2063076,-0.29420298,-1.0991422,-0.18877679
5805,232.2,-0.4,-1.7400869,-0.81931925,-1.0996516,-0.18927793
5806,232.24,-0.4,-1.1165792,-0.20593075,-1.1001693,-0.18978718
5807,232.28,-0.4,-0.53438675,0.36681297,-1.1006953,-0.19030464
5808,232.32,-0.4,-1.3575985,-0.4430385,-1.1012297,-0.1908304
5809,232.36,-0.4,-1.1892886,-0.27746016,-1.1017727,-0.19136456
5810,232.4,-0.4,-0.6315014,0.27127448,-1.1023242,-0.1919072
5811,232.44,-0.4,-1.0754693,-0.16548803,-1.1028847,-0.19245844
5812,232.48,-0.4,-0.9491706,-0.04123912,-1.1034538,-0.19301832
5813,232.52,-0.4,-0.7516385,0.15308714,-1.1040317,-0.19358693
5814,232.56,-0.5,-1.0873873,-0.17721267,-1.1046187,-0.19416432
5815,232.6,-0.6,-1.3591133,-0.4445287,-1.1052145,-0.19475055
5816,232.64,-0.7,-1.2540911,-0.34121096,-1.1058195,-0.19534566
5817,232.68,-0.8,-0.9456439,-0.037769675,-1.1064335,-0.19594969
5818,232.72,-0.8,-1.1473001,-0.23615313,-1.1070565,-0.19656266
5819,232.76,-0.9,-1.0353186,-0.125989,-1.1076888,-0.19718462
5820,232.8,-0.9,-0.97256154,-0.064250454,-1.1083301,-0.19781554
5821,232.84,-0.9,-0.965292,-0.05709887,-1.1089805,-0.19845544
5822,232.88,-0.9,-1.6510952,-0.73177177,-1.1096401,-0.19910431
5823,232.92,-0.9,-1.2530987,-0.34023467,-1.1103088,-0.19976212
5824,232.96,-0.9,-0.6687068,0.2346729,-1.1109865,-0.20042886
5825,233.0,-0.9,-0.42927587,0.470218,-1.1116732,-0.20110448
5826,233.04,-0.9,-1.7434087,-0.82258713,-1.1123691,-0.20178892
5827,233.08,-0.8,-0.7149541,0.1891762,-1.1130737,-0.20248212
5828,233.12,-0.8,-0.6927585,0.21101153,-1.1137872,-0.20318402
5829,233.16,-0.7,-1.4440814,-0.52811784,-1.1145093,-0.20389454
5830,233.2,-0.7,-1.5166795,-0.5995377,-1.1152402,-0.20461358
5831,233.24,-0.7,-0.890433,0.016545169,-1.1159798,-0.20534104
5832,233.28,-0.7,-0.837908,0.0682177,-1.1167276,-0.2060768
5833,233.32,-0.7,-1.2076104,-0.29548457,-1.1174839,-0.20682076
5834,233.36,-0.7,-1.598093,-0.67962986,-1.1182482,-0.20757276
5835,233.4,-0.7,-1.6036744,-0.6851207,-1.1190207,-0.20833267
5836,233.44,-0.7,-1.3671596,-0.4524444,-1.119801,-0.20910035
5837,233.48,-0.7,-0.8803655,0.0264493,-1.1205891,-0.20987566
5838,233.52,-0.7,-0.46998322,0.43017125,-1.1213849,-0.2106584
5839,233.56,-0.7,-1.0561066,-0.14643958,-1.1221879,-0.2114484
5840,233.6,-0.7,-0.9114392,-0.004120074,-1.1229981,-0.2122455
5841,233.64,-0.7,-1.4465468,-0.5305432,-1.1238153,-0.21304947
5842,233.68,-0.7,-1.4033961,-0.4880928,-1.1246394,-0.21386012
5843,233.72,-0.7,-1.6653366,-0.74578214,-1.1254699,-0.21467724
5844,233.76,-0.7,-0.9945981,-0.085929364,-1.1263069,-0.2155006
5845,233.8,-0.7,-0.81439716,0.091347,-1.1271499,-0.21632995
5846,233.84,-0.7,-1.339248,-0.4249857,-1.1279988,-0.21716504
5847,233.88,-0.7,-0.5050925,0.3956318,-1.1288532,-0.21800561
5848,233.92,-0.7,-1.0737712,-0.16381757,-1.1297129,-0.21885142
5849,233.96,-0.7,-0.95762104,-0.049552426,-1.1305778,-0.21970214
5850,234.0,-0.7,-1.7244174,-0.80390406,-1.1314472,-0.2205575
5851,234.04,-0.7,-1.6324936,-0.7134722,-1.1323211,-0.22141717
5852,234.08,-0.5,-1.279196,-0.3659084,-1.133199,-0.22228086
5853,234.12,0.0,-1.3981191,-0.48290142,-1.1340806,-0.22314821
5854,234.16,0.0,-1.6429365,-0.7237455,-1.1349657,-0.22401887
5855,234.2,0.0,-0.470069,0.4300869,-1.1358538,-0.2248925
5856,234.24,0.0,-0.82757306,0.07838493,-1.1367444,-0.2257687
5857,234.28,0.0,-1.0853732,-0.1752312,-1.1376373,-0.22664708
5858,234.32,0.0,-0.8888413,0.018111072,-1.1385319,-0.22752723
5859,234.36,0.0,-1.0711585,-0.16124725,-1.1394279,-0.22840871
5860,234.4,0.0,-1.2223294,-0.3099647,-1.1403248,-0.22929108
5861,234.44,0.0,-1.0658429,-0.15601787,-1.1412222,-0.23017387
5862,234.48,0.0,-1.0874232,-0.17724797,-1.1421195,-0.23105659
5863,234.52,0.0,-1.8270643,-0.90488505,-1.1430162,-0.23193872
5864,234.56,0.0,-1.1173022,-0.20664203,-1.1439117,-0.23281972
5865,234.6,0.0,-0.8723256,0.034358718,-1.1448056,-0.23369907
5866,234.64,0.0,-1.0652581,-0.15544264,-1.1456971,-0.23457615
5867,234.68,0.0,-1.8038728,-0.88206995,-1.1465858,-0.2354504
5868,234.72,0.0,-1.0600891,-0.1503575,-1.147471,-0.23632117
5869,234.76,0.0,-1.1808794,-0.26918736,-1.1483519,-0.23718782
5870,234.8,0.0,-0.78159964,0.12361223,-1.149228,-0.23804967
5871,234.84,0.0,-1.2908363,-0.3773598,-1.1500984,-0.23890604
5872,234.88,0.0,-1.0926646,-0.18240431,-1.1509626,-0.23975618
5873,234.92,0.0,-1.4674467,-0.5511039,-1.1518197,-0.24059933
5874,234.96,0.0,-1.5504262,-0.6327367,-1.1526688,-0.24143472
5875,235.0,0.0,-1.2783139,-0.3650406,-1.1535093,-0.24226153
5876,235.04,0.0,-0.9837401,-0.075247586,-1.1543401,-0.24307889
5877,235.08,0.0,-1.0321547,-0.12287642,-1.1551605,-0.24388592
5878,235.12,0.0,-0.88366884,0.023199566,-1.1559694,-0.2446817
5879,235.16,0.0,-1.2912422,-0.37775913,-1.1567659,-0.2454653
5880,235.2,0.1,-0.81221896,0.09348985,-1.157549,-0.24623568
5881,235.24,0.1,-0.83817613,0.06795395,-1.1583177,-0.24699183
5882,235.28,0.1,-0.70670754,0.19728887,-1.1590707,-0.24773267
5883,235.32,0.1,-1.348475,-0.434063,-1.1598071,-0.24845709
5884,235.36,0.1,-1.0421346,-0.13269442,-1.1605256,-0.24916393
5885,235.4,0.1,-1.1636024,-0.25219077,-1.161225,-0.24985197
5886,235.44,0.1,-0.7301991,0.17417857,-1.161904,-0.25052
5887,235.48,0.1,-1.0305289,-0.121277034,-1.1625614,-0.25116667
5888,235.52,0.1,-1.0471599,-0.13763812,-1.1631957,-0.25179073
5889,235.56,0.1,-0.535574,0.36564496,-1.1638056,-0.25239074
5890,235.6,0.1,-1.060814,-0.15107064,-1.1643896,-0.2529653
5891,235.64,0.1,-0.9932643,-0.084617235,-1.1649463,-0.25351295
5892,235.68,0.1,-0.83418846,0.071876906,-1.1654742,-0.2540322
5893,235.72,0.2,-0.9034443,0.0037450567,-1.1659715,-0.2545215
5894,235.76,0.2,-0.8032209,0.10234184,-1.1664368,-0.25497922
5895,235.8,0.3,-0.2641114,0.6327019,-1.1668684,-0.25540382
5896,235.84,0.3,-0.9232361,-0.015725508,-1.1672646,-0.25579357
5897,235.88,0.3,-1.3169034,-0.40300378,-1.1676236,-0.25614682
5898,235.92,0.3,-1.2842652,-0.37089527,-1.1679438,-0.25646186
5899,235.96,0.3,-0.9613606,-0.05323127,-1.1682235,-0.25673687
5900,236.0,0.3,-1.2732769,-0.36008537,-1.1684605,-0.2569701
5901,236.04,0.3,-0.9234147,-0.015901245,-1.1686534,-0.2571598
5902,236.08,0.3,-1.2627689,-0.34974787,-1.1688,-0.2573041
5903,236.12,0.2,-0.6423441,0.26060772,-1.1688987,-0.25740117
5904,236.16,0.2,-1.1237687,-0.21300358,-1.1689475,-0.25744915
5905,236.2,0.2,-1.0468175,-0.13730131,-1.1689445,-0.2574462
5906,236.24,0.2,-1.4527757,-0.536671,-1.1688879,-0.25739047
5907,236.28,0.2,-1.1195595,-0.20886274,-1.1687756,-0.25728005
5908,236.32,0.2,-1.5394007,-0.62189007,-1.1686059,-0.2571131
5909,236.36,0.2,-0.7831705,0.12206685,-1.1683768,-0.25688776
5910,236.4,0.2,-1.5080919,-0.5910895,-1.1680865,-0.2566022
5911,236.44,0.2,-1.9922605,-1.0674002,-1.1677332,-0.25625452
5912,236.48,0.2,-1.0206705,-0.11157866,-1.1673148,-0.25584292
5913,236.52,0.2,-1.1138213,-0.2032176,-1.1668296,-0.2553656
5914,236.56,0.2,-1.833617,-0.91133136,-1.1662757,-0.2548208
5915,236.6,0.2,-0.7738768,0.13120976,-1.1656516,-0.2542067
5916,236.64,0.2,-0.64405787,0.2589218,-1.1649551,-0.2535216
5917,236.68,0.2,-1.968071,-1.0436033,-1.1641848,-0.25276375
5918,236.72,0.2,-1.216237,-0.30397114,-1.1633389,-0.25193155
5919,236.76,0.2,-0.99669033,-0.08798765,-1.1624156,-0.25102326
5920,236.8,0.2,-1.0338507,-0.12454489,-1.1614134,-0.25003737
5921,236.84,0.2,-1.1002121,-0.1898293,-1.1603308,-0.24897224
5922,236.88,0.2,-1.1225604,-0.21181488,-1.159166,-0.24782637
5923,236.92,0.2,-1.1910008,-0.2791446,-1.1579176,-0.24659826
5924,236.96,0.2,-0.8016213,0.103915505,-1.1565841,-0.2452865
5925,237.0,0.3,-0.97370374,-0.06537412,-1.1551642,-0.24388964
5926,237.04,0.3,-1.5444179,-0.6268258,-1.1536566,-0.24240641
5927,237.08,0.4,-1.4008923,-0.4856296,-1.1520597,-0.24083547
5928,237.12,0.4,-1.1831611,-0.27143213,-1.1503725,-0.23917562
5929,237.16,0.4,-0.95265067,-0.04466272,-1.1485937,-0.23742566
5930,237.2,0.4,-1.9459428,-1.0218341,-1.1467221,-0.23558447
5931,237.24,0.4,-0.77514774,0.12995943,-1.1447568,-0.23365103
5932,237.28,0.4,-1.6129494,-0.6942451,-1.1426966,-0.23162435
5933,237.32,0.4,-0.8992912,0.007830732,-1.1405408,-0.2295035
5934,237.36,0.4,-1.0415682,-0.13213713,-1.1382884,-0.22728764
5935,237.4,0.4,-1.0946268,-0.18433464,-1.1359386,-0.22497597
5936,237.44,0.4,-1.1591846,-0.2478447,-1.1334907,-0.22256784
5937,237.48,0.4,-1.2561145,-0.34320146,-1.1309441,-0.2200626
5938,237.52,0.4,-0.9284469,-0.020851754,-1.1282983,-0.21745968
5939,237.56,0.4,-0.97749704,-0.06910585,-1.1255527,-0.21475862
5940,237.6,0.4,-1.2633018,-0.3502722,-1.1227069,-0.21195905
5941,237.64,0.4,-0.70155513,0.20235765,-1.1197608,-0.20906065
5942,237.68,0.4,-1.268644,-0.3555276,-1.1167138,-0.20606321
5943,237.72,0.4,-2.1414862,-1.2142041,-1.1135662,-0.20296659
5944,237.76,0.4,-1.404645,-0.48932135,-1.1103176,-0.19977075
5945,237.8,0.4,-0.9956409,-0.08695522,-1.1069682,-0.19647573
5946,237.84,0.4,-1.7360305,-0.81532866,-1.1035181,-0.19308169
5947,237.88,0.4,-1.2813175,-0.36799544,-1.0999677,-0.18958887
5948,237.92,0.4,-1.046112,-0.13660717,-1.0963172,-0.18599759
5949,237.96,0.4,-1.831549,-0.90929705,-1.092567,-0.18230829
5950,238.0,0.4,-1.1829561,-0.27123043,-1.0887177,-0.17852148
5951,238.04,0.4,-1.1072154,-0.19671896,-1.08477,-0.17463782
5952,238.08,0.4,-1.1324232,-0.2215176,-1.0807245,-0.170658
5953,238.12,0.4,-1.460885,-0.5446487,-1.0765822,-0.16658285
5954,238.16,0.4,-1.3508259,-0.43637577,-1.0723438,-0.1624133
5955,238.2,0.4,-0.97003883,-0.061768685,-1.0680104,-0.15815033
5956,238.24,0.4,-1.2891954,-0.37574553,-1.0635834,-0.15379506
5957,238.28,0.4,-1.0187314,-0.10967095,-1.0590637,-0.1493487
5958,238.32,0.4,-1.4829412,-0.5663469,-1.0544527,-0.14481255
5959,238.36,0.4,-1.2150832,-0.30283615,-1.0497519,-0.140188
5960,238.4,0.5,-1.35716,-0.44260702,-1.0449626,-0.13547648
5961,238.44,0.5,-1.0981746,-0.18782485,-1.0400866,-0.1306796
5962,238.48,0.6,-1.3037121,-0.39002663,-1.0351255,-0.12579903
5963,238.52,0.6,-0.18957686,0.7060268,-1.030081,-0.12083647
5964,238.56,0.6,-1.0977156,-0.18737334,-1.0249552,-0.115793765
5965,238.6,0.6,-0.61182046,0.290636,-1.0197498,-0.110672824
5966,238.64,0.6,-1.1978323,-0.28586525,-1.0144669,-0.105475634
5967,238.68,0.6,-1.0057824,-0.09693212,-1.0091085,-0.10020426
5968,238.72,0.6,-1.293702,-0.38017896,-1.0036769,-0.09486085
5969,238.76,0.6,-0.84488595,0.06135302,-0.99817437,-0.08944762
5970,238.8,0.6,-0.7071528,0.19685087,-0.99260324,-0.083966866
5971,238.84,0.6,-0.7982325,0.10724933,-0.98696584,-0.07842097
5972,238.88,0.6,-1.0516233,-0.14202912,-0.9812647,-0.07281235
5973,238.92,0.6,-1.3858072,-0.4707893,-0.9755024,-0.06714354
5974,238.96,0.6,-1.1463299,-0.23519862,-0.96968144,-0.061417107
5975,239.0,0.6,-0.88649684,0.02041746,-0.96380466,-0.05563571
5976,239.04,0.6,-1.2585702,-0.34561732,-0.9578748,-0.049802065
5977,239.08,0.6,-0.67988265,0.22367841,-0.95189464,-0.043918952
5978,239.12,0.6,-1.0839512,-0.17383236,-0.94586706,-0.03798922
5979,239.16,0.6,-0.83970284,0.06645202,-0.9397951,-0.032015778
5980,239.2,0.6,-0.72961354,0.17475465,-0.93368167,-0.026001595
5981,239.24,0.6,-1.1128179,-0.20223051,-0.92752993,-0.0199497
5982,239.28,0.6,-1.266702,-0.35361722,-0.921343,-0.013863179
5983,239.32,0.6,-1.570297,-0.6522849,-0.91512406,-0.0077451714
5984,239.36,0.6,-1.6495315,-0.7302335,-0.90887636,-0.0015988748
5985,239.4,0.6,-1.1506028,-0.2394022,-0.90260327,0.0045724646
5986,239.44,0.6,-1.3868853,-0.47184995,-0.896308,0.01076555
5987,239.48,0.6,-0.8235161,0.08237607,-0.889994,0.016977038
5988,239.52,0.6,-1.4386228,-0.5227478,-0.8836648,0.023203546
5989,239.56,0.6,-0.9002652,0.006872542,-0.8773238,0.029441647
5990,239.6,0.6,-0.53919566,0.36208212,-0.8709745,0.035687882
5991,239.64,0.6,-1.2357079,-0.32312608,-0.8646205,0.041938763
5992,239.68,0.6,-1.0320324,-0.1227561,-0.85826534,0.04819077
5993,239.72,0.6,-1.5210654,-0.60385233,-0.8519127,0.054440368
5994,239.76,0.6,-1.4051696,-0.48983753,-0.84556603,0.060684003
5995,239.8,0.6,-1.1742665,-0.2626818,-0.83922905,0.0669181
5996,239.84,0.6,-1.1973443,-0.2853851,-0.8329055,0.07313909
5997,239.88,0.6,-1.2388363,-0.3262037,-0.8265988,0.07934339
5998,239.92,0.6,-0.19380933,0.701863,-0.82031274,0.085527435
5999,239.96,0.6,-1.1493286,-0.23814866,-0.8140509,0.09168765
6000,240.0,0.6,-1.0020117,-0.0932226,-0.80781686,0.0978205
6001,240.04,0.6,-0.90877116,-0.0014953539,-0.8016142,0.103922464
6002,240.08,0.6,-0.7877021,0.11760882,-0.7954466,0.10999004
6003,240.12,0.6,-0.71159554,0.1924802,-0.78931737,0.116019785
6004,240.16,0.6,0.3073299,1.194869,-0.78323007,0.12200829
6005,240.2,0.6,-0.9698013,-0.061535016,-0.7771881,0.12795219
6006,240.24,0.6,-0.20107651,0.6947138,-0.7711948,0.13384818
6007,240.28,0.6,-0.89731,0.009779774,-0.76525354,0.13969302
6008,240.32,0.6,0.11964166,1.0102268,-0.7593675,0.14548355
6009,240.36,0.6,-0.14754188,0.74737954,-0.7535398,0.15121669
6010,240.4,0.6,-0.354308,0.54396915,-0.7477735,0.15688938
6011,240.44,0.6,0.65809107,1.5399375,-0.7420716,0.16249871
6012,240.48,0.6,-1.2813083,-0.3679864,-0.7364371,0.16804184
6013,240.52,0.6,-1.5369104,-0.61944026,-0.7308726,0.17351602
6014,240.56,0.6,-0.5081664,0.3926078,-0.7253809,0.1789186
6015,240.6,0.6,0.17317712,1.0628935,-0.71996456,0.184247
6016,240.64,0.6,-1.125171,-0.21438308,-0.71462613,0.18949878
6017,240.68,0.6,-0.57414806,0.32769698,-0.709368,0.19467159
6018,240.72,0.6,-0.13846678,0.75630736,-0.7041924,0.19976318
6019,240.76,0.6,-0.6513053,0.25179195,-0.69910157,0.20477141
6020,240.8,0.6,-0.8619147,0.044600658,-0.69409746,0.20969428
6021,240.84,0.6,0.5665791,1.4499108,-0.6891821,0.21452987
6022,240.88,0.6,-0.676424,0.22708091,-0.6843573,0.21927641
6023,240.92,0.6,-0.19333845,0.70232624,-0.6796246,0.22393224
6024,240.96,0.6,-0.1250537,0.76950276,-0.6749858,0.22849579
6025,241.0,0.6,-0.5450353,0.35633725,-0.6704422,0.23296565
6026,241.04,0.6,-0.5306399,0.37049904,-0.6659951,0.23734054
6027,241.08,0.6,-0.41788363,0.48142534,-0.6616458,0.24161927
6028,241.12,0.6,0.39916205,1.2852108,-0.6573953,0.24580082
6029,241.16,0.6,0.06717253,0.95860934,-0.6532445,0.24988425
6030,241.2,0.6,0.49566984,1.3801523,-0.64919424,0.25386876
6031,241.24,0.6,-0.62933344,0.27340722,-0.64524525,0.25775367
6032,241.28,0.6,-0.08872837,0.80523854,-0.6413981,0.26153845
6033,241.32,0.6,-0.91318333,-0.005835928,-0.63765305,0.2652226
6034,241.36,0.6,-0.3390627,0.55896705,-0.6340107,0.26880592
6035,241.4,0.6,-0.38454998,0.51421803,-0.63047105,0.27228808
6036,241.44,0.6,-0.4080975,0.49105257,-0.6270343,0.27566907
6037,241.48,0.6,-1.2246034,-0.31220183,-0.6237004,0.27894884
6038,241.52,0.6,-1.2921263,-0.37862882,-0.6204693,0.28212753
6039,241.56,0.6,-1.1551569,-0.24388233,-0.6173407,0.28520533
6040,241.6,0.6,-0.82174563,0.08411778,-0.6143144,0.28818256
6041,241.64,0.6,-1.0646474,-0.15484184,-0.6113899,0.2910596
6042,241.68,0.6,-0.11586696,0.77854043,-0.6085667,0.29383692
6043,241.72,0.6,-0.53286004,0.36831492,-0.6058443,0.29651514
6044,241.76,0.6,-0.08397186,0.80991787,-0.6032221,0.29909486
6045,241.8,0.6,-0.39027858,0.50858235,-0.6006991,0.30157682
6046,241.84,0.6,-0.7992414,0.10625676,-0.5982747,0.3039619
6047,241.88,0.6,-0.8367177,0.06938868,-0.59594786,0.30625096
6048,241.92,0.6,-0.5027626,0.3979239,-0.59371763,0.308445
6049,241.96,0.6,-0.7914147,0.11395649,-0.59158295,0.31054503
6050,242.0,0.6,-0.3705383,0.52800226,-0.5895427,0.31255224
6051,242.04,0.6,-0.4236182,0.47578382,-0.5875955,0.31446776
6052,242.08,0.6,0.24276507,1.1313521,-0.5857403,0.31629285
6053,242.12,0.6,-0.7048129,0.1991528,-0.5839757,0.3180289
6054,242.16,0.6,-0.84122884,0.06495079,-0.5823001,0.3196772
6055,242.2,0.6,-0.80383027,0.10174241,-0.5807123,0.32123926
6056,242.24,0.6,-0.42685544,0.47259915,-0.5792107,0.32271653
6057,242.28,0.6,0.5328349,1.4167142,-0.5777936,0.3241106
6058,242.32,0.7,-1.083179,-0.17307264,-0.5764595,0.32542303
6059,242.36,0.7,-0.75865054,0.14618888,-0.57520676,0.32665548
6060,242.4,0.7,-0.9534502,-0.04544928,-0.57403356,0.32780963
6061,242.44,0.7,-0.20225519,0.6935542,-0.5729382,0.3288872
6062,242.48,0.7,-0.71626437,0.18788716,-0.57191896,0.3298899
6063,242.52,0.7,-1.0247836,-0.11562499,-0.57097393,0.33081958
6064,242.56,0.7,-0.27364117,0.62332684,-0.5701013,0.33167803
6065,242.6,0.7,-0.38625044,0.5125451,-0.5692993,0.33246708
6066,242.64,0.7,-0.79434514,0.11107359,-0.56856585,0.33318862
6067,242.68,0.7,0.2580421,1.1463811,-0.56789917,0.33384448
6068,242.72,0.7,-0.7022617,0.20166257,-0.5672973,0.3344366
6069,242.76,0.7,-0.8001812,0.10533223,-0.5667583,0.33496684
6070,242.8,0.7,-0.8144065,0.09133781,-0.5662802,0.33543715
6071,242.84,0.7,-0.17840844,0.71701396,-0.5658611,0.33584946
6072,242.88,0.7,-0.4673897,0.43272275,-0.565499,0.33620566
6073,242.92,0.7,-0.950121,-0.042174093,-0.56519204,0.33650768
6074,242.96,0.7,-0.9809629,-0.07251543,-0.5649381,0.33675742
6075,243.0,0.7,-1.0166177,-0.10759156,-0.5647355,0.33695683
6076,243.04,0.7,-0.6276177,0.2750951,-0.56458205,0.33710775
6077,243.08,0.7,-1.002103,-0.09331244,-0.564476,0.3372121
6078,243.12,0.7,-0.53852475,0.36274216,-0.5644154,0.33727166
6079,243.16,0.7,-0.5048009,0.39591867,-0.56439847,0.33728835
6080,243.2,0.7,-0.7790566,0.12611398,-0.56442326,0.33726397
6081,243.24,0.7,-0.6939894,0.20980063,-0.564488,0.33720028
6082,243.28,0.7,-1.2044224,-0.29234827,-0.5645909,0.33709905
6083,243.32,0.7,-0.64318025,0.25978515,-0.56473017,0.336962
6084,243.36,0.7,-0.44101197,0.45867234,-0.56490415,0.33679086
6085,243.4,0.7,-0.6475352,0.25550088,-0.5651111,0.3365873
6086,243.44,0.7,0.39203548,1.2781999,-0.56534934,0.3363529
6087,243.48,0.7,0.02294898,0.91510344,-0.5656172,0.33608937
6088,243.52,0.7,-0.21265763,0.68332064,-0.5659132,0.33579817
6089,243.56,0.8,-0.478092,0.42219412,-0.5662358,0.33548087
6090,243.6,0.8,-1.1821142,-0.27040222,-0.56658334,0.33513898
6091,243.64,0.8,-0.34994864,0.54825777,-0.56695443,0.33477387
6092,243.68,0.8,-1.4828649,-0.56627184,-0.56734765,0.334387
6093,243.72,0.8,-1.7603275,-0.8392313,-0.5677617,0.3339797
6094,243.76,0.8,-0.9788543,-0.07044108,-0.56819516,0.33355325
6095,243.8,0.8,-0.22975624,0.6664995,-0.56864685,0.33310893
6096,243.84,0.8,0.273417,1.1615064,-0.5691155,0.33264786
6097,243.88,0.8,-0.74481726,0.15979767,-0.5696,0.33217123
6098,243.92,0.8,-1.6989839,-0.77888334,-0.57009923,0.33168012
6099,243.96,0.8,-0.62594855,0.2767372,-0.57061213,0.3311755
6100,244.0,0.8,0.24427652,1.132839,-0.57113785,0.33065838
6101,244.04,0.8,-1.2926753,-0.3791689,-0.5716753,0.33012962
6102,244.08,0.8,-0.6832589,0.22035697,-0.5722237,0.3295901
6103,244.12,0.8,-0.14238012,0.75245756,-0.5727823,0.32904062
6104,244.16,0.8,-1.2184427,-0.30614105,-0.57335025,0.32848185
6105,244.2,0.8,-1.1317644,-0.22086954,-0.5739269,0.3279145
6106,244.24,0.8,-0.61165804,0.2907958,-0.57451177,0.32733917
6107,244.28,0.8,-0.036213696,0.85690093,-0.5751041,0.32675642
6108,244.32,0.8,-0.69097054,0.21277046,-0.5757036,0.3261667
6109,244.36,0.8,-1.5544248,-0.63667035,-0.5763097,0.32557046
6110,244.4,0.8,-0.68322146,0.22039378,-0.576922,0.32496807
6111,244.44,0.8,-0.8629762,0.04355637,-0.5775403,0.3243598
6112,244.48,0.9,-0.89604676,0.0110225305,-0.5781642,0.323746
6113,244.52,0.9,0.10735178,0.9981364,-0.5787937,0.32312676
6114,244.56,0.9,-0.09691489,0.7971849,-0.57942843,0.3225023
6115,244.6,0.9,-0.7357645,0.1687035,-0.58006847,0.32187265
6116,244.64,0.9,-0.8254952,0.0804291,-0.58071375,0.3212379
6117,244.68,0.9,-0.5423484,0.35898057,-0.58136415,0.32059798
6118,244.72,0.9,-0.4532454,0.44663745,-0.5820199,0.31995288
6119,244.76,0.9,-1.0670308,-0.15718651,-0.58268106,0.31930244
6120,244.8,0.9,-1.0069089,-0.098040365,-0.5833478,0.31864655
6121,244.84,0.9,-1.4040772,-0.4887628,-0.5840203,0.31798494
6122,244.88,0.9,-0.9839945,-0.07549784,-0.58469886,0.31731743
6123,244.92,0.9,-0.15563953,0.7394134,-0.5853837,0.31664366
6124,244.96,0.9,-0.608209,0.29418883,-0.5860753,0.31596333
6125,245.0,0.9,-0.18048763,0.71496844,-0.58677393,0.31527606
6126,245.04,0.9,-0.15467757,0.74035966,-0.58748,0.3145814
6127,245.08,0.9,-0.33897388,0.5590544,-0.5881941,0.31387895
6128,245.12,0.9,-0.7469028,0.15774593,-0.5889165,0.31316823
6129,245.16,0.9,-0.25648224,0.64020723,-0.5896479,0.3124487
6130,245.2,0.9,-0.3869201,0.5118863,-0.5903888,0.31171986
6131,245.24,0.9,-0.59256744,0.30957654,-0.5911397,0.31098112
6132,245.28,0.9,-0.49032748,0.4101572,-0.59190124,0.31023195
6133,245.32,0.9,-0.90599334,0.0012373775,-0.592674,0.30947167
6134,245.36,0.9,-1.4903518,-0.57363725,-0.5934588,0.3086997
6135,245.4,0.9,-0.14091372,0.7539002,-0.59425604,0.30791536
6136,245.44,0.9,0.082167745,0.97336113,-0.59506655,0.307118
6137,245.48,0.9,-0.8932587,0.0137653425,-0.595891,0.30630693
6138,245.52,0.9,-0.74331987,0.16127074,-0.5967301,0.3054814
6139,245.56,0.9,-0.61138535,0.29106402,-0.59758466,0.30464077
6140,245.6,0.9,-0.5226058,0.37840277,-0.5984553,0.30378425
6141,245.64,0.9,-0.76146764,0.1434175,-0.5993428,0.3029111
6142,245.68,0.9,-0.3329267,0.5650034,-0.60024804,0.3020206
6143,245.72,0.9,-0.7216151,0.18262327,-0.6011717,0.30111197
6144,245.76,0.9,-0.16762412,0.7276233,-0.6021145,0.3001844
6145,245.8,0.9,-0.7730138,0.13205877,-0.60307735,0.29923716
6146,245.84,0.9,0.042888165,0.9347191,-0.604061,0.29826948
6147,245.88,0.9,-0.48661226,0.4138121,-0.6050663,0.29728055
6148,245.92,0.9,-0.9600682,-0.051959895,-0.6060939,0.2962696
6149,245.96,0.9,-0.74671775,0.15792802,-0.6071447,0.29523584
6150,246.0,0.9,-0.41937405,0.47995907,-0.6082195,0.2941785
6151,246.04,0.9,-0.3085193,0.5890147,-0.6093191,0.29309678
6152,246.08,0.9,-1.2325451,-0.32001463,-0.6104442,0.2919899
6153,246.12,0.9,-0.29709965,0.600249,-0.6115957,0.29085708
6154,246.16,0.9,-0.098701894,0.7954269,-0.6127744,0.28969756
6155,246.2,0.9,0.046847224,0.9386138,-0.61398095,0.28851053
6156,246.24,0.8,-0.6651308,0.23819083,-0.61521626,0.28729528
6157,246.28,0.7,-1.0722822,-0.1623527,-0.61648107,0.286051
6158,246.32,0.7,-0.3601523,0.53821975,-0.61777616,0.28477696
6159,246.36,0.6,-0.68206424,0.22153223,-0.61910224,0.28347242
6160,246.4,0.6,-0.42290926,0.47648126,-0.6204601,0.2821366
6161,246.44,0.6,-0.86802256,0.038591914,-0.6218505,0.28076875
6162,246.48,0.6,-1.1841736,-0.27242815,-0.62327415,0.2793682
6163,246.52,0.6,-0.45569628,0.44422638,-0.62473184,0.27793413
6164,246.56,0.6,-1.2702005,-0.35705888,-0.62622434,0.2764659
6165,246.6,0.6,-0.48262984,0.4177299,-0.62775224,0.27496275
6166,246.64,0.6,0.5540625,1.4375973,-0.62931645,0.27342397
6167,246.68,0.6,-0.50234383,0.39833587,-0.63091755,0.27184886
6168,246.72,0.6,-1.0630077,-0.15322873,-0.63255626,0.2702367
6169,246.76,0.6,-0.36073893,0.5376426,-0.63423336,0.26858684
6170,246.8,0.6,-1.7982503,-0.8765387,-0.63594943,0.2668986
6171,246.84,0.6,-0.8172649,0.08852578,-0.63770527,0.26517126
6172,246.88,0.7,-0.99432826,-0.085663915,-0.6395015,0.26340422
6173,246.92,0.7,-0.09760779,0.79650325,-0.64133877,0.26159677
6174,246.96,0.7,-0.9949025,-0.08622882,-0.64321774,0.25974825
6175,247.0,0.7,-0.6964836,0.20734689,-0.6451391,0.2578581
6176,247.04,0.7,-1.2074549,-0.29533163,-0.6471034,0.25592566
6177,247.08,0.7,-1.3437341,-0.4293991,-0.6491114,0.2539503
6178,247.12,0.7,-0.95383394,-0.045826793,-0.6511635,0.25193143
6179,247.16,0.7,-1.4411492,-0.5252332,-0.6532605,0.2498685
6180,247.2,0.7,-0.19445318,0.70122963,-0.65540284,0.24776094
6181,247.24,0.7,-0.21988785,0.6762077,-0.6575911,0.24560821
6182,247.28,0.7,-0.017705679,0.8751086,-0.65982574,0.2434098
6183,247.32,0.7,0.22206855,1.1109914,-0.66210735,0.24116524
6184,247.36,0.7,-0.5005311,0.4001192,-0.66443634,0.23887406
6185,247.4,0.7,-0.62215817,0.28046605,-0.6668131,0.23653586
6186,247.44,0.7,-0.39451456,0.50441515,-0.66923803,0.23415025
6187,247.48,0.7,-0.22872841,0.6675107,-0.67171156,0.23171687
6188,247.52,0.7,-1.191606,-0.27973998,-0.674234,0.22923544
6189,247.56,0.7,-0.1584683,0.7366305,-0.6768055,0.22670564
6190,247.6,0.7,-0.67223036,0.2312065,-0.6794264,0.22412726
6191,247.64,0.7,-1.1348562,-0.22391117,-0.6820969,0.2215001
6192,247.68,0.7,-0.35415334,0.5441213,-0.68481714,0.218824
6193,247.72,0.7,-0.8839176,0.022954814,-0.68758726,0.21609882
6194,247.76,0.7,-0.50099623,0.3996616,-0.6904074,0.2133245
6195,247.8,0.7,-0.41769707,0.48160887,-0.6932775,0.210501
6196,247.84,0.7,-0.6126689,0.28980136,-0.6961975,0.20762831
6197,247.88,0.7,-0.78140104,0.12380762,-0.69916755,0.20470649
6198,247.92,0.7,-0.8406062,0.0655633,-0.7021875,0.2017356
6199,247.96,0.7,-0.57565576,0.32621375,-0.7052571,0.19871578
6200,248.0,0.7,-1.2743948,-0.36118504,-0.7083763,0.1956472
6201,248.04,0.7,-1.1310833,-0.22019944,-0.7115449,0.19253007
6202,248.08,0.7,-0.2866196,0.61055905,-0.7147625,0.18936464
6203,248.12,0.7,0.06155169,0.9530797,-0.71802896,0.1861512
6204,248.16,0.7,-0.25304025,0.6435934,-0.7213438,0.18289012
6205,248.2,0.7,-1.1687436,-0.25724858,-0.72470677,0.17958175
6206,248.24,0.7,-0.773281,0.13179588,-0.72811735,0.17622654
6207,248.28,0.7,-0.101747096,0.7924311,-0.731575,0.17282498
6208,248.32,0.7,-1.8431578,-0.92071736,-0.7350793,0.16937758
6209,248.36,0.7,-1.0607239,-0.15098198,-0.7386296,0.1658849
6210,248.4,0.7,-1.5682416,-0.65026295,-0.7422253,0.16234757
6211,248.44,0.7,-0.55594754,0.3456021,-0.7458657,0.15876622
6212,248.48,0.7,-1.0138186,-0.104837954,-0.74955016,0.15514158
6213,248.52,0.7,-0.7162582,0.18789318,-0.75327784,0.15147439
6214,248.56,0.7,-0.91444916,-0.007081203,-0.75704795,0.14776544
6215,248.6,0.7,-1.7162503,-0.7958695,-0.76085967,0.1440156
6216,248.64,0.7,0.16657889,1.0564023,-0.76471204,0.14022574
6217,248.68,0.7,-0.6202833,0.2823105,-0.7686041,0.13639686
6218,248.72,0.7,-0.43150973,0.46802038,-0.77253485,0.13252993
6219,248.76,0.7,-0.66274714,0.24053583,-0.77650315,0.12862603
6220,248.8,0.7,-0.49172497,0.40878242,-0.78050786,0.12468631
6221,248.84,0.7,0.067765,0.95919216,-0.7845478,0.12071193
6222,248.88,0.7,-0.90544885,0.0017730296,-0.78862166,0.11670416
6223,248.92,0.7,-0.44149578,0.45819634,-0.7927282,0.11266431
6224,248.96,0.7,0.05341208,0.9450722,-0.7968659,0.108593754
6225,249.0,0.7,-0.5478132,0.3536045,-0.8010333,0.10449394
6226,249.04,0.7,-0.5088809,0.3919049,-0.805229,0.100366354
6227,249.08,0.7,-0.78367484,0.121570714,-0.80945134,0.09621258
6228,249.12,0.7,-0.83789766,0.06822791,-0.8136986,0.09203424
6229,249.16,0.7,-0.7468602,0.15778786,-0.81796914,0.08783302
6230,249.2,0.7,-0.8957001,0.0113635585,-0.82226115,0.083610654
6231,249.24,0.7,0.30732417,1.1948633,-0.82657284,0.07936896
6232,249.28,0.7,-0.6412195,0.26171407,-0.8309023,0.07510978
6233,249.32,0.7,-0.3179981,0.57968974,-0.8352475,0.07083504
6234,249.36,0.7,-0.1919874,0.70365536,-0.83960664,0.066546686
6235,249.4,0.7,-1.3184625,-0.4045376,-0.8439775,0.062246744
6236,249.44,0.7,-1.035892,-0.1265531,-0.8483581,0.057937264
6237,249.48,0.7,-0.6013888,0.30089834,-0.8527462,0.053620342
6238,249.52,0.7,-0.10020155,0.79395163,-0.8571397,0.04929812
6239,249.56,0.7,-0.18862647,0.70696175,-0.86153644,0.044972766
6240,249.6,0.7,-1.0196035,-0.11052894,-0.8659341,0.040646486
6241,249.64,0.7,0.0785079,0.96976066,-0.8703304,0.03632151
6242,249.68,0.7,-1.3209714,-0.40700576,-0.87472314,0.032000095
6243,249.72,0.7,-1.3726375,-0.45783338,-0.8791099,0.027684513
6244,249.76,0.7,-0.8274811,0.07847542,-0.8834884,0.023377053
6245,249.8,0.7,-0.7203884,0.18383005,-0.88785636,0.019080006
6246,249.84,0.7,-1.4774847,-0.56097895,-0.8922114,0.014795672
6247,249.88,0.7,-1.169307,-0.2578028,-0.89655113,0.010526348
6248,249.92,0.7,-0.8917285,0.015270688,-0.9008733,0.0062743262
6249,249.96,0.7,-1.0580041,-0.14830637,-0.90517557,0.0020418877
6250,250.0,0.7,-0.892419,0.014591433,-0.9094556,-0.0021687006
6251,250.04,0.7,-0.058541,0.83493596,-0.9137112,-0.0063551893
6252,250.08,0.7,-0.5059686,0.39476997,-0.91793996,-0.010515352
6253,250.12,0.8,-1.620744,-0.70191324,-0.92213976,-0.014646987
6254,250.16,0.8,-1.3681297,-0.45339876,-0.92630833,-0.018747928
6255,250.2,0.8,-2.0156424,-1.0904027,-0.9304436,-0.022816036
6256,250.24,0.8,-0.49614078,0.40443826,-0.9345433,-0.026849221
6257,250.28,0.8,-0.4452067,0.45454568,-0.9386054,-0.030845432
6258,250.32,0.8,-1.2924412,-0.37893867,-0.94262797,-0.034802664
6259,250.36,0.8,-1.4999808,-0.58311,-0.94660884,-0.038718965
6260,250.4,0.8,-1.2781963,-0.36492494,-0.9505462,-0.042592436
6261,250.44,0.8,-1.2981523,-0.38455704,-0.9544382,-0.04642124
6262,250.48,0.8,-0.9727141,-0.06440057,-0.95828295,-0.050203595
6263,250.52,0.8,-0.7064309,0.197561,-0.96207875,-0.053937785
6264,250.56,0.8,-1.3558081,-0.44127715,-0.9658239,-0.05762216
6265,250.6,0.8,-1.1957897,-0.28385574,-0.9695168,-0.06125514
6266,250.64,0.8,-1.0678493,-0.15799172,-0.9731559,-0.064835206
6267,250.68,0.8,-1.2904675,-0.37699696,-0.9767398,-0.06836093
6268,250.72,0.8,-1.9476215,-1.0234857,-0.9802671,-0.07183094
6269,250.76,0.8,-1.073587,-0.16363627,-0.9837364,-0.075243965
6270,250.8,0.8,-1.4071223,-0.49175844,-0.98714656,-0.07859878
6271,250.84,0.8,-1.4710528,-0.55465144,-0.99049646,-0.08189427
6272,250.88,0.8,-1.0738034,-0.16384923,-0.9937849,-0.08512938
6273,250.92,0.8,-1.6220262,-0.70317465,-0.99701107,-0.08830315
6274,250.96,0.8,-1.2667317,-0.35364643,-1.0001739,-0.091414675
6275,251.0,0.8,-0.6963228,0.20750508,-1.0032727,-0.094463155
6276,251.04,0.8,-1.6095285,-0.6908798,-1.0063066,-0.097447865
6277,251.08,0.8,-0.9298828,-0.022264391,-1.0092751,-0.10036815
6278,251.12,0.8,-1.2664397,-0.3533591,-1.0121775,-0.103223436
6279,251.16,0.8,-1.0890174,-0.17881629,-1.0150132,-0.106013216
6280,251.2,0.8,-1.3498533,-0.43541893,-1.0177821,-0.10873707
6281,251.24,0.8,-1.2869612,-0.37354755,-1.0204835,-0.111394644
6282,251.28,0.8,-1.0164545,-0.10743101,-1.0231172,-0.11398565
6283,251.32,0.8,-1.1830484,-0.27132118,-1.0256832,-0.116509885
6284,251.36,0.8,-1.2745218,-0.36131006,-1.028181,-0.11896719
6285,251.4,0.8,-1.5107747,-0.5937287,-1.0306107,-0.121357486
6286,251.44,0.8,-0.57192844,0.3298806,-1.0329723,-0.12368076
6287,251.48,0.8,-0.56757057,0.33416775,-1.0352658,-0.12593704
6288,251.52,0.8,-1.0357195,-0.12638341,-1.0374913,-0.12812643
6289,251.56,0.8,-0.77540004,0.12971121,-1.039649,-0.13024907
6290,251.6,0.8,-0.50654477,0.39420313,-1.041739,-0.13230518
6291,251.64,0.8,-0.90318644,0.003998719,-1.0437616,-0.13429497
6292,251.68,0.8,-0.9444091,-0.036554888,-1.0457171,-0.13621879
6293,251.72,0.8,-1.1360601,-0.22509554,-1.047606,-0.13807696
6294,251.76,0.8,-1.1187606,-0.20807676,-1.0494285,-0.13986985
6295,251.8,0.8,-1.317892,-0.40397632,-1.051185,-0.14159794
6296,251.84,0.8,-0.8471217,0.05915355,-1.0528762,-0.14326167
6297,251.88,0.8,-1.3731059,-0.45829415,-1.0545025,-0.14486156
6298,251.92,0.8,-1.1498655,-0.23867688,-1.0560645,-0.14639819
6299,251.96,0.8,-1.1243355,-0.21356124,-1.0575627,-0.14787214
6300,252.0,0.8,-1.0068762,-0.09800823,-1.058998,-0.14928402
6301,252.04,0.8,-1.3506693,-0.43622166,-1.0603707,-0.15063453
6302,252.08,0.8,-1.0381554,-0.1287798,-1.0616819,-0.15192436
6303,252.12,0.8,-0.5715434,0.33025938,-1.062932,-0.15315421
6304,252.16,0.8,-0.73346674,0.17096397,-1.064122,-0.15432487
6305,252.2,0.8,-0.6740956,0.22937158,-1.0652525,-0.15543713
6306,252.24,0.8,-1.2603253,-0.34734395,-1.0663246,-0.15649177
6307,252.28,0.8,-1.0941974,-0.18391222,-1.067339,-0.15748964
6308,252.32,0.8,-1.0020534,-0.093263656,-1.0682964,-0.15843162
6309,252.36,0.8,-1.2976584,-0.3840712,-1.069198,-0.15931855
6310,252.4,0.8,-1.0742508,-0.16428936,-1.0700445,-0.16015135
6311,252.44,0.8,-0.8143595,0.09138406,-1.070837,-0.16093095
6312,252.48,0.8,-1.2918282,-0.37833554,-1.0715764,-0.16165826
6313,252.52,0.8,-1.4415005,-0.52557886,-1.0722635,-0.16233426
6314,252.56,0.8,-1.7059484,-0.7857348,-1.0728995,-0.16295992
6315,252.6,0.8,-1.0893065,-0.17910068,-1.0734853,-0.16353622
6316,252.64,0.8,-0.8122225,0.09348639,-1.0740219,-0.16406417
6317,252.68,0.8,-0.8154397,0.09032137,-1.0745105,-0.16454478
6318,252.72,0.8,-0.773301,0.13177618,-1.0749519,-0.16497906
6319,252.76,0.8,-0.90631294,0.000922963,-1.0753473,-0.16536804
6320,252.8,0.8,-1.0630442,-0.15326461,-1.0756977,-0.16571274
6321,252.84,0.8,-0.7712374,0.13380632,-1.0760041,-0.16601424
6322,252.88,0.8,-1.6513216,-0.7319946,-1.0762677,-0.16627355
6323,252.92,0.8,-0.5088264,0.39195853,-1.0764894,-0.1664917
6324,252.96,0.8,-1.39446,-0.47930166,-1.0766705,-0.16666976
6325,253.0,0.8,-0.83649695,0.069605865,-1.0768118,-0.16680875
6326,253.04,0.8,-0.92741084,-0.01983253,-1.0769144,-0.16690972
6327,253.08,0.8,-1.20562,-0.29352653,-1.0769794,-0.16697372
6328,253.12,0.8,-1.4612172,-0.54497546,-1.077008,-0.16700175
6329,253.16,0.8,-0.83693475,0.06917519,-1.077001,-0.16699485
6330,253.2,0.8,-0.11117083,0.7831603,-1.0769595,-0.16695404
6331,253.24,0.8,-1.3298318,-0.4157224,-1.0768845,-0.16688034
6332,253.28,0.8,-0.29792857,0.5994336,-1.0767772,-0.16677475
6333,253.32,0.8,-1.1316787,-0.22078522,-1.0766385,-0.16663826
6334,253.36,0.8,-1.1594826,-0.24813786,-1.0764693,-0.16647185
6335,253.4,0.8,-0.7662307,0.13873175,-1.0762707,-0.16627651
6336,253.44,0.8,-1.129607,-0.21874711,-1.0760437,-0.1660532
6337,253.48,0.8,-1.8542694,-0.9316486,-1.0757893,-0.1658029
6338,253.52,0.8,-1.3815662,-0.46661714,-1.0755084,-0.16552652
6339,253.56,0.8,-1.1256442,-0.21484867,-1.0752019,-0.16522503
6340,253.6,0.8,-0.65305984,0.25006592,-1.0748708,-0.16489935
6341,253.64,0.8,-1.1739908,-0.26241064,-1.0745162,-0.16455042
6342,253.68,0.8,-0.5932436,0.30891135,-1.0741388,-0.16417915
6343,253.72,0.8,-0.6025742,0.29973215,-1.0737395,-0.16378643
6344,253.76,0.8,-1.2868843,-0.37347192,-1.0733196,-0.16337316
6345,253.8,0.8,-1.8386526,-0.9162853,-1.0728794,-0.16294022
6346,253.84,0.8,-1.2426205,-0.32992646,-1.0724202,-0.1624885
6347,253.88,0.8,-1.522901,-0.60565823,-1.0719428,-0.16201884
6348,253.92,0.8,-0.89639163,0.010683261,-1.0714481,-0.1615321
6349,253.96,0.8,-0.8078685,0.097769715,-1.0709368,-0.16102915
6350,254.0,0.8,-1.5140777,-0.59697807,-1.0704099,-0.16051076
6351,254.04,0.8,-0.86829567,0.03832323,-1.0698681,-0.1599778
6352,254.08,0.8,-1.8497418,-0.92719454,-1.0693123,-0.15943104
6353,254.12,0.8,-0.92396533,-0.01644294,-1.0687433,-0.1588713
6354,254.16,0.8,-0.47970015,0.4206121,-1.068162,-0.15829931
6355,254.2,0.8,-1.030578,-0.12132535,-1.0675689,-0.15771587
6356,254.24,0.8,-0.48367745,0.4166993,-1.0669649,-0.1571217
6357,254.28,0.8,-0.95294964,-0.04495684,-1.0663508,-0.15651754
6358,254.32,0.8,-1.2054739,-0.29338276,-1.0657271,-0.15590405
6359,254.36,0.8,-1.4095681,-0.49416456,-1.0650948,-0.15528195
6360,254.4,0.8,-1.1612005,-0.24982792,-1.0644543,-0.15465187
6361,254.44,0.8,-0.3722,0.5263675,-1.0638064,-0.15401447
6362,254.48,0.8,-0.6621493,0.24112394,-1.0631517,-0.15337037
6363,254.52,0.8,-1.1781377,-0.2664902,-1.0624907,-0.15272014
6364,254.56,0.7,-1.009313,-0.10040544,-1.0618242,-0.15206438
6365,254.6,0.7,-0.43716502,0.46245688,-1.0611526,-0.15140364
6366,254.64,0.7,-1.5368197,-0.61935097,-1.0604763,-0.15073845
6367,254.68,0.7,-0.84383583,0.062386103,-1.0597962,-0.15006931
6368,254.72,0.7,-1.1314466,-0.22055689,-1.0591125,-0.14939672
6369,254.76,0.7,-0.9237821,-0.016262688,-1.0584258,-0.14872114
6370,254.8,0.7,-1.2862931,-0.37289035,-1.0577365,-0.14804304
6371,254.84,0.7,-0.80926687,0.096394025,-1.0570451,-0.14736283
6372,254.88,0.7,-1.2076658,-0.29553908,-1.0563519,-0.14668092
6373,254.92,0.7,-0.7019071,0.2020114,-1.0556574,-0.14599773
6374,254.96,0.7,-0.8380448,0.06808313,-1.054962,-0.1453136
6375,255.0,0.7,-0.93929756,-0.031526327,-1.0542661,-0.14462893
6376,255.04,0.7,-1.561609,-0.643738,-1.0535698,-0.14394404
6377,255.08,0.7,-1.1701514,-0.2586335,-1.0528737,-0.14325926
6378,255.12,0.7,-0.5979181,0.3043127,-1.0521781,-0.1425749
6379,255.16,0.7,-2.049232,-1.1234471,-1.0514833,-0.1418913
6380,255.2,0.7,-1.0364283,-0.12708072,-1.0507894,-0.14120871
6381,255.24,0.7,-0.6767744,0.22673622,-1.0500969,-0.14052743
6382,255.28,0.7,-1.5924022,-0.67403144,-1.0494059,-0.13984771
6383,255.32,0.7,-0.5849354,0.31708467,-1.0487169,-0.13916981
6384,255.36,0.7,-1.170224,-0.2587049,-1.0480299,-0.138494
6385,255.4,0.8,-1.0510749,-0.14148954,-1.0473453,-0.13782048
6386,255.44,0.8,-1.615762,-0.69701207,-1.0466632,-0.13714948
6387,255.48,0.8,-0.87569726,0.031041779,-1.0459839,-0.13648124
6388,255.52,0.8,-1.1972295,-0.28527215,-1.0453076,-0.13581593
6389,255.56,0.8,-0.77726674,0.12787482,-1.0446346,-0.13515377
6390,255.6,0.8,-1.0668411,-0.15699993,-1.0439649,-0.13449492
6391,255.64,0.8,-1.2392724,-0.32663268,-1.0432986,-0.13383955
6392,255.68,0.8,-1.1743104,-0.26272506,-1.0426362,-0.13318782
6393,255.72,0.8,-1.0460553,-0.13655147,-1.0419775,-0.1325399
6394,255.76,0.8,-0.78522456,0.120046146,-1.041323,-0.1318959
6395,255.8,0.8,-1.0722349,-0.16230613,-1.0406724,-0.13125597
6396,255.84,0.8,-0.8874195,0.019509755,-1.0400262,-0.13062021
6397,255.88,0.8,-1.6548836,-0.7354988,-1.0393844,-0.12998872
6398,255.92,0.8,-0.8347915,0.071283676,-1.0387468,-0.1293616
6399,255.96,0.8,-1.1901922,-0.2783491,-1.0381138,-0.12873891
6400,256.0,0.8,-1.1302322,-0.21936221,-1.0374855,-0.12812074
6401,256.04,0.8,-0.6558813,0.24729025,-1.0368618,-0.12750712
6402,256.08,0.8,-1.3758562,-0.4609998,-1.0362427,-0.1268981
6403,256.12,0.8,-0.78627694,0.11901084,-1.0356283,-0.12629369
6404,256.16,0.8,-1.5283387,-0.6110076,-1.0350187,-0.12569392
6405,256.2,0.7,-1.0050845,-0.096245594,-1.0344137,-0.12509875
6406,256.24,0.7,-0.79794633,0.10753084,-1.0338134,-0.12450819
6407,256.28,0.7,-0.09267366,0.80135727,-1.0332177,-0.123922184
6408,256.32,0.7,-1.7267346,-0.8061837,-1.0326266,-0.12334068
6409,256.36,0.7,-1.285819,-0.37242395,-1.03204,-0.1227636
6410,256.4,0.7,-0.7137908,0.19032058,-1.0314578,-0.122190855
6411,256.44,0.7,-0.84122473,0.06495484,-1.0308799,-0.12162234
6412,256.48,0.7,-1.0958921,-0.18557939,-1.0303062,-0.12105793
6413,256.52,0.7,-0.96476156,-0.056577057,-1.0297365,-0.12049746
6414,256.56,0.7,-0.8974236,0.009668015,-1.0291706,-0.11994078
6415,256.6,0.7,-0.9234681,-0.015953787,-1.0286084,-0.11938771
6416,256.64,0.7,-0.9214539,-0.01397226,-1.0280497,-0.11883803
6417,256.68,0.7,-0.8298734,0.07612195,-1.0274942,-0.118291534
6418,256.72,0.7,-0.8380336,0.06809416,-1.0269417,-0.11774797
6419,256.76,0.7,-0.61650074,0.2860317,-1.0263919,-0.11720709
6420,256.8,0.7,-0.9517629,-0.04378938,-1.0258445,-0.116668604
6421,256.84,0.7,-1.0595206,-0.14979821,-1.0252992,-0.11613223
6422,256.88,0.7,-1.0771627,-0.16715403,-1.0247558,-0.11559764
6423,256.92,0.7,-0.8707896,0.0358698,-1.0242139,-0.11506452
6424,256.96,0.7,-0.642607,0.26034912,-1.0236732,-0.11453252
6425,257.0,0.7,-1.120655,-0.20994037,-1.0231332,-0.11400129
6426,257.04,0.7,-0.4135791,0.48565996,-1.0225935,-0.113470465
6427,257.08,0.7,-1.0913101,-0.18107182,-1.022054,-0.11293965
6428,257.12,0.7,-1.3200831,-0.40613195,-1.021514,-0.112408474
6429,257.16,0.7,-1.7893322,-0.8677653,-1.0209733,-0.111876525
6430,257.2,0.7,-0.96525204,-0.057059586,-1.0204314,-0.11134342
6431,257.24,0.7,-1.6514696,-0.7321401,-1.0198879,-0.11080873
6432,257.28,0.7,-0.96337855,-0.0552165,-1.0193424,-0.11027206
6433,257.32,0.7,-0.8680664,0.03854882,-1.0187944,-0.109732985
6434,257.36,0.7,-0.71300745,0.19109124,-1.0182436,-0.109191105
6435,257.4,0.7,-0.7281008,0.17624283,-1.0176895,-0.10864598
6436,257.44,0.7,-0.9071419,0.00010743737,-1.0171317,-0.10809722
6437,257.48,0.7,-1.7170457,-0.79665196,-1.0165697,-0.10754438
6438,257.52,0.7,-0.92826647,-0.020674266,-1.0160031,-0.10698705
6439,257.56,0.7,-1.2684501,-0.35533693,-1.0154316,-0.10642482
6440,257.6,0.7,-1.3062994,-0.39257196,-1.0148548,-0.105857275
6441,257.64,0.7,-1.0936627,-0.18338624,-1.014272,-0.105284
6442,257.68,0.7,-0.65519613,0.2479643,-1.0136831,-0.10470458
6443,257.72,0.7,0.16566026,1.0554986,-1.0130874,-0.10411863
6444,257.76,0.7,-1.5823784,-0.66417027,-1.0124848,-0.10352573
6445,257.8,0.7,-1.7768279,-0.855464,-1.0118747,-0.102925494
6446,257.84,0.7,-0.9744001,-0.06605917,-1.0112566,-0.102317534
6447,257.88,0.7,-1.1177276,-0.20706058,-1.0106304,-0.10170145
6448,257.92,0.7,-1.3004091,-0.3867772,-1.0099955,-0.101076886
6449,257.96,0.7,-0.27111065,0.6258162,-1.0093516,-0.100443445
6450,258.0,0.7,-0.63023454,0.27252075,-1.0086983,-0.09980078
6451,258.04,0.7,-0.73084235,0.17354578,-1.0080353,-0.099148534
6452,258.08,0.7,-0.72427154,0.18000993,-1.0073622,-0.09848634
6453,258.12,0.7,-1.5826992,-0.6644859,-1.0066787,-0.097813874
6454,258.16,0.7,-1.4343351,-0.5185297,-1.0059843,-0.09713079
6455,258.2,0.7,-1.1033173,-0.19288407,-1.0052788,-0.09643678
6456,258.24,0.7,-0.57982194,0.32211518,-1.004562,-0.09573153
6457,258.28,0.7,-1.6262174,-0.70729774,-1.0038334,-0.095014736
6458,258.32,0.7,-0.85609615,0.05032476,-1.0030928,-0.09428612
6459,258.36,0.7,-1.0108854,-0.10195229,-1.0023398,-0.093545415
6460,258.4,0.7,-0.69942814,0.20445013,-1.0015743,-0.092792355
6461,258.44,0.7,-1.2933953,-0.3798772,-1.0007961,-0.0920267
6462,258.48,0.7,-1.5171167,-0.5999677,-1.0000048,-0.09124823
6463,258.52,0.7,-0.8235426,0.08234999,-0.99920017,-0.090456724
6464,258.56,0.7,-0.5362215,0.36500803,-0.99838215,-0.08965199
6465,258.6,0.7,-0.6293332,0.27340746,-0.9975505,-0.08883384
6466,258.64,0.7,-1.3517789,-0.43731326,-0.99670506,-0.08800211
6467,258.68,0.7,-0.7562736,0.14852723,-0.9958456,-0.08715666
6468,258.72,0.7,-0.3862821,0.512514,-0.99497217,-0.08629735
6469,258.76,0.7,-0.75790614,0.14692122,-0.9940845,-0.08542406
6470,258.8,0.7,-1.3585126,-0.44393775,-0.9931825,-0.0845367
6471,258.84,0.7,-1.49188,-0.5751407,-0.99226606,-0.083635196
6472,258.88,0.7,-1.1748177,-0.26322407,-0.9913353,-0.08271949
6473,258.92,0.7,-0.27878714,0.6182644,-0.99039,-0.08178954
6474,258.96,0.7,-1.1536369,-0.24238709,-0.9894302,-0.08084535
6475,259.0,0.7,-0.6272752,0.27543205,-0.98845595,-0.07988691
6476,259.04,0.7,-1.4456383,-0.5296494,-0.9874673,-0.078914285
6477,259.08,0.7,-0.6702512,0.23315355,-0.98646426,-0.077927515
6478,259.12,0.7,-2.0677524,-1.1416669,-0.98544693,-0.0769267
6479,259.16,0.7,-1.0524582,-0.1428504,-0.9844154,-0.075911954
6480,259.2,0.7,-1.369428,-0.454676,-0.98336995,-0.074883424
6481,259.24,0.7,-1.0617009,-0.15194316,-0.9823106,-0.07384129
6482,259.28,0.7,-1.1795458,-0.2678754,-0.98123765,-0.07278576
6483,259.32,0.7,-0.5354345,0.36578223,-0.98015136,-0.07171705
6484,259.36,0.7,-0.92448413,-0.01695332,-0.9790519,-0.07063545
6485,259.4,0.7,-1.2793322,-0.36604235,-0.9779396,-0.06954124
6486,259.44,0.7,-0.7064581,0.19753426,-0.97681487,-0.06843474
6487,259.48,0.7,-1.4879785,-0.5713024,-0.97567797,-0.0673163
6488,259.52,0.7,-1.1716356,-0.26009366,-0.9745293,-0.06618631
6489,259.56,0.7,-1.2297136,-0.31722903,-0.97336936,-0.06504516
6490,259.6,0.7,-0.8138523,0.091882996,-0.9721985,-0.063893296
6491,259.64,0.7,-1.5418115,-0.62426174,-0.97101724,-0.062731184
6492,259.68,0.7,-0.89849585,0.008613192,-0.969826,-0.061559305
6493,259.72,0.7,-1.0183451,-0.10929099,-0.96862537,-0.06037817
6494,259.76,0.7,-0.73580575,0.16866294,-0.9674159,-0.059188325
6495,259.8,0.7,-0.70553756,0.19843987,-0.96619815,-0.05799033
6496,259.84,0.7,-0.5914228,0.31070262,-0.9649727,-0.056784764
6497,259.88,0.7,-0.1920256,0.7036178,-0.96374017,-0.055572234
6498,259.92,0.7,-1.261116,-0.34812185,-0.96250117,-0.054353364
6499,259.96,0.7,-1.3502156,-0.4357753,-0.9612564,-0.053128794
6500,260.0,0.7,-1.1950729,-0.28315055,-0.96000654,-0.05189919
6501,260.04,0.7,-0.2524417,0.6441822,-0.9587522,-0.050665237
6502,260.08,0.7,-0.5837219,0.31827855,-0.9574942,-0.049427636
6503,260.12,0.7,-2.153627,-1.2261478,-0.9562332,-0.048187103
6504,260.16,0.7,-1.6999013,-0.7797859,-0.95496994,-0.04694438
6505,260.2,0.7,-2.463892,-1.5313773,-0.9537053,-0.045700226
6506,260.24,0.7,-0.17393869,0.72141117,-0.95243996,-0.044455413
6507,260.28,0.7,-0.5016628,0.39900583,-0.95117474,-0.043210734
6508,260.32,0.7,-1.0760161,-0.16602597,-0.94991046,-0.041966997
6509,260.36,0.7,-0.18099296,0.71447134,-0.948648,-0.040725015
6510,260.4,0.7,-1.0632027,-0.1534206,-0.9473882,-0.03948562
6511,260.44,0.7,-1.3544875,-0.43997797,-0.94613177,-0.038249645
6512,260.48,0.7,-1.4783996,-0.56187904,-0.9448798,-0.037017938
6513,260.52,0.7,-2.0018902,-1.0768737,-0.94363296,-0.03579134
6514,260.56,0.7,-0.92036664,-0.012902647,-0.9423922,-0.034570716
6515,260.6,0.7,-0.6367245,0.26613614,-0.94115835,-0.033356916
6516,260.64,0.7,-0.20981246,0.6861196,-0.93993235,-0.03215079
6517,260.68,0.7,-0.5916528,0.31047633,-0.938715,-0.030953195
6518,260.72,0.7,-0.5161897,0.38471472,-0.93750715,-0.029764973
6519,260.76,0.7,-0.5221629,0.37883845,-0.9363097,-0.02858696
6520,260.8,0.7,-1.3645418,-0.44986904,-0.93512344,-0.02741998
6521,260.84,0.7,-1.3304466,-0.4163272,-0.9339493,-0.02626485
6522,260.88,0.7,-1.6641977,-0.7446617,-0.93278795,-0.02512237
6523,260.92,0.7,-0.47816914,0.4221182,-0.93164027,-0.023993326
6524,260.96,0.7,-0.5883801,0.3136959,-0.93050706,-0.02287849
6525,261.0,0.7,-0.5431853,0.35815725,-0.92938906,-0.02177861
6526,261.04,0.7,-0.9921769,-0.08354746,-0.92828697,-0.02069442
6527,261.08,0.7,-1.4414313,-0.52551067,-0.92720157,-0.01962663
6528,261.12,0.7,0.056117296,0.9477334,-0.9261335,-0.018575925
6529,261.16,0.7,-0.7190075,0.18518856,-0.9250835,-0.017542966
6530,261.2,0.7,-0.91679335,-0.009387344,-0.9240522,-0.016528387
6531,261.24,0.7,-0.6501905,0.2528887,-0.92304015,-0.015532795
6532,261.28,0.7,-0.69823706,0.2056219,-0.92204803,-0.014556769
6533,261.32,0.7,-1.029406,-0.12017231,-0.92107636,-0.013600859
6534,261.36,0.7,-1.1223085,-0.21156709,-0.92012566,-0.012665584
6535,261.4,0.7,-1.2863886,-0.3729843,-0.9191964,-0.011751434
6536,261.44,0.7,-0.27655977,0.62045556,-0.9182891,-0.010858866
6537,261.48,0.7,-0.44706935,0.4527133,-0.91740423,-0.009988312
6538,261.52,0.7,-2.3934884,-1.4621164,-0.9165421,-0.009140164
6539,261.56,0.7,-0.86771995,0.038889624,-0.9157031,-0.008314788
6540,261.6,0.7,-1.0060791,-0.09722401,-0.9148876,-0.0075125173
6541,261.64,0.7,-1.3324574,-0.4183054,-0.9140959,-0.0067336466
6542,261.68,0.7,-0.0610736,0.8324445,-0.91332823,-0.005978441
6543,261.72,0.7,-0.68740094,0.21628216,-0.91258484,-0.0052471273
6544,261.76,0.7,-0.7998749,0.10563358,-0.91186595,-0.004539895
6545,261.8,0.7,-0.74981356,0.15488246,-0.9111717,-0.0038568964
6546,261.84,0.7,0.03921795,0.93110836,-0.91050214,-0.0031982437
6547,261.88,0.7,-1.3448274,-0.43047464,-0.90985745,-0.0025640097
6548,261.92,0.7,-0.4903068,0.41017753,-0.9092376,-0.0019542282
6549,261.96,0.7,-1.1439145,-0.23282239,-0.9086426,-0.0013688919
6550,262.0,0.8,-1.1389505,-0.22793898,-0.9080724,-0.0008079551
6551,262.04,0.8,-0.80469674,0.10088999,-0.90752697,-0.0002713322
6552,262.08,0.8,0.5294752,1.413409,-0.9070061,0.00024110136
6553,262.12,0.8,-0.3876531,0.5111652,-0.9065096,0.0007295088
6554,262.16,0.8,-1.4874231,-0.570756,-0.90603733,0.0011940915
6555,262.2,0.8,-1.0530969,-0.14347875,-0.90558904,0.0016350881
6556,262.24,0.8,-0.5142113,0.386661,-0.9051645,0.0020527726
6557,262.28,0.8,-0.68501544,0.21862891,-0.9047633,0.0024474533
6558,262.32,0.8,-1.3195045,-0.4055627,-0.90438515,0.0028194706
6559,262.36,0.8,0.114819765,1.0054832,-0.90402967,0.0031691964
6560,262.4,0.8,-0.9542123,-0.046199016,-0.9036964,0.0034970315
6561,262.44,0.8,-0.75742745,0.14739212,-0.903385,0.0038034045
6562,262.48,0.8,-0.85651034,0.049917288,-0.9030949,0.0040887687
6563,262.52,0.8,-3.0816507,-2.1391103,-0.9028257,0.0043536006
6564,262.56,0.8,-1.2494164,-0.33661205,-0.90257686,0.0045983973
6565,262.6,0.8,-0.31643564,0.5812269,-0.90234786,0.0048236754
6566,262.64,0.8,-0.14357537,0.75128174,-0.9021382,0.005029968
6567,262.68,0.8,-0.11531258,0.7790858,-0.9019472,0.005217826
6568,262.72,0.8,-0.13944608,0.755344,-0.9017744,0.005387816
6569,262.76,0.8,-0.6126432,0.28982663,-0.9016192,0.0055405195
6570,262.8,0.8,-2.0960536,-1.1695088,-0.901481,0.0056765303
6571,262.84,0.8,-0.64607346,0.2569389,-0.9013591,0.005796452
6572,262.88,0.8,-0.19406468,0.7016118,-0.90125287,0.005900895
6573,262.92,0.8,-0.40306145,0.49600697,-0.90116185,0.0059904754
6574,262.96,0.8,-1.1403062,-0.22927272,-0.90108526,0.00606581
6575,263.0,0.8,-1.8896418,-0.96644694,-0.90102255,0.0061275167
6576,263.04,0.8,-0.8819405,0.024899878,-0.900973,0.0061762077
6577,263.08,0.8,-1.2497602,-0.33695027,-0.9009362,0.0062124897
6578,263.12,0.8,-2.0258098,-1.100405,-0.9009113,0.00623696
6579,263.16,0.8,-0.21290416,0.68307805,-0.9008978,0.0062502045
6580,263.2,0.8,-0.8526913,0.053674363,-0.9008952,0.0062527955
6581,263.24,0.8,-1.085224,-0.17508449,-0.9009028,0.006245291
6582,263.28,0.8,-1.7286117,-0.8080303,-0.90092015,0.0062282323
6583,263.32,0.8,-1.4295728,-0.51384467,-0.9009467,0.0062021445
6584,263.36,0.8,-0.63880545,0.26408896,-0.90098184,0.006167533
6585,263.4,0.8,0.05712974,0.9487294,-0.90102524,0.0061248834
6586,263.44,0.6,-0.0970968,0.79700595,-0.90107626,0.006074663
6587,263.48,0.2,-2.241352,-1.3124491,-0.90113455,0.006017316
6588,263.52,0.0,-1.5594766,-0.6416402,-0.90119964,0.0059532668
6589,263.56,0.0,-0.09391546,0.8001357,-0.90127116,0.005882916
6590,263.6,0.0,-1.1207991,-0.21008216,-0.9013487,0.0058066403
6591,263.64,0.0,-1.2171944,-0.30491307,-0.9014319,0.005724791
6592,263.68,0.0,-1.0749526,-0.16497976,-0.90152043,0.005637695
6593,263.72,0.0,-1.8507669,-0.928203,-0.901614,0.0055456534
6594,263.76,0.0,-1.1036332,-0.19319484,-0.9017123,0.00544894
6595,263.8,0.0,-1.4997737,-0.5829063,-0.9018151,0.005347803
6596,263.84,0.0,-0.8141115,0.09162804,-0.90192217,0.005242464
6597,263.88,0.0,-1.6116254,-0.6929427,-0.9020333,0.0051331213
6598,263.92,0.0,-1.7787948,-0.8573989,-0.90214837,0.0050199474
6599,263.96,0.0,-0.734059,0.17038134,-0.90226716,0.004903094
6600,264.0,0.0,-0.48562038,0.41478795,-0.9023895,0.0047826916
6601,264.04,0.0,-0.73770887,0.1667907,-0.9025154,0.004658854
6602,264.08,0.0,-1.2638836,-0.3508445,-0.9026447,0.0045316797
6603,264.12,0.0,-0.06542289,0.82816577,-0.90277725,0.004401253
6604,264.16,0.0,-0.4958256,0.40474832,-0.9029131,0.004267649
6605,264.2,0.0,-1.3737162,-0.45889458,-0.90305203,0.004130933
6606,264.24,0.0,-0.45505452,0.44485772,-0.9031941,0.0039911647
6607,264.28,0.0,-0.48037022,0.41995287,-0.90333927,0.0038483976
6608,264.32,0.0,-0.070981264,0.8226977,-0.9034874,0.003702682
6609,264.36,0.0,-1.2990206,-0.3854113,-0.9036384,0.0035540652
6610,264.4,0.0,-0.7444264,0.16018215,-0.9037924,0.0034025928
6611,264.44,0.0,-0.7865078,0.11878375,-0.90394926,0.0032483095
6612,264.48,0.0,-1.138652,-0.22764531,-0.9041089,0.003091259
6613,264.52,0.0,-0.0233562,0.86954975,-0.9042713,0.002931484
6614,264.56,0.0,-0.9724111,-0.06410245,-0.9044364,0.002769028
6615,264.6,0.0,-0.9191818,-0.011737056,-0.90460426,0.0026039337
6616,264.64,0.0,-1.7732495,-0.8519437,-0.9047747,0.0024362435
6617,264.68,0.0,-0.053629816,0.83976746,-0.90494776,0.0022659996
6618,264.72,0.0,-0.7179183,0.18626007,-0.90512335,0.0020932436
6619,264.76,0.0,-0.26861966,0.6282669,-0.90530145,0.0019180168
6620,264.8,0.0,-1.6888822,-0.76894563,-0.90548205,0.0017403596
6621,264.84,0.0,-1.5255214,-0.6082361,-0.9056651,0.0015603106
6622,264.88,0.0,-0.58378315,0.31821826,-0.90585047,0.0013779075
6623,264.92,0.1,-0.28036994,0.61670727,-0.9060383,0.001193185
6624,264.96,0.2,0.49481893,1.3793151,-0.90622836,0.0010061761
6625,265.0,0.2,-1.2579386,-0.344996,-0.90642077,0.0008169109
6626,265.04,0.2,-0.7185689,0.18562001,-0.9066154,0.0006254157
6627,265.08,0.2,-1.4578623,-0.541675,-0.9068123,0.00043171222
6628,265.12,0.2,-0.52781194,0.3732811,-0.90701145,0.00023581558
6629,265.16,0.2,-1.7958202,-0.8741481,-0.9072128,3.7732778e-05
6630,265.2,0.2,-1.3897771,-0.47469476,-0.90741634,-0.00016253875
6631,265.24,0.2,-0.6857269,0.21792904,-0.90762216,-0.00036501238
6632,265.28,0.2,-1.1856191,-0.2738502,-0.90783024,-0.0005697133
6633,265.32,0.1,-1.01501,-0.10600999,-0.90804064,-0.0007766791
6634,265.36,0.1,-1.6935441,-0.77353185,-0.9082534,-0.0009859601
6635,265.4,0.0,-0.718627,0.18556288,-0.90846854,-0.0011976198
6636,265.44,0.0,-1.1095128,-0.19897908,-0.90868616,-0.001411735
6637,265.48,0.0,-1.5024848,-0.5855733,-0.9089064,-0.0016283949
6638,265.52,0.0,-1.5308273,-0.61345583,-0.9091293,-0.0018477016
6639,265.56,0.0,-1.7159386,-0.79556286,-0.90935504,-0.0020697687
6640,265.6,0.0,-1.2040942,-0.29202542,-0.9095837,-0.00229472
6641,265.64,0.0,-0.65282893,0.25029305,-0.90981543,-0.0025226881
6642,265.68,0.0,-0.7173555,0.18681374,-0.9100504,-0.0027538124
6643,265.72,0.0,-0.44100535,0.45867884,-0.9102887,-0.002988236
6644,265.76,0.0,-0.82425106,0.08165302,-0.91053045,-0.0032261037
6645,265.8,0.0,-0.41297162,0.4862576,-0.9107759,-0.0034675603
6646,265.84,0.0,-1.2580824,-0.34513745,-0.9110251,-0.0037127468
6647,265.88,0.0,-1.5808787,-0.662695,-0.9112783,-0.003961801
6648,265.92,0.0,-0.13683993,0.7579078,-0.9115355,-0.0042148544
6649,265.96,0.0,-1.4645431,-0.5482474,-0.9117969,-0.00447203
6650,266.0,0.0,-1.1632878,-0.25188127,-0.91206264,-0.004733442
6651,266.04,0.0,-0.8207929,0.085055046,-0.91233283,-0.004999193
6652,266.08,0.0,-0.9583121,-0.05023227,-0.91260743,-0.005269372
6653,266.12,0.0,-0.23961353,0.6568022,-0.9128867,-0.0055440515
6654,266.16,0.0,-0.66571546,0.23761567,-0.9131705,-0.0058232876
6655,266.2,0.0,-0.17273945,0.7225909,-0.913459,-0.0061071147
6656,266.24,0.0,-0.40094042,0.49809355,-0.9137522,-0.006395547
6657,266.28,0.0,-0.9451677,-0.037301227,-0.91405004,-0.006688576
6658,266.32,0.0,-1.1661388,-0.25468603,-0.91435254,-0.006986168
6659,266.36,0.0,-1.2479097,-0.33512983,-0.9146596,-0.007288267
6660,266.4,0.0,-0.2721678,0.6247763,-0.91497123,-0.007594791
6661,266.44,0.0,-0.330198,0.56768787,-0.9152872,-0.007905633
6662,266.48,0.0,-0.76558024,0.13937166,-0.9156074,-0.008220662
6663,266.52,0.0,-0.75641674,0.14838642,-0.91593176,-0.008539721
6664,266.56,0.0,-1.3696012,-0.4548464,-0.91626,-0.008862627
6665,266.6,0.0,-0.44818938,0.4516114,-0.9165919,-0.009189171
6666,266.64,0.0,-1.1184855,-0.2078061,-0.9169273,-0.009519122
6667,266.68,0.0,-0.3012483,0.5961677,-0.9172659,-0.009852223
6668,266.72,0.0,-1.264693,-0.3516408,-0.9176074,-0.010188195
6669,266.76,0.0,-0.1651026,0.73010385,-0.9179515,-0.010526736
6670,266.8,0.0,-1.6098127,-0.69115937,-0.91829795,-0.010867522
6671,266.84,0.0,-1.0866252,-0.17646293,-0.9186463,-0.011210207
6672,266.88,0.0,-0.5925677,0.3095763,-0.91899616,-0.011554426
6673,266.92,0.0,-0.54397166,0.35738364,-0.9193472,-0.0118997935
6674,266.96,0.0,-0.73401403,0.17042556,-0.9196991,-0.012245909
6675,267.0,0.0,-0.38992321,0.508932,-0.9200512,-0.012592354
6676,267.04,0.0,-0.43382734,0.46574038,-0.9204033,-0.01293869
6677,267.08,0.0,-1.6066806,-0.6880781,-0.9207548,-0.01328447
6678,267.12,0.0,-1.7785013,-0.8571102,-0.9211052,-0.013629232
6679,267.16,0.0,-2.380304,-1.449146,-0.92145413,-0.013972501
6680,267.2,0.0,-0.8907487,0.016234629,-0.9218011,-0.014313798
6681,267.24,0.0,-1.371903,-0.45711073,-0.9221455,-0.014652633
6682,267.28,0.0,-0.56261474,0.33904314,-0.9224869,-0.014988508
6683,267.32,0.0,-0.016305864,0.87648576,-0.9228248,-0.015320917
6684,267.36,0.0,-2.0212588,-1.095928,-0.92315865,-0.015649345
6685,267.4,0.0,-0.13811564,0.75665283,-0.9234879,-0.015973268
6686,267.44,-0.1,-0.12016696,0.77431023,-0.9238121,-0.016292155
6687,267.48,-0.2,0.1894337,1.0788863,-0.92413056,-0.01660546
6688,267.52,-0.2,-1.6104239,-0.6917606,-0.92444277,-0.016912634
6689,267.56,-0.3,-1.1551094,-0.24383566,-0.92474824,-0.017213117
6690,267.6,-0.3,-1.420143,-0.5045679,-0.92504627,-0.017506342
6691,267.64,-0.4,-1.2435215,-0.3308128,-0.9253364,-0.017791735
6692,267.68,-0.4,0.014885187,0.90717053,-0.92561793,-0.018068723
6693,267.72,-0.4,0.56498814,1.4483455,-0.9258904,-0.01833672
6694,267.76,-0.4,-0.3889323,0.5099068,-0.92615306,-0.018595146
6695,267.8,-0.4,-1.6331851,-0.71415246,-0.92640543,-0.018843414
6696,267.84,-0.3,-1.0239736,-0.1148281,-0.9266469,-0.019080937
6697,267.88,-0.3,-0.44713068,0.45265293,-0.9268768,-0.019307133
6698,267.92,-0.2,-1.030459,-0.12120831,-0.92709464,-0.019521426
6699,267.96,0.0,-1.0911825,-0.18094623,-0.9272998,-0.01972325
6700,268.0,0.0,-0.23187298,0.6644171,-0.92749166,-0.019912044
6701,268.04,0.0,-1.0526644,-0.14305328,-0.92766976,-0.020087263
6702,268.08,0.0,-1.2077541,-0.29562598,-0.92783356,-0.020248381
6703,268.12,0.0,0.26575732,1.1539711,-0.9279825,-0.02039489
6704,268.16,0.0,-1.5604079,-0.6425563,-0.9281161,-0.020526301
6705,268.2,0.0,-1.6520516,-0.7327127,-0.92823386,-0.020642154
6706,268.24,0.0,-0.38649887,0.5123007,-0.92833537,-0.020742016
6707,268.28,0.0,-1.1371483,-0.22616601,-0.9284202,-0.020825487
6708,268.32,0.0,-1.9456646,-1.0215605,-0.928488,-0.020892201
6709,268.36,0.0,-1.9361374,-1.0121881,-0.92853844,-0.020941831
6710,268.4,0.0,-0.99737424,-0.08866045,-0.9285712,-0.020974092
6711,268.44,0.0,-1.680644,-0.7608411,-0.9285861,-0.020988736
6712,268.48,0.0,-2.3742514,-1.4431915,-0.9285829,-0.020985564
6713,268.52,0.0,-1.8059164,-0.8840804,-0.9285614,-0.020964421
6714,268.56,0.0,-1.5545771,-0.6368202,-0.9285215,-0.020925194
6715,268.6,0.0,-1.4507688,-0.5346967,-0.9284632,-0.020867817
6716,268.64,-0.1,-0.4927323,0.40779144,-0.9283864,-0.020792263
6717,268.68,-0.2,-0.7421552,0.16241652,-0.92829114,-0.020698546
6718,268.72,-0.2,0.06913304,0.960538,-0.9281775,-0.020586716
6719,268.76,-0.2,-0.6409427,0.2619864,-0.9280455,-0.02045686
6720,268.8,-0.3,-1.403825,-0.48851475,-0.9278953,-0.020309094
6721,268.84,-0.3,-0.78536874,0.1199043,-0.92772704,-0.020143569
6722,268.88,-0.3,-0.971857,-0.06355736,-0.9275409,-0.01996046
6723,268.92,-0.3,-0.8450968,0.06114558,-0.9273371,-0.01975997
6724,268.96,-0.3,-0.4885326,0.41192293,-0.92711586,-0.019542333
6725,269.0,-0.2,-1.1950967,-0.283174,-0.9268775,-0.019307803
6726,269.04,-0.2,-0.7122792,0.19180766,-0.92662215,-0.019056657
6727,269.08,-0.2,-1.8588698,-0.9361744,-0.9263503,-0.018789198
6728,269.12,-0.2,-1.1662251,-0.25477093,-0.92606217,-0.018505745
6729,269.16,-0.2,-0.84364104,0.06257773,-0.9257581,-0.018206635
6730,269.2,-0.2,-1.7843323,-0.86284655,-0.9254385,-0.017892228
6731,269.24,-0.2,0.096931696,0.9878855,-0.9251038,-0.017562894
6732,269.28,-0.2,-0.9651442,-0.05695351,-0.9247542,-0.017219018
6733,269.32,-0.1,-0.447253,0.4525326,-0.9243903,-0.016860995
6734,269.36,-0.1,0.05265081,0.9443233,-0.9240124,-0.01648923
6735,269.4,-0.1,-0.72849846,0.17585161,-0.92362094,-0.016104128
6736,269.44,-0.1,-0.8233379,0.08255135,-0.92321634,-0.015706107
6737,269.48,-0.1,-1.0684943,-0.15862629,-0.92279905,-0.015295585
6738,269.52,-0.1,-0.2941267,0.60317373,-0.9223695,-0.01487298
6739,269.56,-0.1,-0.59306544,0.30908665,-0.92192805,-0.014438721
6740,269.6,-0.1,-1.8087624,-0.8868802,-0.92147523,-0.013993233
6741,269.64,-0.1,-0.7308688,0.17351973,-0.9210114,-0.013536946
6742,269.68,-0.1,-1.4532666,-0.5371539,-0.92053705,-0.013070292
6743,269.72,-0.1,-0.35297137,0.5452841,-0.9200526,-0.012593706
6744,269.76,-0.1,-0.7290075,0.17535084,-0.9195585,-0.012107624
6745,269.8,-0.1,-0.059441686,0.83404994,-0.9190552,-0.011612483
6746,269.84,-0.1,-0.8328664,0.07317754,-0.9185431,-0.011108724
6747,269.88,-0.1,-1.4010451,-0.4857799,-0.91802275,-0.010596788
6748,269.92,-0.1,-1.3841105,-0.46912012,-0.9174945,-0.010077115
6749,269.96,-0.1,-0.76412207,0.14080617,-0.91695887,-0.009550151
6750,270.0,-0.1,-0.61071956,0.29171902,-0.9164162,-0.009016345
6751,270.04,-0.1,-0.7410438,0.16350988,-0.9158671,-0.008476146
6752,270.08,-0.1,-1.1836231,-0.27188656,-0.915312,-0.007930007
6753,270.12,-0.1,-1.509271,-0.5922494,-0.91475123,-0.007378385
6754,270.16,-0.1,-1.027907,-0.118697695,-0.9141854,-0.006821742
6755,270.2,-0.1,-1.5954943,-0.6770733,-0.913615,-0.0062605413
6756,270.24,-0.1,-0.507029,0.39372677,-0.91304034,-0.0056952517
6757,270.28,-0.1,-0.7233248,0.18094134,-0.91246206,-0.005126344
6758,270.32,-0.1,-1.455531,-0.53938156,-0.91188055,-0.0045542927
6759,270.36,-0.1,-0.6925472,0.2112194,-0.91129637,-0.0039795726
6760,270.4,-0.1,-0.23729259,0.65908545,-0.9107099,-0.0034026606
6761,270.44,-0.1,-1.4948164,-0.5780294,-0.91012174,-0.0028240343
6762,270.48,-0.1,-0.48562706,0.41478133,-0.9095323,-0.0022441708
6763,270.52,-0.1,-0.66516054,0.2381616,-0.9089421,-0.0016635457
6764,270.56,-0.1,-0.9510425,-0.043080628,-0.90835166,-0.0010826344
6765,270.6,-0.1,-1.309207,-0.39543226,-0.90776134,-0.0005019106
6766,270.64,-0.1,-0.13905323,0.75573045,-0.90717167,7.8154066e-05
6767,270.68,-0.1,-1.2289629,-0.31649053,-0.9065832,0.0006570895
6768,270.72,-0.1,-0.12824577,0.7663625,-0.9059963,0.0012344278
6769,270.76,-0.1,-0.8547927,0.05160705,-0.9054116,0.0018097028
6770,270.8,-0.2,-0.90758705,-0.00033046305,-0.9048294,0.0023824505
6771,270.84,-0.2,-1.3803871,-0.46545717,-0.9042502,0.002952208
6772,270.88,-0.2,-1.0263462,-0.11716222,-0.9036746,0.003518513
6773,270.92,-0.2,-1.0316216,-0.122351974,-0.90310293,0.0040809037
6774,270.96,-0.2,-0.76960623,0.135411,-0.9025357,0.0046389177
6775,271.0,-0.2,-0.6737687,0.22969314,-0.90197337,0.005192093
6776,271.04,-0.2,-0.45444697,0.44545537,-0.9014165,0.005739967
6777,271.08,-0.2,-1.0218388,-0.112727955,-0.90086544,0.006282075
6778,271.12,-0.2,-1.3766133,-0.4617446,-0.9003207,0.0068179523
6779,271.16,-0.2,-1.4443191,-0.52835166,-0.8997828,0.007347133
6780,271.2,-0.2,-0.8335479,0.072507076,-0.8992522,0.007869147
6781,271.24,-0.2,-0.5335971,0.36758983,-0.8987293,0.008383525
6782,271.28,-0.2,-1.6018809,-0.6833563,-0.8982147,0.008889791
6783,271.32,-0.2,-0.7830391,0.12219613,-0.8977088,0.009387471
6784,271.36,-0.2,-1.4627423,-0.5464758,-0.89721215,0.009876086
6785,271.4,-0.2,-1.4954379,-0.57864076,-0.8967252,0.010355158
6786,271.44,-0.2,-1.4402854,-0.5243834,-0.89624834,0.010824205
6787,271.48,-0.2,-0.63702166,0.26584378,-0.89578223,0.011282748
6788,271.52,-0.2,-0.7207401,0.18348408,-0.8953273,0.011730306
6789,271.56,-0.2,-0.45814514,0.44181722,-0.89488405,0.012166405
6790,271.6,-0.2,-0.8874706,0.019459508,-0.89445287,0.012590574
6791,271.64,-0.2,-1.2963684,-0.38280204,-0.89403427,0.013002347
6792,271.68,-0.2,-0.92651737,-0.018953554,-0.8936288,0.013401271
6793,271.72,-0.2,-0.5577376,0.34384114,-0.8932368,0.013786895
6794,271.76,-0.2,-0.89011717,0.016855888,-0.89285874,0.014158785
6795,271.8,-0.2,-0.605025,0.29732117,-0.89249516,0.0145165175
6796,271.84,-0.2,-0.18154496,0.7139283,-0.8921463,0.014859681
6797,271.88,-0.2,-1.1610253,-0.24965551,-0.8918127,0.01518788
6798,271.92,-0.2,-0.85861653,0.04784528,-0.8914947,0.015500735
6799,271.96,-0.2,-0.2527246,0.6439039,-0.8911926,0.015797881
6800,272.0,-0.2,-1.0897102,-0.17949788,-0.89090693,0.016078975
6801,272.04,-0.2,-0.96207774,-0.053936794,-0.8906378,0.016343685
6802,272.08,-0.2,-1.6199644,-0.70114625,-0.89038575,0.016591702
6803,272.12,-0.2,-1.2522058,-0.33935627,-0.8901509,0.016822731
6804,272.16,-0.2,-0.47061867,0.42954612,-0.8899336,0.017036498
6805,272.2,-0.2,-0.7053448,0.19862953,-0.8897341,0.017232748
6806,272.24,-0.2,-0.70377576,0.20017305,-0.88955265,0.017411245
6807,272.28,-0.2,-1.3250377,-0.41100612,-0.88938946,0.017571773
6808,272.32,-0.2,-0.7665015,0.13846534,-0.88924474,0.017714143
6809,272.36,-0.2,-0.3491841,0.5490099,-0.8891187,0.017838182
6810,272.4,-0.2,-0.98171276,-0.073253155,-0.8890114,0.017943744
6811,272.44,-0.2,-1.239352,-0.32671103,-0.888923,0.018030707
6812,272.48,-0.2,-0.8782855,0.028495498,-0.8888536,0.018098973
6813,272.52,-0.2,-0.7665176,0.13844952,-0.88880324,0.018148467
6814,272.56,-0.2,-0.6583019,0.24490893,-0.8887721,0.018179143
6815,272.6,-0.2,-0.7928636,0.11253107,-0.88876003,0.018190978
6816,272.64,-0.3,-0.4166252,0.48266333,-0.8887672,0.01818398
6817,272.68,-0.3,-0.6937484,0.21003771,-0.8887934,0.018158183
6818,272.72,-0.3,-0.29650104,0.60083795,-0.88883865,0.018113643
6819,272.76,-0.3,-0.11561978,0.77878356,-0.8889029,0.01805045
6820,272.8,-0.3,-1.3413293,-0.42703333,-0.888986,0.01796872
6821,272.84,-0.3,-1.012966,-0.103999205,-0.88908774,0.017868591
6822,272.88,-0.3,-1.0091428,-0.10023797,-0.8892081,0.01775023
6823,272.92,-0.4,-0.41502148,0.484241,-0.8893467,0.017613823
6824,272.96,-0.4,-1.3480022,-0.4335979,-0.88950354,0.017459584
6825,273.0,-0.4,-1.7174308,-0.79703087,-0.8896782,0.017287746
6826,273.04,-0.4,-0.44650608,0.4532674,-0.8898705,0.017098559
6827,273.08,-0.4,-0.81598526,0.089784674,-0.89008015,0.016892299
6828,273.12,-0.4,-1.3289549,-0.41485977,-0.8903069,0.016669255
6829,273.16,-0.4,-0.6296788,0.2730675,-0.8905504,0.016429735
6830,273.2,-0.4,-0.5580776,0.34350666,-0.89081025,0.01617407
6831,273.24,-0.4,-1.1915498,-0.2796846,-0.89108616,0.015902601
6832,273.28,-0.4,-0.9010573,0.0060933083,-0.8913778,0.01561569
6833,273.32,-0.4,-1.3298572,-0.4157474,-0.8916848,0.015313714
6834,273.36,-0.4,-0.651602,0.25150007,-0.89200664,0.014997065
6835,273.4,-0.4,-0.33055252,0.5673391,-0.89234304,0.014666152
6836,273.44,-0.4,-1.0061159,-0.09726025,-0.89269346,0.014321395
6837,273.48,-0.4,-1.7701604,-0.8489047,-0.8930575,0.013963233
6838,273.52,-0.4,-1.7090392,-0.78877544,-0.89343476,0.013592114
6839,273.56,-0.4,-0.2620527,0.6347272,-0.89382476,0.013208502
6840,273.6,-0.4,-1.0035512,-0.09473721,-0.8942269,0.012812872
6841,273.64,-0.4,-1.5612452,-0.6433801,-0.89464074,0.012405717
6842,273.68,-0.4,-0.27967644,0.61738944,-0.89506584,0.011987537
6843,273.72,-0.4,-0.46204782,0.4379779,-0.8955016,0.011558853
6844,273.76,-0.4,-0.7032418,0.20069835,-0.8959475,0.011120196
6845,273.8,-0.4,-1.2192562,-0.30694133,-0.89640296,0.010672117
6846,273.84,-0.4,-1.3887334,-0.47366804,-0.89686745,0.010215177
6847,273.88,-0.4,-0.60044813,0.30182377,-0.89734036,0.009749956
6848,273.92,-0.4,-0.93094176,-0.023306139,-0.89782107,0.00927705
6849,273.96,-0.4,0.08759594,0.97870123,-0.89830893,0.00879707
6850,274.0,-0.4,-0.81577104,0.08999542,-0.8988034,0.008310641
6851,274.04,-0.4,-0.6494912,0.25357664,-0.89930373,0.007818406
6852,274.08,-0.4,-1.2149725,-0.3027272,-0.89980936,0.0073210252
6853,274.12,-0.4,-0.32684427,0.5709871,-0.90031946,0.006819171
6854,274.16,-0.4,-0.12186968,0.7726351,-0.9008334,0.006313532
6855,274.2,-0.4,-0.7407541,0.16379485,-0.90135056,0.0058048097
6856,274.24,-0.4,-1.3832355,-0.46825933,-0.9018701,0.0052937167
6857,274.28,-0.4,-0.5993877,0.30286697,-0.9023913,0.004780978
6858,274.32,-0.4,-1.437236,-0.5213834,-0.9029134,0.0042673247
6859,274.36,-0.4,-1.1401529,-0.22912192,-0.9034357,0.0037534973
6860,274.4,-0.4,-1.5168874,-0.59974223,-0.9039574,0.0032402393
6861,274.44,-0.4,-1.3637619,-0.4491018,-0.90447783,0.0027282997
6862,274.48,-0.4,-0.78943527,0.11590377,-0.9049961,0.0022184288
6863,274.52,-0.4,-0.447712,0.45208108,-0.9055115,0.00171138
6864,274.56,-0.4,-1.0313729,-0.122107334,-0.9060233,0.0012079078
6865,274.6,-0.4,0.0474782,0.9392346,-0.9065307,0.0007087679
6866,274.64,-0.5,-1.5413957,-0.62385267,-0.9070329,0.00021471668
6867,274.68,-0.5,0.12769699,1.0181514,-0.9075291,-0.00027348995
6868,274.72,-0.5,-0.85745746,0.04898555,-0.9080187,-0.00075509725
6869,274.76,-0.5,-0.78290707,0.122326024,-0.9085008,-0.0012293535
6870,274.8,-0.6,-0.997053,-0.088344455,-0.90897465,-0.0016955107
6871,274.84,-0.6,-1.1886088,-0.27679133,-0.9094395,-0.0021528278
6872,274.88,-0.6,-0.4648338,0.43523717,-0.9098946,-0.0026005711
6873,274.92,-0.7,-0.87859255,0.028193466,-0.9103393,-0.0030380173
6874,274.96,-0.7,-1.2262039,-0.31377634,-0.91077274,-0.0034644546
6875,275.0,-0.7,-0.6750028,0.22847906,-0.9111943,-0.0038791855
6876,275.04,-0.8,-0.9677393,-0.059506457,-0.9116033,-0.0042815283
6877,275.08,-0.8,-0.9224864,-0.0149880275,-0.911999,-0.004670819
6878,275.12,-0.8,-1.2660466,-0.35297245,-0.9123808,-0.0050464133
6879,275.16,-0.8,-0.9340812,-0.02639462,-0.91274804,-0.0054076896
6880,275.2,-0.9,-0.93266284,-0.02499929,-0.9131001,-0.0057540485
6881,275.24,-0.9,-1.0936997,-0.1834226,-0.9134364,-0.0060849176
6882,275.28,-0.9,-1.3429837,-0.42866084,-0.9137565,-0.0063997507
6883,275.32,-1.0,-0.9653625,-0.057168238,-0.91405964,-0.0066980305
6884,275.36,-1.0,-1.0293936,-0.12016011,-0.91434556,-0.0069792704
6885,275.4,-1.0,-1.0125413,-0.103581354,-0.91461366,-0.007243014
6886,275.44,-1.0,-0.8193387,0.08648568,-0.9148635,-0.0074888375
6887,275.48,-1.0,-1.3555348,-0.44100824,-0.9150948,-0.0077163503
6888,275.52,-1.0,-0.94381034,-0.035965875,-0.9153071,-0.007925196
6889,275.56,-1.0,-1.8859298,-0.9627952,-0.91550004,-0.008115052
6890,275.6,-1.0,-1.3956512,-0.48047358,-0.91567343,-0.008285632
6891,275.64,-1.0,-1.028644,-0.11942269,-0.915827,-0.0084366845
6892,275.68,-1.0,-1.224022,-0.31162986,-0.9159605,-0.008567993
6893,275.72,-1.0,-0.40008658,0.49893355,-0.9160737,-0.008679375
6894,275.76,-1.0,-1.9037275,-0.9803041,-0.9161665,-0.008770681
6895,275.8,-1.0,-1.5488499,-0.63118595,-0.9162388,-0.008841795
6896,275.84,-1.0,-0.87268126,0.034008823,-0.91629046,-0.00889263
6897,275.88,-1.0,-1.5809869,-0.6628013,-0.91632146,-0.008923129
6898,275.92,-1.0,0.3842448,1.2705357,-0.91633177,-0.008933261
6899,275.96,-1.0,-0.8760029,0.030741073,-0.91632134,-0.008923021
6900,276.0,-1.0,-0.7660131,0.13894585,-0.9162903,-0.008892425
6901,276.04,-1.0,-0.5899832,0.3121188,-0.9162385,-0.008841511
6902,276.08,-1.0,-0.99013513,-0.08153884,-0.9161661,-0.008770332
6903,276.12,-1.0,-1.279196,-0.3659084,-0.91607326,-0.008678961
6904,276.16,-1.0,-1.1982471,-0.28627324,-0.91595995,-0.008567485
6905,276.2,-1.0,-0.66284525,0.2404393,-0.9158263,-0.0084360065
6906,276.24,-1.0,-0.38047725,0.5182246,-0.9156724,-0.00828464
6907,276.28,-1.0,-1.1225388,-0.21179366,-0.9154985,-0.008113508
6908,276.32,-1.0,-0.8867578,0.020160757,-0.9153046,-0.007922746
6909,276.36,-1.0,-1.0326878,-0.123400874,-0.91509086,-0.0077124964
6910,276.4,-1.0,-0.50232697,0.39835244,-0.9148575,-0.0074829063
6911,276.44,-1.0,-0.13066179,0.7639857,-0.9146046,-0.0072341287
6912,276.48,-1.0,-0.7528866,0.15185928,-0.9143324,-0.0069663217
6913,276.52,-1.0,-0.9298919,-0.02227331,-0.914041,-0.006679645
6914,276.56,-1.0,-0.20522839,0.6906293,-0.91373056,-0.0063742604
6915,276.6,-1.0,-1.2392218,-0.32658297,-0.9134013,-0.006050334
6916,276.64,-1.0,-1.395226,-0.48005527,-0.91305333,-0.0057080314
6917,276.68,-1.0,0.21721339,1.106215,-0.9126869,-0.0053475224
6918,276.72,-1.0,-0.46691024,0.4331944,-0.9123021,-0.0049689785
6919,276.76,-1.0,-0.91461545,-0.0072447956,-0.91189915,-0.004572574
6920,276.8,-1.0,-1.1331276,-0.22221059,-0.9114782,-0.004158486
6921,276.84,-1.0,-0.82462025,0.08128982,-0.91103953,-0.003726897
6922,276.88,-1.0,-0.57485306,0.32700342,-0.9105832,-0.0032779942
6923,276.92,-1.0,-1.0795867,-0.16953869,-0.9101095,-0.0028119718
6924,276.96,-1.0,-1.3902662,-0.47517595,-0.9096186,-0.002329031
6925,277.0,-1.0,-1.34323,-0.42890313,-0.9091107,-0.0018293821
6926,277.04,-1.0,-1.0557088,-0.14604825,-0.908586,-0.0013132459
6927,277.08,-1.0,-0.32582748,0.57198745,-0.9080449,-0.0007808529
6928,277.12,-1.0,-0.5300971,0.37103298,-0.9074874,-0.00023244585
6929,277.16,-1.0,-1.4033234,-0.48802125,-0.90691394,0.00033172133
6930,277.2,-1.0,-0.64755756,0.2554789,-0.90632474,0.00091138185
6931,277.24,-1.0,-1.6162515,-0.69749355,-0.90572006,0.0015062557
6932,277.28,-1.0,-0.83155346,0.07446913,-0.90510017,0.0021160487
6933,277.32,-1.0,-1.615356,-0.69661266,-0.9044655,0.0027404518
6934,277.36,-1.0,-1.0995228,-0.18915123,-0.9038162,0.0033791407
6935,277.4,-1.0,-1.2628808,-0.349858,-0.9031528,0.004031776
6936,277.44,-1.0,-0.28832108,0.60888517,-0.90247566,0.004698003
6937,277.48,-1.0,-0.2890166,0.6082009,-0.90178496,0.0053774533
6938,277.52,-1.0,-1.2119099,-0.2997143,-0.90108126,0.0060697426
6939,277.56,-1.0,-1.4507061,-0.534635,-0.9003649,0.006774474
6940,277.6,-1.0,-1.2257764,-0.3133558,-0.8996363,0.007491236
6941,277.64,-1.0,-1.2412199,-0.3285486,-0.8988959,0.008219605
6942,277.68,-1.0,-1.1702757,-0.2587558,-0.8981442,0.008959144
6943,277.72,-1.0,-0.2664473,0.6304039,-0.89738154,0.009709402
6944,277.76,-1.0,-1.454107,-0.53798074,-0.8966085,0.01046992
6945,277.8,-1.0,-1.3930585,-0.47792298,-0.8958255,0.011240225
6946,277.84,-1.0,-0.40893346,0.49023026,-0.895033,0.01201984
6947,277.88,-1.0,-0.9920969,-0.083468765,-0.89423156,0.012808275
6948,277.92,-1.0,-0.63910306,0.26379618,-0.89342165,0.0136050405
6949,277.96,-1.0,-0.66242576,0.240852,-0.89260375,0.014409637
6950,278.0,-1.0,-0.12838453,0.766226,-0.89177847,0.015221564
6951,278.04,-1.0,-0.8564079,0.050018094,-0.8909462,0.01604032
6952,278.08,-1.0,-0.45326006,0.44662303,-0.8901075,0.0168654
6953,278.12,-1.0,-0.6433432,0.25962484,-0.8892629,0.017696302
6954,278.16,-1.0,-0.6561571,0.24701893,-0.8884129,0.01853252
6955,278.2,-1.0,-1.086914,-0.17674696,-0.887558,0.01937355
6956,278.24,-1.0,-0.57154834,0.3302545,-0.8866987,0.020218883
6957,278.28,-1.0,-1.0199369,-0.11085695,-0.8858356,0.021068014
6958,278.32,-1.0,-1.192153,-0.28027803,-0.88496906,0.021920431
6959,278.36,-1.0,-1.3172061,-0.40330166,-0.8840998,0.022775626
6960,278.4,-1.0,-0.57005453,0.33172408,-0.8832282,0.023633081
6961,278.44,-1.0,-0.7636672,0.14125362,-0.8823548,0.02449228
6962,278.48,-1.0,-1.4655519,-0.54923975,-0.88148016,0.0253527
6963,278.52,-1.0,-0.7690992,0.13590983,-0.88060486,0.026213815
6964,278.56,-1.0,-0.96641237,-0.058201075,-0.8797294,0.027075099
6965,278.6,-1.0,-1.1123148,-0.20173562,-0.8788543,0.027936017
6966,278.64,-1.0,-0.9598821,-0.051776774,-0.87798005,0.028796034
6967,278.68,-1.0,-1.4954736,-0.5786759,-0.8771073,0.029654613
6968,278.72,-1.0,-0.20467198,0.69117665,-0.87623656,0.03051121
6969,278.76,-1.0,-0.44245082,0.4572568,-0.8753684,0.03136528
6970,278.8,-1.0,-1.1436044,-0.23251736,-0.8745034,0.032216284
6971,278.84,-1.0,-0.74267125,0.16190884,-0.873642,0.03306367
6972,278.88,-1.0,-0.97628224,-0.06791077,-0.87278485,0.033906892
6973,278.92,-1.0,-1.422734,-0.50711685,-0.8719325,0.034745406
6974,278.96,-1.0,-0.9325599,-0.02489803,-0.8710855,0.03557866
6975,279.0,-1.0,-1.3749968,-0.46015438,-0.87024444,0.036406115
6976,279.04,-1.0,-0.6111423,0.29130316,-0.8694098,0.037227217
6977,279.08,-0.9,-1.298436,-0.38483617,-0.8685821,0.038041428
6978,279.12,-0.9,-0.83588517,0.07020774,-0.867762,0.038848203
6979,279.16,-0.8,-1.0348248,-0.12550326,-0.86695004,0.039647013
6980,279.2,-0.8,-1.3765775,-0.46170944,-0.8661467,0.04043732
6981,279.24,-0.8,-0.33681715,0.5611761,-0.8653525,0.041218605
6982,279.28,-0.8,-0.8593315,0.047141932,-0.86456805,0.041990355
6983,279.32,-0.7,-0.7980453,0.107433505,-0.8637938,0.04275207
6984,279.36,-0.7,-1.2238154,-0.31142664,-0.8630302,0.043503247
6985,279.4,-0.7,-0.6522269,0.2508853,-0.8622778,0.044243425
6986,279.44,-0.7,-0.31715655,0.58051765,-0.8615371,0.044972137
6987,279.48,-0.7,-0.7739813,0.13110697,-0.86080843,0.04568894
6988,279.52,-0.7,-0.69071984,0.2130171,-0.86009234,0.04639341
6989,279.56,-0.7,-1.0214628,-0.11235806,-0.8593892,0.047085144
6990,279.6,-0.7,-1.0897601,-0.17954691,-0.8586994,0.047763765
6991,279.64,-0.7,-1.0100969,-0.10117664,-0.8580233,0.048428908
6992,279.68,-0.7,-0.62287915,0.27975678,-0.8573612,0.04908024
6993,279.72,-0.7,-0.33200502,0.56591016,-0.8567135,0.049717456
6994,279.76,-0.7,-0.8011615,0.10436783,-0.8560804,0.050340265
6995,279.8,-0.7,-0.7554395,0.14934778,-0.8554622,0.050948415
6996,279.84,-0.7,-0.24794418,0.6486067,-0.8548592,0.051541675
6997,279.88,-0.7,-0.95449495,-0.04647708,-0.8542715,0.052119847
6998,279.92,-0.7,-1.4424808,-0.5265432,-0.85369927,0.052682765
6999,279.96,-0.8,-0.73178554,0.17261788,-0.8531427,0.053230282
7000,280.0,-0.8,-1.1640272,-0.25260875,-0.8526019,0.053762294
7001,280.04,-0.8,-1.462775,-0.546508,-0.85207695,0.05427872
7002,280.08,-0.8,-1.0413256,-0.13189848,-0.8515679,0.054779515
7003,280.12,-0.8,0.16832733,1.0581224,-0.85107476,0.055264656
7004,280.16,-0.9,-0.12659574,0.76798576,-0.8505975,0.055734165
7005,280.2,-0.9,-0.35692537,0.5413943,-0.8501361,0.056188095
7006,280.24,-0.9,-1.4887502,-0.57206166,-0.84969044,0.05662653
7007,280.28,-0.9,-1.1039488,-0.19350539,-0.8492604,0.05704959
7008,280.32,-0.9,-0.73979807,0.1647354,-0.8488458,0.05745744
7009,280.36,-0.9,-0.36668086,0.5317971,-0.8484465,0.057850264
7010,280.4,-0.9,-0.47420204,0.42602092,-0.8480622,0.0582283
7011,280.44,-0.9,0.12618256,1.0166616,-0.8476927,0.058591798
7012,280.48,-0.9,-1.3336298,-0.41945878,-0.8473377,0.058941066
7013,280.52,-0.9,-0.26400965,0.63280195,-0.8469968,0.059276436
7014,280.56,-0.9,0.48096406,1.3656851,-0.8466697,0.059598267
7015,280.6,-0.9,-1.2129204,-0.3007084,-0.84635586,0.059906967
7016,280.64,-0.9,-2.0557277,-1.1298374,-0.846055,0.060202956
7017,280.68,-0.9,-1.5108309,-0.593784,-0.8457666,0.060486693
7018,280.72,-0.9,-1.0113419,-0.10240146,-0.84549016,0.060758658
7019,280.76,-0.9,-1.2902774,-0.3768099,-0.84522516,0.06101936
7020,280.8,-0.9,-1.2777932,-0.36452833,-0.84497106,0.061269328
7021,280.84,-0.9,-0.5948119,0.3073685,-0.8447273,0.061509114
7022,280.88,-0.9,-0.08076811,0.8130696,-0.8444933,0.061739292
7023,280.92,-0.9,-0.7644425,0.14049092,-0.8442685,0.061960462
7024,280.96,-0.9,-0.3026932,0.5947463,-0.8440522,0.062173247
7025,281.0,-0.9,-0.8175558,0.08823965,-0.84384376,0.062378284
7026,281.04,-0.9,-1.2309722,-0.3184672,-0.84364253,0.06257624
7027,281.08,-0.9,-0.7630775,0.14183378,-0.84344786,0.0627678
7028,281.12,-0.9,-1.0927835,-0.18252122,-0.8432589,0.062953666
7029,281.16,-0.9,-0.62351036,0.2791358,-0.84307504,0.06313455
7030,281.2,-0.9,0.019249678,0.9114642,-0.8428955,0.0633112
7031,281.24,-0.9,-1.1454644,-0.23434721,-0.84271944,0.06348436
7032,281.28,-0.9,-1.1057343,-0.19526193,-0.8425462,0.0636548
7033,281.32,-0.9,-0.8608738,0.045624636,-0.8423749,0.06382331
7034,281.36,-0.9,-0.33037376,0.56751496,-0.8422048,0.06399067
7035,281.4,-0.9,-0.843359,0.06285521,-0.842035,0.06415769
7036,281.44,-0.9,-1.3280163,-0.41393635,-0.84186476,0.064325176
7037,281.48,-0.9,-0.7151442,0.18898913,-0.8416932,0.06449395
7038,281.52,-0.9,-0.83065826,0.075349815,-0.84151953,0.06466483
7039,281.56,-0.9,-0.592067,0.31006888,-0.8413428,0.06483866
7040,281.6,-0.9,-1.3891172,-0.47404563,-0.84116226,0.06501627
7041,281.64,-0.9,0.27310574,1.1612002,-0.8409771,0.06519848
7042,281.68,-0.9,-0.6250591,0.27761218,-0.84078634,0.06538613
7043,281.72,-0.9,-0.84607494,0.06018334,-0.84058917,0.065580055
7044,281.76,-0.9,-1.0598667,-0.15013866,-0.84038484,0.06578108
7045,281.8,-0.9,-0.41510338,0.48416042,-0.84017247,0.06599002
7046,281.84,-0.9,-2.066753,-1.1406837,-0.83995116,0.066207714
7047,281.88,-0.9,-0.31610137,0.5815557,-0.8397202,0.066434935
7048,281.92,-0.9,-1.0725769,-0.1626426,-0.83947873,0.0666725
7049,281.96,-0.9,-1.0839356,-0.17381698,-0.83922595,0.06692117
7050,282.0,-0.9,-0.2628311,0.63396144,-0.8389611,0.06718171
7051,282.04,-0.9,-0.5782379,0.32367355,-0.8386835,0.06745485
7052,282.08,-0.9,-0.44577444,0.45398718,-0.83839226,0.06774134
7053,282.12,-0.9,-1.3023138,-0.38865098,-0.8380868,0.06804187
7054,282.16,-0.9,-1.2345868,-0.3220232,-0.83776635,0.06835711
7055,282.2,-0.9,-0.9315497,-0.023904242,-0.83743024,0.06868772
7056,282.24,-0.9,-1.3346431,-0.4204556,-0.8370779,0.069034316
7057,282.28,-0.9,-0.19618374,0.69952714,-0.8367088,0.0693975
7058,282.32,-0.9,-0.91794765,-0.010522924,-0.8363222,0.06977783
7059,282.36,-0.9,-1.2253927,-0.3129783,-0.8359176,0.070175834
7060,282.4,-0.9,-0.81839657,0.0874125,-0.8354946,0.070592
7061,282.44,-0.9,-0.79075027,0.11461013,-0.8350526,0.071026795
7062,282.48,-0.9,-0.9465555,-0.03866647,-0.83459127,0.071480624
7063,282.52,-0.9,-0.26777238,0.6291004,-0.8341102,0.07195388
7064,282.56,-0.9,-0.70274556,0.20118657,-0.8336091,0.07244688
7065,282.6,-1.0,-1.5703175,-0.6523051,-0.83308756,0.072959945
7066,282.64,-1.0,-1.2221439,-0.3097822,-0.8325454,0.0734933
7067,282.68,-1.0,-1.0473478,-0.13782296,-0.8319824,0.07404717
7068,282.72,-1.0,-1.0959966,-0.18568224,-0.83139837,0.0746217
7069,282.76,-1.0,-1.3823178,-0.46735653,-0.83079326,0.07521699
7070,282.8,-1.0,-0.8861851,0.02072414,-0.830167,0.07583312
7071,282.84,-1.0,-0.26964146,0.6272616,-0.8295195,0.076470084
7072,282.88,-1.0,-1.0986764,-0.18831858,-0.8288509,0.077127844
7073,282.92,-1.0,-1.9308256,-1.0069624,-0.82816124,0.07780631
7074,282.96,-1.0,-0.7076365,0.19637504,-0.8274507,0.07850534
7075,283.0,-1.0,-1.3181477,-0.40422788,-0.8267194,0.079224735
7076,283.04,-1.0,-0.2869299,0.61025375,-0.82596767,0.07996428
7077,283.08,-1.0,-0.77557003,0.12954396,-0.8251958,0.08072366
7078,283.12,-1.0,-0.6702211,0.23318318,-0.824404,0.08150255
7079,283.16,-1.0,-0.63272953,0.27006626,-0.82359284,0.08230056
7080,283.2,-1.0,-1.6448208,-0.7255993,-0.82276267,0.08311727
7081,283.24,-1.0,-0.9719088,-0.06360832,-0.82191396,0.08395219
7082,283.28,-1.0,-1.6746129,-0.75490785,-0.8210473,0.0848048
7083,283.32,-1.0,-0.54856205,0.35286775,-0.8201632,0.08567455
7084,283.36,-1.0,-0.33471388,0.5632453,-0.8192623,0.086560816
7085,283.4,-1.0,-0.88160694,0.025228001,-0.8183453,0.08746295
7086,283.44,-1.0,-1.1160879,-0.20544747,-0.81741285,0.08838026
7087,283.48,-1.0,-0.15493977,0.74010175,-0.81646574,0.089312024
7088,283.52,-1.0,-0.065021455,0.8285607,-0.81550467,0.09025747
7089,283.56,-1.0,-1.1151346,-0.20450962,-0.8145305,0.09121581
7090,283.6,-1.0,-1.670362,-0.7507259,-0.8135441,0.092186205
7091,283.64,-1.0,-0.62618923,0.2765004,-0.8125464,0.09316778
7092,283.68,-1.0,-1.0943173,-0.1840302,-0.8115381,0.09415964
7093,283.72,-1.0,-1.0845716,-0.17444265,-0.8105204,0.09516085
7094,283.76,-1.0,-0.40364355,0.49543434,-0.80949414,0.096170455
7095,283.8,-1.0,-0.5721077,0.32970425,-0.80846035,0.09718746
7096,283.84,-1.0,-0.7558032,0.14898998,-0.8074201,0.09821084
7097,283.88,-1.0,-0.4445905,0.45515192,-0.8063744,0.09923956
7098,283.92,-1.0,-0.7274014,0.1769309,-0.8053244,0.100272544
7099,283.96,-1.0,-0.76728487,0.13769469,-0.8042711,0.1013087
7100,284.0,-1.0,-0.42326456,0.47613168,-0.80321574,0.10234693
7101,284.04,-1.0,-1.225801,-0.31337994,-0.8021595,0.103386074
7102,284.08,-1.0,-1.09361,-0.18333441,-0.8011034,0.10442498
7103,284.12,-1.0,-1.2083576,-0.29621962,-0.8000488,0.10546248
7104,284.16,-1.0,-1.7411146,-0.82033026,-0.79899687,0.10649736
7105,284.2,-1.0,-0.74698186,0.1576682,-0.7979488,0.10752841
7106,284.24,-1.0,-0.6713797,0.23204336,-0.7969059,0.10855439
7107,284.28,-1.0,-0.76878464,0.13621926,-0.7958694,0.109574065
7108,284.32,-1.0,-0.60933197,0.29308408,-0.79484063,0.11058615
7109,284.36,-1.0,-1.0906545,-0.1804268,-0.79382086,0.11158938
7110,284.4,-1.0,-0.927943,-0.020356044,-0.7928114,0.11258246
7111,284.44,-1.0,-1.3152301,-0.4013577,-0.79181355,0.11356411
7112,284.48,-1.0,-0.65891933,0.24430153,-0.79082865,0.11453304
7113,284.52,-1.0,-0.8604099,0.046081014,-0.789858,0.115487926
7114,284.56,-1.0,-0.6498229,0.25325033,-0.78890294,0.11642748
7115,284.6,-1.0,-0.07886404,0.8149428,-0.78796476,0.117350414
7116,284.64,-1.0,-0.25027686,0.6463119,-0.7870448,0.11825543
7117,284.68,-1.0,-0.62008417,0.2825064,-0.7861444,0.11914124
7118,284.72,-1.0,-1.5393963,-0.6218858,-0.7852648,0.120006576
7119,284.76,-1.0,-1.251809,-0.33896586,-0.78440726,0.120850176
7120,284.8,-1.0,-0.8858959,0.021008648,-0.78357315,0.12167078
7121,284.84,-1.0,-0.8690524,0.037578784,-0.7827636,0.12246716
7122,284.88,-1.0,-1.0226183,-0.11349481,-0.7819799,0.1232381
7123,284.92,-1.0,-1.6621792,-0.742676,-0.78122336,0.1239824
7124,284.96,-1.0,-1.111264,-0.20070183,-0.78049505,0.124698885
7125,285.0,-1.0,0.10110378,0.99198985,-0.7797962,0.1253864
7126,285.04,-1.0,-0.38539028,0.5133913,-0.7791279,0.12604384
7127,285.08,-1.0,-0.7976252,0.10784679,-0.7784913,0.12667009
7128,285.12,-1.0,-0.6402233,0.2626941,-0.7778875,0.12726413
7129,285.16,-1.0,-0.47674084,0.4235233,-0.77731746,0.12782492
7130,285.2,-1.0,-0.28336084,0.6137649,-0.7767822,0.1283515
7131,285.24,-1.0,-0.09038204,0.80361176,-0.77628267,0.12884292
7132,285.28,-1.0,-1.1198508,-0.20914924,-0.7758198,0.12929831
7133,285.32,-1.0,-1.3256313,-0.41159,-0.7753943,0.12971686
7134,285.36,-1.0,-0.14576781,0.7491248,-0.7750071,0.13009775
7135,285.4,-1.0,-0.56752443,0.3342131,-0.774659,0.13044026
7136,285.44,-1.0,0.18750119,1.076985,-0.7743505,0.13074371
7137,285.48,-1.0,-0.56937337,0.33239418,-0.7740824,0.13100748
7138,285.52,-1.0,-0.47806054,0.42222506,-0.7738552,0.13123098
7139,285.56,-1.0,-0.93842614,-0.030669048,-0.7736695,0.13141371
7140,285.6,-1.0,-0.48221707,0.418136,-0.7735256,0.13155523
7141,285.64,-1.0,-0.72414035,0.180139,-0.7734241,0.13165511
7142,285.68,-1.0,-0.5642513,0.33743313,-0.7733652,0.13171302
7143,285.72,-0.9,-1.691379,-0.7714018,-0.7733493,0.13172868
7144,285.76,-0.8,-0.23446387,0.6618682,-0.7733766,0.13170184
7145,285.8,-0.7,-0.415586,0.48368567,-0.7734472,0.13163236
7146,285.84,-0.7,-0.68172044,0.22187045,-0.77356136,0.13152009
7147,285.88,-0.7,-0.26031184,0.6364398,-0.773719,0.13136499
7148,285.92,-0.7,-0.93284047,-0.02517403,-0.77392024,0.13116702
7149,285.96,-0.7,-0.3192953,0.5784136,-0.7741649,0.13092628
7150,286.0,-0.7,-0.90612656,0.0011063218,-0.77445304,0.13064286
7151,286.04,-0.7,0.21829784,1.1072818,-0.7747844,0.1303169
7152,286.08,-0.7,-2.004056,-1.0790043,-0.7751587,0.12994862
7153,286.12,-0.7,-1.0438588,-0.13439056,-0.7755758,0.12953827
7154,286.16,-0.8,-0.21462286,0.68138725,-0.77603537,0.12908618
7155,286.2,-0.8,-0.9001529,0.0069830194,-0.776537,0.1285927
7156,286.24,-0.9,-0.44083256,0.45884883,-0.7770803,0.12805825
7157,286.28,-0.9,-1.250881,-0.33805287,-0.7776647,0.12748328
7158,286.32,-0.9,0.06863654,0.9600495,-0.7782899,0.12686826
7159,286.36,-0.9,-1.169659,-0.25814915,-0.77895516,0.12621377
7160,286.4,-0.9,-0.55981076,0.3418016,-0.77966,0.1255204
7161,286.44,-0.9,-0.34987295,0.5483322,-0.78040373,0.12478874
7162,286.48,-0.9,-1.3548676,-0.44035184,-0.7811857,0.12401948
7163,286.52,-0.9,-0.67516327,0.2283212,-0.78200513,0.123213336
7164,286.56,-0.9,0.027715921,0.919793,-0.7828613,0.12237103
7165,286.6,-0.9,-1.323865,-0.4098525,-0.78375345,0.12149335
7166,286.64,-0.9,-0.27359426,0.623373,-0.7846808,0.120581105
7167,286.68,-0.9,-0.7408204,0.16372964,-0.7856423,0.119635135
7168,286.72,-0.9,-1.1874466,-0.27564803,-0.7866373,0.118656315
7169,286.76,-0.9,-0.7808151,0.12438402,-0.7876648,0.11764554
7170,286.8,-0.9,-0.587004,0.31504968,-0.78872377,0.116603725
7171,286.84,-0.9,-1.0575488,-0.14785838,-0.78981334,0.11553183
7172,286.88,-0.9,-1.3629817,-0.44833425,-0.79093254,0.11443081
7173,286.92,-0.9,-0.33400774,0.5639399,-0.79208034,0.11330166
7174,286.96,-0.9,-0.1674102,0.7278337,-0.7932557,0.112145364
7175,287.0,-0.9,-1.2270164,-0.3145757,-0.7944576,0.11096296
7176,287.04,-0.9,-1.3254019,-0.4113644,-0.795685,0.109755464
7177,287.08,-0.9,-0.89980805,0.007322289,-0.79693687,0.10852393
7178,287.12,-0.9,-0.69120663,0.21253821,-0.7982121,0.10726939
7179,287.16,-0.9,-0.3112505,0.58632785,-0.79950964,0.10599293
7180,287.2,-0.9,0.02971363,0.9217583,-0.80082834,0.104695596
7181,287.24,-0.9,-0.45476085,0.44514662,-0.80216724,0.10337846
7182,287.28,-0.9,-0.31308472,0.5845234,-0.8035251,0.10204259
7183,287.32,-0.9,-1.7100403,-0.78976035,-0.80490094,0.10068908
7184,287.36,-0.9,-0.90468514,0.002524346,-0.80629367,0.09931898
7185,287.4,-0.9,-1.153407,-0.24216086,-0.8077021,0.09793337
7186,287.44,-0.9,-0.74741435,0.15724272,-0.8091253,0.09653328
7187,287.48,-0.9,-1.2201506,-0.30782127,-0.81056213,0.09511978
7188,287.52,-0.9,-0.7041518,0.19980311,-0.81201154,0.09369388
7189,287.56,-0.9,-0.8891256,0.017831378,-0.81347257,0.09225661
7190,287.6,-0.9,-0.16583425,0.72938406,-0.8149441,0.090808965
7191,287.64,-0.9,-1.1511748,-0.23996489,-0.81642514,0.08935191
7192,287.68,-0.9,-0.6309632,0.27180392,-0.81791484,0.08788641
7193,287.72,-0.9,-2.0442822,-1.1185776,-0.8194122,0.08641338
7194,287.76,-0.9,-1.4359987,-0.5201663,-0.82091624,0.08493374
7195,287.8,-0.9,-0.4166705,0.48261875,-0.82242614,0.08344836
7196,287.84,-0.9,-1.3271581,-0.41309205,-0.823941,0.08195808
7197,287.88,-0.9,-1.6135516,-0.69483757,-0.82546,0.08046372
7198,287.92,-0.9,-0.8298595,0.07613561,-0.8269824,0.07896606
7199,287.96,-0.9,-0.19636023,0.6993535,-0.8285073,0.07746585
7200,288.0,-0.9,-1.9182327,-0.9945738,-0.83003414,0.0759638
7201,288.04,-1.0,-1.63048,-0.7114912,-0.83156216,0.07446061
7202,288.08,-1.0,-0.55871964,0.342875,-0.8330906,0.07295692
7203,288.12,-1.0,-1.5027306,-0.58581513,-0.834619,0.07145336
7204,288.16,-1.0,-0.2125386,0.6834377,-0.83614665,0.06995051
7205,288.2,-1.0,-1.4243908,-0.50874674,-0.83767295,0.068448946
7206,288.24,-1.0,-1.0779309,-0.16790974,-0.83919746,0.06694919
7207,288.28,-1.0,-0.41893554,0.48039043,-0.84071964,0.06545175
7208,288.32,-1.0,-1.7622603,-0.8411328,-0.8422389,0.0639571
7209,288.36,-1.0,-0.18485886,0.71066827,-0.8437549,0.06246572
7210,288.4,-1.0,-1.6346791,-0.7156221,-0.8452671,0.060978025
7211,288.44,-1.0,-0.49808747,0.40252316,-0.8467752,0.059494447
7212,288.48,-1.0,-0.44101506,0.4586693,-0.84827864,0.058015376
7213,288.52,-1.0,-0.74621576,0.15842184,-0.84977716,0.0565412
7214,288.56,-1.0,0.021083474,0.9132682,-0.8512703,0.055072296
7215,288.6,-1.0,-1.3382151,-0.42396966,-0.8527577,0.053609017
7216,288.64,-1.0,-0.75439495,0.1503754,-0.85423905,0.05215172
7217,288.68,-1.0,-1.5590063,-0.64117754,-0.85571396,0.05070075
7218,288.72,-1.0,-2.156228,-1.2287067,-0.8571821,0.049256437
7219,288.76,-1.0,-0.40515608,0.4939463,-0.8586431,0.047819115
7220,288.8,-1.0,0.10337138,0.9942206,-0.86009675,0.04638911
7221,288.84,-1.0,-0.96087533,-0.052753903,-0.8615426,0.04496675
7222,288.88,-1.0,0.34888005,1.2357448,-0.8629803,0.04355236
7223,288.92,-1.0,0.04837954,0.9401213,-0.86440957,0.042146277
7224,288.96,-1.0,-0.024782121,0.868147,-0.86583006,0.04074883
7225,289.0,-1.0,-1.4900454,-0.5733358,-0.86724144,0.039360367
7226,289.04,-1.0,-0.49343026,0.4071048,-0.86864334,0.03798123
7227,289.08,-1.0,-0.16968507,0.7255958,-0.87003535,0.03661178
7228,289.12,-1.0,-0.45299888,0.44687998,-0.8714172,0.035252366
7229,289.16,-1.0,-1.419888,-0.50431705,-0.8727885,0.033903357
7230,289.2,-1.0,-0.53040254,0.37073255,-0.8741488,0.032565117
7231,289.24,-1.0,-1.0740868,-0.16412799,-0.8754978,0.031238006
7232,289.28,-1.0,-0.9414367,-0.03363076,-0.8768351,0.029922398
7233,289.32,-1.0,-0.96353453,-0.05536995,-0.87816036,0.028618652
7234,289.36,-1.0,-0.9683357,-0.060093183,-0.8794732,0.027327133
7235,289.4,-1.0,-1.2692027,-0.35607728,-0.88077325,0.026048196
7236,289.44,-1.0,-1.0643973,-0.15459579,-0.8820601,0.024782194
7237,289.48,-1.0,-0.10953295,0.7847716,-0.8833335,0.023529474
7238,289.52,-1.0,-0.67255694,0.23088524,-0.884593,0.022290373
7239,289.56,-1.0,-1.6543556,-0.7349794,-0.8858384,0.021065222
7240,289.6,-1.0,-0.6477582,0.25528154,-0.8870692,0.019854343
7241,289.64,-1.0,-0.62120795,0.28140086,-0.8882853,0.018658044
7242,289.68,-1.0,-0.5630318,0.33863285,-0.8894862,0.017476624
7243,289.72,-1.0,-1.6209354,-0.7021015,-0.8906717,0.016310373
7244,289.76,-1.0,-1.1622518,-0.25086218,-0.8918415,0.0151595585
7245,289.8,-1.0,-1.6621542,-0.74265134,-0.89299536,0.014024439
7246,289.84,-1.0,-0.3413561,0.55671084,-0.894133,0.012905257
7247,289.88,-1.0,-0.42313588,0.47625834,-0.8952542,0.011802235
7248,289.92,-1.0,-0.8995484,0.00757771,-0.8963588,0.01071558
7249,289.96,-1.0,-0.490893,0.40960085,-0.8974465,0.009645481
7250,290.0,-1.0,-1.5131128,-0.59602886,-0.8985173,0.00859211
7251,290.04,-1.0,-1.0495561,-0.13999547,-0.8995709,0.00755562
7252,290.08,-1.0,-0.7664008,0.13856441,-0.90060717,0.0065361406
7253,290.12,-1.0,-1.4068034,-0.49144474,-0.90162605,0.0055337837
7254,290.16,-1.0,-1.5377814,-0.620297,-0.90262747,0.004548638
7255,290.2,-1.0,-0.164029,0.73116004,-0.9036113,0.0035807714
7256,290.24,-1.0,-1.3633646,-0.44871095,-0.9045775,0.0026302282
7257,290.28,-1.0,-0.4935704,0.40696692,-0.9055261,0.0016970315
7258,290.32,-1.0,-0.99541825,-0.08673621,-0.90645707,0.00078118197
7259,290.36,-1.0,-0.20659864,0.6892812,-0.9073704,-0.000117342526
7260,290.4,-1.0,-1.3447942,-0.43044192,-0.9082662,-0.0009985862
7261,290.44,-1.0,-0.7522173,0.15251774,-0.90914446,-0.0018626163
7262,290.48,-1.0,-1.2643778,-0.35133073,-0.9100054,-0.0027095233
7263,290.52,-1.0,-1.3027995,-0.38912877,-0.910849,-0.0035394216
7264,290.56,-1.0,-0.825588,0.0803378,-0.9116754,-0.00435245
7265,290.6,-1.0,-0.9510454,-0.043083504,-0.9124848,-0.0051487708
7266,290.64,-1.0,-0.54491746,0.35645318,-0.9132775,-0.005928572
7267,290.68,-1.0,-1.7558297,-0.83480656,-0.9140536,-0.0066920654
7268,290.72,-1.0,-1.4701772,-0.55379003,-0.91481334,-0.0074394867
7269,290.76,-1.0,-1.0669093,-0.157067,-0.915557,-0.008171097
7270,290.8,-1.0,-1.0891318,-0.17892887,-0.9162849,-0.00888718
7271,290.84,-1.0,-1.1588862,-0.24755114,-0.9169974,-0.009588042
7272,290.88,-1.0,-1.4498837,-0.53382593,-0.9176946,-0.010274012
7273,290.92,-1.0,-0.50699353,0.39376163,-0.91837716,-0.0109454375
7274,290.96,-1.0,-1.4713101,-0.5549046,-0.9190452,-0.011602687
7275,291.0,-1.0,-1.007466,-0.09858839,-0.9196993,-0.012246142
7276,291.04,-1.0,-0.5144845,0.38639224,-0.92033976,-0.012876202
7277,291.08,-1.0,-0.7020352,0.2018854,-0.92096704,-0.013493278
7278,291.12,-1.0,-0.6592728,0.24395376,-0.9215815,-0.014097791
7279,291.16,-1.0,-1.7004154,-0.78029156,-0.92218363,-0.01469017
7280,291.2,-1.0,-0.45461047,0.44529456,-0.9227739,-0.0152708525
7281,291.24,-1.0,-0.74443907,0.16016972,-0.9233527,-0.015840279
7282,291.28,-1.0,-0.7957142,0.109726734,-0.9239206,-0.016398896
7283,291.32,-1.0,-1.0010297,-0.09225662,-0.9244779,-0.016947145
7284,291.36,-1.0,-1.3553897,-0.44086552,-0.92502505,-0.017485473
7285,291.4,-1.0,-0.47171223,0.4284703,-0.9255626,-0.018014327
7286,291.44,-1.0,-0.7486211,0.15605554,-0.926091,-0.018534139
7287,291.48,-1.0,-0.63362163,0.26918864,-0.9266107,-0.01904535
7288,291.52,-1.0,-0.5481527,0.35327044,-0.927122,-0.01954838
7289,291.56,-1.0,-0.91317964,-0.0058322847,-0.9276255,-0.020043653
7290,291.6,-1.0,-1.1902189,-0.27837536,-0.92812145,-0.020531576
7291,291.64,-1.0,-0.39123803,0.50763845,-0.9286103,-0.02101255
7292,291.68,-1.0,-0.053215444,0.84017515,-0.9290926,-0.021486962
7293,291.72,-1.0,-1.0704613,-0.16056132,-0.9295685,-0.021955187
7294,291.76,-1.0,-1.1253437,-0.21455301,-0.9300386,-0.02241759
7295,291.8,-1.0,-0.8280002,0.07796473,-0.930503,-0.022874523
7296,291.84,-1.0,-1.2469025,-0.33413896,-0.93096226,-0.023326326
7297,291.88,-1.0,-1.4012406,-0.48597223,-0.93141663,-0.02377333
7298,291.92,-1.0,-0.699185,0.20468932,-0.93186647,-0.024215847
7299,291.96,-1.0,-1.379169,-0.46425885,-0.9323121,-0.024654184
7300,292.0,-1.0,-0.9555813,-0.047545798,-0.9327537,-0.02508863
7301,292.04,-1.0,-0.74405503,0.1605475,-0.9331916,-0.025519468
7302,292.08,-1.0,-0.4526496,0.4472236,-0.9336262,-0.025946958
7303,292.12,-1.0,-0.52359164,0.3774329,-0.93405753,-0.026371356
7304,292.16,-1.0,-1.138468,-0.22746435,-0.93448603,-0.026792893
7305,292.2,-1.0,-1.0543666,-0.14472784,-0.93491185,-0.027211793
7306,292.24,-1.0,-0.9937364,-0.08508164,-0.93533516,-0.02762826
7307,292.28,-1.0,-0.42990464,0.46959937,-0.93575627,-0.028042484
7308,292.32,-1.0,-0.37666446,0.5219755,-0.9361752,-0.02845464
7309,292.36,-1.0,-0.8922831,0.014725126,-0.9365922,-0.02886489
7310,292.4,-1.0,-0.7448046,0.1598101,-0.9370074,-0.029273378
7311,292.44,-1.0,-0.9467499,-0.03885775,-0.937421,-0.029680233
7312,292.48,-1.0,-0.9005305,0.0066115484,-0.937833,-0.030085575
7313,292.52,-1.0,-2.0394673,-1.1138409,-0.9382436,-0.03048951
7314,292.56,-1.0,-1.0258535,-0.11667752,-0.9386529,-0.030892128
7315,292.6,-1.0,-0.80684006,0.098781444,-0.9390609,-0.03129352
7316,292.64,-1.0,-0.2967714,0.60057193,-0.9394677,-0.03169375
7317,292.68,-1.0,-0.5926186,0.30952623,-0.93987346,-0.032092888
7318,292.72,-1.0,-0.76897424,0.13603273,-0.9402781,-0.032490984
7319,292.76,-1.0,-1.195,-0.28307888,-0.94068176,-0.03288808
7320,292.8,-1.0,-1.8194282,-0.8973729,-0.94108444,-0.03328422
7321,292.84,-1.0,-0.99845976,-0.089728355,-0.9414862,-0.03367943
7322,292.88,-1.0,-1.0144812,-0.10548976,-0.94188696,-0.034073725
7323,292.92,-1.0,-0.58114856,0.3208101,-0.94228685,-0.03446713
7324,292.96,-1.0,-0.86791676,0.038696,-0.9426859,-0.03485965
7325,293.0,-1.0,-0.9017476,0.0054142326,-0.943084,-0.035251293
7326,293.04,-1.0,-1.4543456,-0.5382154,-0.9434812,-0.03564205
7327,293.08,-1.0,-1.1497531,-0.23856628,-0.94387746,-0.036031924
7328,293.12,-1.0,-1.0110613,-0.10212539,-0.9442729,-0.036420897
7329,293.16,-1.0,-0.72968566,0.17468366,-0.94466734,-0.036808956
7330,293.2,-1.0,-0.8647606,0.041800953,-0.94506085,-0.037196074
7331,293.24,-1.0,-0.87544954,0.031285472,-0.94545335,-0.03758223
7332,293.28,-1.0,-1.0193955,-0.11032429,-0.9458449,-0.037967388
7333,293.32,-1.0,-0.97677195,-0.06839253,-0.94623536,-0.03835151
7334,293.36,-1.0,-1.3666081,-0.45190188,-0.9466247,-0.038734555
7335,293.4,-1.0,-0.8460951,0.06016352,-0.9470129,-0.039116472
7336,293.44,-1.0,-1.0731189,-0.16317584,-0.9473999,-0.039497208
7337,293.48,-1.0,-1.311187,-0.3973802,-0.9477857,-0.039876703
7338,293.52,-1.0,-0.2181046,0.677962,-0.9481701,-0.040254887
7339,293.56,-1.0,-1.4482245,-0.5321937,-0.94855314,-0.04063169
7340,293.6,-1.0,-0.59434646,0.30782637,-0.9489347,-0.04100703
7341,293.64,-1.0,-0.44052184,0.45915455,-0.94931465,-0.041380823
7342,293.68,-1.0,-1.0425903,-0.13314264,-0.9496929,-0.041752964
7343,293.72,-1.0,-1.217273,-0.30499038,-0.9500694,-0.04212335
7344,293.76,-1.0,-0.3752492,0.5233678,-0.950444,-0.042491876
7345,293.8,-1.0,-0.82204145,0.08382677,-0.9508166,-0.042858414
7346,293.84,-1.0,-0.8939287,0.013106205,-0.951187,-0.043222833
7347,293.88,-1.0,-1.250018,-0.33720395,-0.9515552,-0.043585002
7348,293.92,-0.9,-1.1007295,-0.19033828,-0.95192087,-0.043944772
7349,293.96,-0.8,-0.30332357,0.5941261,-0.952284,-0.044301998
7350,294.0,-0.8,-1.0127429,-0.103779666,-0.95264435,-0.04465651
7351,294.04,-0.8,-0.24311537,0.65335715,-0.9530018,-0.04500816
7352,294.08,-0.8,-1.5364457,-0.6189831,-0.95335615,-0.04535677
7353,294.12,-0.8,-0.45417082,0.44572705,-0.9537073,-0.04570217
7354,294.16,-0.8,-1.0222136,-0.11309666,-0.9540549,-0.046044182
7355,294.2,-0.8,-0.9148138,-0.0074399486,-0.95439893,-0.046382632
7356,294.24,-0.8,-0.4784699,0.4218223,-0.95473915,-0.046717335
7357,294.28,-0.8,-1.3412335,-0.42693904,-0.95507544,-0.047048118
7358,294.32,-0.8,-0.8801393,0.026671834,-0.9554075,-0.047374796
7359,294.36,-0.8,-1.0990303,-0.18866664,-0.9557352,-0.0476972
7360,294.4,-0.8,-0.99850833,-0.08977614,-0.95605844,-0.048015162
7361,294.44,-0.8,-0.9540906,-0.046079285,-0.9563769,-0.04832851
7362,294.48,-0.8,-0.7282263,0.17611936,-0.9566906,-0.0486371
7363,294.52,-0.8,-1.4418312,-0.5259041,-0.9569993,-0.048940778
7364,294.56,-0.8,-1.2604191,-0.34743625,-0.95730287,-0.04923941
7365,294.6,-0.8,-1.7442751,-0.8234395,-0.95760113,-0.04953286
7366,294.64,-0.8,-1.653527,-0.7341642,-0.9578941,-0.049821027
7367,294.68,-0.8,-1.0650858,-0.15527305,-0.9581815,-0.050103806
7368,294.72,-0.8,-0.5865561,0.31549037,-0.9584634,-0.05038111
7369,294.76,-0.8,-1.1875867,-0.27578583,-0.95873964,-0.05065286
7370,294.8,-0.8,-0.66005033,0.24318886,-0.9590102,-0.050918996
7371,294.84,-0.8,-1.1130661,-0.20247467,-0.95927495,-0.05117947
7372,294.88,-0.8,-1.1574504,-0.24613869,-0.9595339,-0.051434234
7373,294.92,-0.8,-1.154969,-0.24369751,-0.959787,-0.051683266
7374,294.96,-0.8,-0.7885109,0.116813116,-0.9600343,-0.051926542
7375,295.0,-0.8,-1.6748601,-0.7551511,-0.96027577,-0.052164048
7376,295.04,-0.8,-0.43414837,0.4654246,-0.9605113,-0.05239579
7377,295.08,-0.8,-0.42826873,0.47120875,-0.96074104,-0.05262177
7378,295.12,-0.8,-1.0144174,-0.10542702,-0.96096486,-0.052842006
7379,295.16,-0.8,-1.5501275,-0.6324428,-0.96118295,-0.05305651
7380,295.2,-0.8,-0.86174095,0.044771574,-0.96139514,-0.053265303
7381,295.24,-0.8,-0.49499583,0.4055646,-0.9616016,-0.053468425
7382,295.28,-0.8,-0.7393453,0.1651808,-0.96180236,-0.053665906
7383,295.32,-0.8,-0.9332975,-0.025623664,-0.9619974,-0.053857777
7384,295.36,-0.8,-1.4755634,-0.5590889,-0.9621868,-0.054044083
7385,295.4,-0.8,-1.0795563,-0.16950879,-0.9623706,-0.05422486
7386,295.44,-0.8,-1.6252849,-0.7063804,-0.96254873,-0.054400157
7387,295.48,-0.8,-1.1569432,-0.24563968,-0.9627214,-0.05457002
7388,295.52,-0.8,-0.90817434,-0.0009082258,-0.9628886,-0.054734495
7389,295.56,-0.8,-0.69675946,0.2070755,-0.96305037,-0.05489362
7390,295.6,-0.8,-0.2197935,0.6763006,-0.9632067,-0.055047445
7391,295.64,-0.8,-0.4057848,0.4933278,-0.96335775,-0.05519601
7392,295.68,-0.8,-0.40909344,0.49007285,-0.9635034,-0.055339344
7393,295.72,-0.8,-1.4841926,-0.567578,-0.96364385,-0.055477485
7394,295.76,-0.9,-0.94524187,-0.03737416,-0.96377903,-0.05561045
7395,295.8,-0.9,-0.28050405,0.6165753,-0.9639089,-0.055738263
7396,295.84,-1.0,-0.9879408,-0.0793801,-0.9640336,-0.055860933
7397,295.88,-1.0,-1.8484199,-0.925894,-0.9641531,-0.055978473
7398,295.92,-1.0,-1.1837409,-0.27200243,-0.9642674,-0.056090888
7399,295.96,-1.0,-0.24725616,0.6492836,-0.96437645,-0.056198172
7400,296.0,-1.0,-0.4657144,0.43437082,-0.9644803,-0.056300327
7401,296.04,-1.0,-1.2253263,-0.31291297,-0.96457887,-0.05639734
7402,296.08,-1.0,-1.1880893,-0.27628025,-0.96467227,-0.0564892
7403,296.12,-1.0,-0.38259083,0.51614535,-0.96476036,-0.05657589
7404,296.16,-1.0,-0.976984,-0.06860116,-0.9648432,-0.05665739
7405,296.2,-1.0,-0.61898434,0.28358838,-0.96492076,-0.056733675
7406,296.24,-1.0,-0.7649692,0.13997275,-0.964993,-0.05680472
7407,296.28,-1.0,-1.2881882,-0.37475467,-0.9650598,-0.0568705
7408,296.32,-1.0,-1.6789868,-0.75921077,-0.9651213,-0.056930993
7409,296.36,-1.0,-0.530638,0.37050092,-0.9651774,-0.056986168
7410,296.4,-1.0,-1.6588423,-0.73939323,-0.9652281,-0.057036005
7411,296.44,-1.0,-1.2947612,-0.38122097,-0.96527326,-0.057080477
7412,296.48,-1.0,-0.9356687,-0.027956374,-0.965313,-0.05711957
7413,296.52,-1.0,-0.8934259,0.013600878,-0.9653473,-0.05715327
7414,296.56,-1.0,-0.8472696,0.05900807,-0.965376,-0.05718156
7415,296.6,-1.0,-0.14652091,0.74838394,-0.96539927,-0.05720443
7416,296.64,-1.0,-1.595558,-0.677136,-0.965417,-0.05722188
7417,296.68,-1.0,-0.97735065,-0.06896184,-0.96542925,-0.0572339
7418,296.72,-1.0,-0.9895185,-0.08093223,-0.9654359,-0.05724049
7419,296.76,-1.0,-0.9247122,-0.017177671,-0.9654371,-0.057241656
7420,296.8,-1.0,-1.4475574,-0.5315374,-0.9654328,-0.057237398
7421,296.84,-1.0,-1.0749832,-0.1650099,-0.965423,-0.057227734
7422,296.88,-1.0,-0.80445194,0.101130806,-0.96540767,-0.057212677
7423,296.92,-1.0,-0.730825,0.17356282,-0.96538687,-0.05719224
7424,296.96,-1.0,-1.2718832,-0.3587143,-0.9653607,-0.05716645
7425,297.0,-1.0,-1.2028557,-0.29080704,-0.96532905,-0.057135325
7426,297.04,-1.0,-1.1973727,-0.285413,-0.96529204,-0.0570989
7427,297.08,-1.0,-0.9035642,0.0036270842,-0.9652496,-0.057057198
7428,297.12,-1.0,-1.1393914,-0.22837277,-0.9652019,-0.057010252
7429,297.16,-1.0,-0.9470505,-0.039153457,-0.96514887,-0.056958098
7430,297.2,-1.0,-1.470758,-0.5543614,-0.96509063,-0.05690077
7431,297.24,-1.0,-0.71908224,0.18511501,-0.9650271,-0.056838304
7432,297.28,-1.0,-0.4157377,0.48353642,-0.9649584,-0.056770727
7433,297.32,-1.0,-0.8340969,0.07196697,-0.9648846,-0.056698073
7434,297.36,-1.0,-1.0254744,-0.11630459,-0.9648056,-0.05662037
7435,297.4,-1.0,-1.2495316,-0.33672547,-0.9647215,-0.056537643
7436,297.44,-1.0,-0.37779266,0.5208656,-0.96463233,-0.05644991
7437,297.48,-1.0,-0.65018225,0.2528968,-0.96453804,-0.056357183
7438,297.52,-1.0,-1.2459424,-0.33319443,-0.96443874,-0.056259476
7439,297.56,-1.0,-1.0510834,-0.14149798,-0.96433437,-0.056156788
7440,297.6,-1.0,-0.8355601,0.07052753,-0.96422493,-0.056049123
7441,297.64,-1.0,-1.3753753,-0.46052673,-0.9641104,-0.055936467
7442,297.68,-1.0,-0.6467216,0.25630125,-0.9639908,-0.055818807
7443,297.72,-1.0,-0.80337405,0.1021912,-0.9638661,-0.055696122
7444,297.76,-1.0,-0.7960359,0.10941028,-0.96373624,-0.055568382
7445,297.8,-1.0,-1.4186757,-0.50312436,-0.96360123,-0.05543556
7446,297.84,-1.0,-0.9264313,-0.018868878,-0.963461,-0.055297606
7447,297.88,-1.0,-0.6970643,0.20677564,-0.9633155,-0.055154473
7448,297.92,-1.0,-0.9256438,-0.01809416,-0.9631647,-0.055006105
7449,297.96,-1.0,-1.4915333,-0.57479954,-0.96300846,-0.054852434
7450,298.0,-1.0,-0.47371238,0.42650265,-0.9628468,-0.054693393
7451,298.04,-1.0,-0.37449348,0.5241113,-0.9626796,-0.0545289
7452,298.08,-1.0,-1.0882246,-0.1780364,-0.9625068,-0.054358862
7453,298.12,-1.0,-0.88260865,0.024242543,-0.9623282,-0.054183185
7454,298.16,-1.0,-0.86326224,0.043274976,-0.9621438,-0.054001767
7455,298.2,-1.0,-1.2909071,-0.37742946,-0.9619534,-0.05381449
7456,298.24,-1.0,-0.8658596,0.04071974,-0.96175694,-0.053621236
7457,298.28,-1.0,-1.0301833,-0.12093706,-0.96155435,-0.05342188
7458,298.32,-1.0,-1.3656967,-0.4510052,-0.9613453,-0.053216286
7459,298.36,-1.0,-1.4889255,-0.57223403,-0.9611299,-0.053004317
7460,298.4,-1.0,-0.9255646,-0.018016234,-0.96090776,-0.052785825
7461,298.44,-1.0,-0.752203,0.1525318,-0.9606789,-0.05256066
7462,298.48,-1.0,-1.7087451,-0.7884861,-0.9604431,-0.05232866
7463,298.52,-1.0,-0.5037527,0.39694983,-0.96020013,-0.052089665
7464,298.56,-1.0,-1.0757554,-0.16576949,-0.9599499,-0.051843498
7465,298.6,-1.0,-0.23057413,0.66569483,-0.9596922,-0.051589977
7466,298.64,-1.0,-0.95633006,-0.0482824,-0.9594268,-0.05132891
7467,298.68,-1.0,-1.0747764,-0.16480643,-0.9591536,-0.05106009
7468,298.72,-1.0,-0.13776082,0.7570019,-0.95887226,-0.050783314
7469,298.76,-1.0,-0.8637613,0.042784013,-0.9585826,-0.050498355
7470,298.8,-1.0,-0.8866621,0.020254858,-0.9582844,-0.050204977
7471,298.84,-1.0,-0.7331847,0.17124143,-0.95797735,-0.049902946
7472,298.88,-1.0,-0.6337395,0.2690727,-0.9576613,-0.049592003
7473,298.92,-1.0,-0.6748378,0.22864136,-0.9573359,-0.04927189
7474,298.96,-1.0,-0.6923505,0.2114129,-0.9570009,-0.04894234
7475,299.0,-1.0,-1.0503011,-0.14072831,-0.95665604,-0.048603076
7476,299.04,-1.0,-1.2406907,-0.32802802,-0.95630103,-0.04825382
7477,299.08,-1.0,-0.7367329,0.16775084,-0.95593554,-0.04789429
7478,299.12,-1.0,-0.8272565,0.07869636,-0.9555594,-0.047524203
7479,299.16,-1.0,-0.56066173,0.34096444,-0.9551721,-0.047143277
7480,299.2,-1.0,-1.5508983,-0.6332011,-0.9547736,-0.046751224
7481,299.24,-1.0,-0.8478159,0.05847066,-0.9543635,-0.04634777
7482,299.28,-1.0,-1.5254134,-0.6081298,-0.9539415,-0.04593264
7483,299.32,-1.0,-0.3212375,0.5765029,-0.9535074,-0.045505565
7484,299.36,-1.0,-0.4552654,0.44465023,-0.9530609,-0.04506629
7485,299.4,-1.0,-0.9434228,-0.035584614,-0.95260173,-0.04461457
7486,299.44,-1.0,-1.4742197,-0.557767,-0.95212966,-0.044150155
7487,299.48,-1.0,-0.5590669,0.34253338,-0.9516444,-0.043672834
7488,299.52,-1.0,-0.7090828,0.19495219,-0.95114595,-0.043182395
7489,299.56,-1.0,-1.085923,-0.17577207,-0.9506339,-0.042678647
7490,299.6,-1.0,-1.3698229,-0.45506442,-0.9501081,-0.042161424
7491,299.64,-1.0,-1.9164991,-0.9928684,-0.9495685,-0.041630574
7492,299.68,-1.0,-1.5410216,-0.6234847,-0.9490149,-0.04108597
7493,299.72,-1.0,-0.3267486,0.5710812,-0.9484472,-0.040527515
7494,299.76,-1.0,-1.5035061,-0.586578,-0.9478654,-0.03995514
7495,299.8,-1.0,-1.4128964,-0.49743888,-0.9472694,-0.039368786
7496,299.84,-1.0,-1.2460523,-0.33330256,-0.94665915,-0.038768448
7497,299.88,-1.0,-1.1409563,-0.22991222,-0.94603467,-0.038154125
7498,299.92,-1.0,-0.25747675,0.6392289,-0.94539607,-0.037525855
7499,299.96,-1.0,-1.0689839,-0.15910794,-0.94474334,-0.036883708
7500,300.0,-1.0,-0.82761854,0.078340195,-0.94407654,-0.03622777
7501,300.04,-1.0,-0.69930696,0.20456937,-0.9433959,-0.035558164
7502,300.08,-1.0,-1.2192872,-0.30697185,-0.9427015,-0.03487503
7503,300.12,-1.0,-0.79516494,0.11026708,-0.94199353,-0.034178548
7504,300.16,-1.0,-1.356853,-0.44230506,-0.9412722,-0.033468917
7505,300.2,-1.0,-0.4552737,0.44464213,-0.94053775,-0.032746363
7506,300.24,-1.0,-1.0279711,-0.11876079,-0.93979037,-0.032011148
7507,300.28,-1.0,-0.9437581,-0.03591445,-0.93903047,-0.031263553
7508,300.32,-1.0,-1.4600022,-0.5437802,-0.93825823,-0.030503888
7509,300.36,-1.0,-0.37396622,0.52463,-0.93747413,-0.029732496
7510,300.4,-1.0,-1.7457105,-0.8248516,-0.93667847,-0.028949745
7511,300.44,-1.0,-1.3776833,-0.46279725,-0.93587166,-0.028156033
7512,300.48,-1.0,-1.0299126,-0.12067072,-0.9350541,-0.027351782
7513,300.52,-1.0,-1.1097858,-0.19924763,-0.9342264,-0.026537446
7514,300.56,-1.0,-1.1875908,-0.27578995,-0.9333888,-0.025713501
7515,300.6,-1.0,-1.285003,-0.37162107,-0.932542,-0.024880454
7516,300.64,-1.0,-0.8021039,0.10344077,-0.9316865,-0.024038829
7517,300.68,-1.0,-0.7101109,0.19394076,-0.93082285,-0.023189178
7518,300.72,-1.0,-0.9111172,-0.0038033128,-0.9299516,-0.022332074
7519,300.76,-1.0,-1.294131,-0.38060105,-0.9290734,-0.02146811
7520,300.8,-1.0,-0.6966245,0.20720825,-0.92818886,-0.020597892
7521,300.84,-1.0,-1.4787625,-0.5622361,-0.92729855,-0.019722046
7522,300.88,-1.0,-0.5085219,0.39225805,-0.92640316,-0.018841216
7523,300.92,-1.0,-1.1199728,-0.20926933,-0.92550343,-0.017956054
7524,300.96,-1.0,-0.7772918,0.12785017,-0.92459995,-0.017067226
7525,301.0,-1.0,-1.2819294,-0.3685974,-0.92369336,-0.016175402
7526,301.04,-1.0,-0.45121145,0.44863838,-0.9227845,-0.015281269
7527,301.08,-1.0,-0.018750787,0.8740805,-0.921874,-0.014385512
7528,301.12,-1.0,-0.6012903,0.30099526,-0.9209625,-0.013488822
7529,301.16,-1.0,-0.88527447,0.021619998,-0.92005074,-0.012591894
7530,301.2,-1.0,-1.3431005,-0.4287758,-0.9191395,-0.011695423
7531,301.24,-1.0,-0.63422287,0.26859716,-0.9182294,-0.0108001055
7532,301.28,-1.0,-1.4285719,-0.51286,-0.9173212,-0.0099066375
7533,301.32,-1.0,-0.6458141,0.257194,-0.9164156,-0.009015715
7534,301.36,-1.0,-1.4034553,-0.48815098,-0.9155133,-0.008128033
7535,301.4,-1.0,-0.77433294,0.130761,-0.9146149,-0.007244284
7536,301.44,-1.0,-0.56883144,0.33292735,-0.9137213,-0.0063651563
7537,301.48,-1.0,-0.8515257,0.054821007,-0.9128331,-0.005491337
7538,301.52,-1.0,-1.2571485,-0.34421873,-0.9119509,-0.004623504
7539,301.56,-1.0,-0.8717495,0.03492544,-0.91107553,-0.0037623323
7540,301.6,-1.0,-0.79946256,0.10603922,-0.9102076,-0.0029084883
7541,301.64,-1.0,-0.4611541,0.43885714,-0.9093478,-0.0020626304
7542,301.68,-1.0,-1.3042328,-0.39053887,-0.90849674,-0.0012254087
7543,301.72,-1.0,-1.0626318,-0.15285896,-0.9076552,-0.00039746298
7544,301.76,-1.0,-1.3822216,-0.46726188,-0.90682364,0.00042057777
7545,301.8,-1.0,-0.9600936,-0.051984876,-0.90600276,0.0012280958
7546,301.84,-1.0,-0.07499498,0.81874907,-0.90519327,0.0020244862
7547,301.88,-1.0,-0.97472614,-0.06637992,-0.90439564,0.0028091578
7548,301.92,-1.0,-0.5517994,0.34968293,-0.9036105,0.0035815348
7549,301.96,-1.0,-0.8990953,0.008023478,-0.90283847,0.0043410575
7550,302.0,-1.0,-0.9538489,-0.045841508,-0.90208006,0.0050871824
7551,302.04,-1.0,-0.74636835,0.15827176,-0.9013358,0.0058193845
7552,302.08,-1.0,-1.04401,-0.13453938,-0.90060616,0.006537156
7553,302.12,-1.0,-0.7226805,0.18157515,-0.8998917,0.0072400076
7554,302.16,-1.0,-0.04752904,0.8457692,-0.89919287,0.00792747
7555,302.2,-1.0,-0.5513665,0.3501088,-0.89851016,0.008599091
7556,302.24,-1.0,-1.2265198,-0.31408712,-0.897844,0.009254441
7557,302.28,-1.0,-1.104553,-0.19409974,-0.8971948,0.009893105
7558,302.32,-1.0,-1.1030095,-0.19258127,-0.896563,0.010514691
7559,302.36,-1.0,-0.38347065,0.51527977,-0.8959489,0.011118823
7560,302.4,-1.0,-0.8070664,0.098558806,-0.8953529,0.011705142
7561,302.44,-1.0,-1.4854378,-0.56880295,-0.89477533,0.012273309
7562,302.48,-1.0,-0.76409745,0.1408304,-0.8942166,0.012823001
7563,302.52,-1.0,-1.5981429,-0.6796789,-0.89367694,0.01335391
7564,302.56,-1.0,-0.6470694,0.25595912,-0.89315665,0.0138657475
7565,302.6,-1.0,-0.9129181,-0.0055749863,-0.892656,0.014358239
7566,302.64,-1.0,0.3256619,1.2129034,-0.8921753,0.0148311285
7567,302.68,-1.0,-0.9353301,-0.027623251,-0.8917148,0.015284174
7568,302.72,-1.0,-1.3925749,-0.4774472,-0.8912747,0.015717153
7569,302.76,-1.0,-1.1202596,-0.20955148,-0.8908552,0.016129859
7570,302.8,-1.0,-1.1945543,-0.2826404,-0.8904565,0.016522096
7571,302.84,-1.0,-0.8153827,0.09037744,-0.8900787,0.01689369
7572,302.88,-1.0,-0.75146925,0.15325361,-0.88972217,0.017244479
7573,302.92,-1.0,-1.1729001,-0.2613376,-0.8893869,0.017574314
7574,302.96,-1.0,-0.33397144,0.56397563,-0.8890731,0.017883064
7575,303.0,-1.0,-0.8065975,0.0990201,-0.8887808,0.01817061
7576,303.04,-1.0,-1.0508189,-0.14123775,-0.8885101,0.018436851
7577,303.08,-1.0,-1.0755529,-0.16557035,-0.88826126,0.018681696
7578,303.12,-1.0,-0.92471516,-0.0171806,-0.88803416,0.018905072
7579,303.16,-1.0,-0.90861136,-0.0013381466,-0.887829,0.019106919
7580,303.2,-1.0,-1.2246985,-0.3122954,-0.8876458,0.01928719
7581,303.24,-1.0,-1.0226424,-0.1135185,-0.8874845,0.019445851
7582,303.28,-1.0,-0.67952204,0.22403318,-0.8873452,0.019582886
7583,303.32,-1.0,-0.5868019,0.31524855,-0.8872279,0.019698288
7584,303.36,-1.0,-0.9644099,-0.056231096,-0.8871325,0.019792069
7585,303.4,-1.0,-0.09182459,0.8021926,-0.88705915,0.01986425
7586,303.44,-1.0,-1.2656972,-0.3526287,-0.8870077,0.01991487
7587,303.48,-1.0,-1.7557786,-0.8347562,-0.88697815,0.01994398
7588,303.52,-1.0,-0.9688441,-0.06059336,-0.88697034,0.01995165
7589,303.56,-1.0,-0.44667995,0.4530964,-0.8869842,0.019937959
7590,303.6,-1.0,-0.9664687,-0.05825649,-0.8870198,0.019902997
7591,303.64,-1.0,-1.0344025,-0.12508775,-0.88707685,0.019846877
7592,303.68,-1.0,-0.34420258,0.55391055,-0.8871553,0.019769717
7593,303.72,-1.0,-0.67409074,0.22937632,-0.88725495,0.019671656
7594,303.76,-1.0,-0.7077074,0.19630525,-0.8873757,0.019552846
7595,303.8,-1.0,-0.14728469,0.74763256,-0.8875174,0.01941345
7596,303.84,-1.0,-0.7005929,0.20330432,-0.8876799,0.019253649
7597,303.88,-1.0,-0.9681591,-0.059919443,-0.88786286,0.019073637
7598,303.92,-1.0,-1.4316726,-0.5159103,-0.8880662,0.018873617
7599,303.96,-1.0,-0.52344316,0.37757894,-0.8882896,0.018653804
7600,304.0,-1.0,-1.0697347,-0.15984653,-0.88853294,0.018414425
7601,304.04,-1.0,-1.024507,-0.11535291,-0.8887959,0.018155714
7602,304.08,-1.0,-1.2924368,-0.37893432,-0.88907826,0.01787791
7603,304.12,-1.0,-1.1837416,-0.27200314,-0.88937986,0.017581264
7604,304.16,-1.0,-0.79058707,0.11477067,-0.8897003,0.017266026
7605,304.2,-1.0,-1.1327451,-0.22183436,-0.8900393,0.016932456
7606,304.24,-1.0,-1.7200923,-0.7996492,-0.8903968,0.016580816
7607,304.28,-1.0,-1.3113889,-0.39757875,-0.89077234,0.016211372
7608,304.32,-1.0,-0.36214054,0.5362637,-0.8911657,0.015824398
7609,304.36,-1.0,-0.68581855,0.21783885,-0.8915766,0.015420169
7610,304.4,-1.0,-0.69953316,0.2043468,-0.8920047,0.014998967
7611,304.44,-1.0,-1.1665194,-0.25506046,-0.89244986,0.014561081
7612,304.48,-1.0,-0.94564986,-0.03777554,-0.8929116,0.014106806
7613,304.52,-1.0,-0.89049244,0.016486712,-0.8933897,0.013636445
7614,304.56,-1.0,-1.6321313,-0.71311575,-0.8938839,0.0131503055
7615,304.6,-1.0,-0.3103215,0.58724177,-0.89439374,0.012648705
7616,304.64,-1.0,-0.5033293,0.3973664,-0.89491904,0.012131971
7617,304.68,-1.0,-0.6798377,0.2237226,-0.8954593,0.011600438
7618,304.72,-1.0,-1.019332,-0.1102619,-0.89601433,0.011054451
7619,304.76,-1.0,-0.6983001,0.20555985,-0.8965836,0.0104943635
7620,304.8,-1.0,-0.90734154,-8.893758e-05,-0.8971669,0.009920545
7621,304.84,-1.0,-1.2706945,-0.35754487,-0.8977638,0.009333368
7622,304.88,-1.0,-0.5244701,0.3765687,-0.89837384,0.008733223
7623,304.92,-1.0,-0.6239926,0.2786614,-0.89899665,0.008120506
7624,304.96,-1.0,-0.81184435,0.09385837,-0.89963186,0.0074956254
7625,305.0,-1.0,-1.1752698,-0.2636689,-0.900279,0.0068590012
7626,305.04,-1.0,-0.5565879,0.3449722,-0.9009376,0.0062110634
7627,305.08,-1.0,-1.4960687,-0.57926136,-0.9016073,0.0055522523
7628,305.12,-1.0,-0.794857,0.110570006,-0.90228754,0.0048830183
7629,305.16,-1.0,-0.4987111,0.40190965,-0.90297794,0.004203823
7630,305.2,-1.0,-0.71897453,0.18522096,-0.903678,0.0035151367
7631,305.24,-1.0,-0.3744108,0.5241926,-0.90438724,0.0028174403
7632,305.28,-1.0,-0.5515336,0.34994444,-0.90510505,0.002111224
7633,305.32,-1.0,-0.35713106,0.5411919,-0.9058311,0.0013969867
7634,305.36,-1.0,-0.55213124,0.3493565,-0.9065648,0.00067523547
7635,305.4,-1.0,-1.1993939,-0.2874014,-0.90730554,-5.3515876e-05
7636,305.44,-1.0,-0.95444643,-0.046429344,-0.9080529,-0.0007887491
7637,305.48,-1.0,-0.86458105,0.041977562,-0.9088063,-0.0015299427
7638,305.52,-1.0,-0.51552236,0.3853712,-0.90956527,-0.0022765747
7639,305.56,-1.0,-1.7638314,-0.84267837,-0.9103292,-0.0030281239
7640,305.6,-1.0,-1.519382,-0.6021963,-0.91109765,-0.0037840717
7641,305.64,-1.0,-1.6185024,-0.699708,-0.91187,-0.004543905
7642,305.68,-1.0,-0.87782264,0.028950877,-0.9126458,-0.0053071165
7643,305.72,-1.0,-0.8056899,0.09991298,-0.91342455,-0.006073206
7644,305.76,-1.0,-0.74978733,0.15490824,-0.9142057,-0.0068416814
7645,305.8,-1.0,-0.35679638,0.5415212,-0.91498876,-0.007612059
7646,305.84,-1.0,-1.1890922,-0.2772669,-0.91577333,-0.008383863
7647,305.88,-1.0,-1.0213137,-0.112211354,-0.9165588,-0.009156627
7648,305.92,-1.0,-0.5766214,0.32526377,-0.91734487,-0.009929895
7649,305.96,-1.0,-0.9647243,-0.05654041,-0.91813093,-0.010703223
7650,306.0,-1.0,-1.15826,-0.2469351,-0.91891664,-0.011476175
7651,306.04,-1.0,-1.1980519,-0.28608125,-0.9197015,-0.012248332
7652,306.08,-1.0,-0.26133353,0.6354347,-0.9204852,-0.013019285
7653,306.12,-1.0,-0.8199379,0.08589619,-0.9212673,-0.013788642
7654,306.16,-1.0,-1.0184358,-0.10938023,-0.9220473,-0.014556024
7655,306.2,-1.0,-1.3018082,-0.38815364,-0.922825,-0.01532107
7656,306.24,-1.0,-0.7296948,0.17467469,-0.9235999,-0.016083434
7657,306.28,-1.0,-1.3594251,-0.44483536,-0.9243718,-0.016842788
7658,306.32,-1.0,-0.5987536,0.30349082,-0.9251403,-0.017598826
7659,306.36,-1.0,-1.4392161,-0.5233315,-0.92590517,-0.018351259
7660,306.4,-1.0,-1.3230996,-0.4090995,-0.926666,-0.01909982
7661,306.44,-1.0,-1.3759243,-0.4610669,-0.92742276,-0.019844262
7662,306.48,-1.0,-0.54846025,0.3529679,-0.9281751,-0.020584362
7663,306.52,-1.0,-1.4476238,-0.53160274,-0.9289228,-0.021319913
7664,306.56,-1.0,-1.1389047,-0.22789393,-0.9296656,-0.022050735
7665,306.6,-1.0,-1.416644,-0.5011257,-0.93040353,-0.022776665
7666,306.64,-1.0,-0.9841496,-0.075650424,-0.93113637,-0.023497565
7667,306.68,-1.0,-1.0146413,-0.105647266,-0.9318639,-0.02421331
7668,306.72,-1.0,-1.2245245,-0.31212416,-0.93258613,-0.024923801
7669,306.76,-1.0,-0.9306887,-0.023057163,-0.9333029,-0.02562895
7670,306.8,-1.0,-0.025925338,0.8670224,-0.9340142,-0.026328688
7671,306.84,-1.0,-1.1497483,-0.23856159,-0.9347199,-0.027022958
7672,306.88,-1.0,-0.7594061,0.14544559,-0.93542004,-0.02771172
7673,306.92,-1.0,-1.0001676,-0.09140849,-0.9361145,-0.02839494
7674,306.96,-1.0,-0.1915952,0.70404124,-0.93680334,-0.029072601
7675,307.0,-1.0,-1.183634,-0.27189735,-0.9374865,-0.029744692
7676,307.04,-1.0,-0.8139075,0.09182871,-0.93816406,-0.030411215
7677,307.08,-1.0,-0.69958127,0.20429948,-0.9388359,-0.031072177
7678,307.12,-1.0,-0.67173976,0.23168916,-0.9395022,-0.031727597
7679,307.16,-1.0,-1.0536858,-0.1440581,-0.9401628,-0.032377504
7680,307.2,-1.0,-1.385168,-0.47016048,-0.94081783,-0.033021927
7681,307.24,-1.0,-1.0056531,-0.09680499,-0.94146734,-0.03366091
7682,307.28,-1.0,-1.0856438,-0.17549741,-0.94211143,-0.03429451
7683,307.32,-1.0,-1.2106603,-0.298485,-0.94275004,-0.03492278
7684,307.36,-1.0,-1.9597645,-1.0354316,-0.94338334,-0.035545792
7685,307.4,-1.0,-0.5455897,0.35579187,-0.94401133,-0.036163617
7686,307.44,-1.0,-0.49020088,0.41028178,-0.9446342,-0.036776338
7687,307.48,-1.0,-0.890503,0.016476326,-0.9452519,-0.03738404
7688,307.52,-1.0,-0.83954,0.06661221,-0.9458646,-0.037986815
7689,307.56,-1.0,-0.43695742,0.4626611,-0.9464724,-0.038584746
7690,307.6,-1.0,-1.303205,-0.38952774,-0.9470754,-0.039177936
7691,307.64,-1.0,-1.0236752,-0.114534564,-0.9476736,-0.039766476
7692,307.68,-1.0,-1.2092748,-0.29712194,-0.9482673,-0.040350456
7693,307.72,-1.0,-0.84442866,0.0618029,-0.94885635,-0.040929977
7694,307.76,-1.0,-0.4574594,0.44249183,-0.949441,-0.041505132
7695,307.8,-1.0,-0.8085797,0.09707006,-0.95002127,-0.04207601
7696,307.84,-1.0,-1.271256,-0.35809723,-0.95059735,-0.0426427
7697,307.88,-1.0,-1.0803798,-0.17031892,-0.9511692,-0.043205295
7698,307.92,-1.0,-0.64125776,0.26167643,-0.951737,-0.043763872
7699,307.96,-1.0,-0.90281296,0.0043661445,-0.9523008,-0.044318512
7700,308.0,-1.0,-0.49222064,0.4082948,-0.95286065,-0.04486929
7701,308.04,-1.0,-0.6757617,0.22773248,-0.95341665,-0.045416273
7702,308.08,-1.0,-1.5194569,-0.60226995,-0.9539689,-0.04595953
7703,308.12,-1.0,-0.9969583,-0.08825128,-0.95451736,-0.04649912
7704,308.16,-1.0,-0.46297377,0.43706697,-0.9550622,-0.047035098
7705,308.2,-1.0,-1.0165582,-0.10753304,-0.95560336,-0.04756751
7706,308.24,-1.0,-0.54300046,0.35833907,-0.956141,-0.048096403
7707,308.28,-1.0,-0.8979752,0.009125389,-0.95667505,-0.048621822
7708,308.32,-1.0,-1.5092316,-0.5922106,-0.95720565,-0.04914379
7709,308.36,-1.0,-0.83570087,0.07038904,-0.9577328,-0.04966235
7710,308.4,-1.0,-0.60377574,0.29855016,-0.9582564,-0.050177522
7711,308.44,-1.0,-0.45313114,0.44674987,-0.9587767,-0.050689332
7712,308.48,-1.0,-1.3187405,-0.40481108,-0.95929354,-0.0511978
7713,308.52,-1.0,-1.4630215,-0.54675055,-0.95980704,-0.051702943
7714,308.56,-1.0,-1.0919174,-0.18166922,-0.96031713,-0.052204777
7715,308.6,-1.0,-0.32807332,0.5697781,-0.9608239,-0.052703317
7716,308.64,-1.0,-1.5339255,-0.6165038,-0.9613273,-0.05319858
7717,308.68,-1.0,-1.0697536,-0.15986519,-0.96182746,-0.053690575
7718,308.72,-1.0,-0.95615107,-0.048106313,-0.96232426,-0.054179315
7719,308.76,-1.0,-1.9697838,-1.0452883,-0.9628178,-0.054664817
7720,308.8,-1.0,-0.8794638,0.027336366,-0.963308,-0.055147093
7721,308.84,-1.0,-0.8160539,0.08971713,-0.96379495,-0.055626158
7722,308.88,-1.0,-0.6078672,0.29452512,-0.9642787,-0.056102023
7723,308.92,-1.0,-1.6159713,-0.697218,-0.9647592,-0.056574695
7724,308.96,-1.0,-0.81933194,0.08649231,-0.9652364,-0.057044193
7725,309.0,-1.0,-1.613466,-0.6947534,-0.9657104,-0.057510518
7726,309.04,-1.0,-1.0643681,-0.15456706,-0.9661812,-0.05797367
7727,309.08,-1.0,-1.083157,-0.17305094,-0.96664876,-0.058433656
7728,309.12,-1.0,-0.17034781,0.72494376,-0.96711314,-0.058890462
7729,309.16,-1.0,-1.2708325,-0.35768065,-0.96757424,-0.05934408
7730,309.2,-1.0,-0.14609468,0.74880326,-0.96803206,-0.059794478
7731,309.24,-1.0,-0.27777684,0.6192582,-0.9684866,-0.060241636
7732,309.28,-1.0,-0.8107362,0.09494855,-0.96893775,-0.060685504
7733,309.32,-1.0,-0.93145806,-0.023814052,-0.96938556,-0.061126027
7734,309.36,-1.0,-0.9665054,-0.05829261,-0.9698299,-0.06156315
7735,309.4,-1.0,-0.75901186,0.14583343,-0.9702707,-0.061996788
7736,309.44,-1.0,-1.3922224,-0.47710043,-0.9707079,-0.06242686
7737,309.48,-1.0,-0.7650833,0.13986051,-0.97114134,-0.06285328
7738,309.52,-1.0,-0.59325933,0.3088959,-0.97157097,-0.06327593
7739,309.56,-1.0,-1.4701649,-0.55377793,-0.9719966,-0.06369471
7740,309.6,-1.0,-0.66036,0.24288425,-0.97241825,-0.0641095
7741,309.64,-1.0,-0.5206635,0.38031352,-0.9728357,-0.06452016
7742,309.68,-1.0,-1.0162253,-0.10720561,-0.9732488,-0.064926565
7743,309.72,-1.0,-0.8714866,0.035184093,-0.9736574,-0.065328576
7744,309.76,-1.0,-1.1385235,-0.22751889,-0.9740615,-0.06572604
7745,309.8,-1.0,-0.9389495,-0.031183943,-0.9744607,-0.066118814
7746,309.84,-1.0,-0.9108485,-0.003538981,-0.97485507,-0.066506736
7747,309.88,-1.0,-1.4909279,-0.574204,-0.9752443,-0.06688966
7748,309.92,-1.0,-1.467648,-0.55130196,-0.97562826,-0.06726742
7749,309.96,-1.0,-0.7461679,0.15846893,-0.97600687,-0.06763986
7750,310.0,-1.0,-1.1673261,-0.25585407,-0.9763799,-0.06800683
7751,310.04,-1.0,-1.1821374,-0.27042496,-0.97674716,-0.06836815
7752,310.08,-1.0,-0.8327259,0.07331575,-0.9771086,-0.06872369
7753,310.12,-1.0,-0.87906426,0.027729414,-0.97746396,-0.06907328
7754,310.16,-1.0,-0.43545067,0.4641434,-0.97781307,-0.06941677
7755,310.2,-1.0,-1.5224489,-0.6052134,-0.9781559,-0.069754004
7756,310.24,-1.0,-0.8492495,0.05706031,-0.97849214,-0.070084825
7757,310.28,-1.0,-1.2469906,-0.33422562,-0.97882175,-0.07040908
7758,310.32,-1.0,-1.4468291,-0.53082085,-0.9791446,-0.07072663
7759,310.36,-1.0,-1.0021122,-0.09332147,-0.97946036,-0.07103732
7760,310.4,-1.0,-0.53709984,0.36414394,-0.97976905,-0.07134101
7761,310.44,-1.0,-1.109112,-0.1985848,-0.98007053,-0.07163755
7762,310.48,-1.0,-1.0537119,-0.14408377,-0.9803645,-0.071926795
7763,310.52,-1.0,-0.8223181,0.08355465,-0.980651,-0.07220861
7764,310.56,-1.0,-0.5462011,0.35519037,-0.9809298,-0.07248286
7765,310.6,-1.0,-1.1797135,-0.26804042,-0.9812007,-0.072749406
7766,310.64,-1.0,-1.3833086,-0.46833134,-0.9814637,-0.073008105
7767,310.68,-1.0,-1.5792222,-0.66106534,-0.98171854,-0.073258825
7768,310.72,-1.0,-1.0922257,-0.1819725,-0.9819651,-0.07350143
7769,310.76,-1.0,-0.40104234,0.4979933,-0.98220336,-0.073735796
7770,310.8,-1.0,-0.615324,0.2871893,-0.9824331,-0.07396177
7771,310.84,-1.0,-0.5703929,0.33139122,-0.98265415,-0.07417924
7772,310.88,-1.0,-1.3254871,-0.41144824,-0.9828664,-0.07438807
7773,310.92,-1.0,-1.2956781,-0.38212302,-0.9830698,-0.07458812
7774,310.96,-1.0,-0.59678483,0.3054276,-0.983264,-0.07477926
7775,311.0,-1.0,-0.35526067,0.543032,-0.98344916,-0.07496135
7776,311.04,-1.0,-1.0766337,-0.16663356,-0.98362494,-0.07513427
7777,311.08,-1.0,-1.3011605,-0.38751638,-0.98379123,-0.07529788
7778,311.12,-1.0,-1.009045,-0.10014181,-0.98394793,-0.075452045
7779,311.16,-1.0,-0.80431914,0.101261444,-0.9840949,-0.07559663
7780,311.2,-1.0,-0.54127693,0.3600346,-0.984232,-0.07573152
7781,311.24,-1.0,-0.92853475,-0.020938195,-0.98435915,-0.07585658
7782,311.28,-1.0,-0.8816449,0.025190659,-0.98447615,-0.075971685
7783,311.32,-1.0,-1.3683205,-0.4535864,-0.9845829,-0.07607671
7784,311.36,-1.0,-1.0988047,-0.18844476,-0.9846793,-0.07617154
7785,311.4,-1.0,-1.3037646,-0.39007822,-0.98476523,-0.076256074
7786,311.44,-1.0,-0.8748418,0.031883337,-0.9848406,-0.07633019
7787,311.48,-1.0,-1.0265586,-0.1173712,-0.98490524,-0.07639381
7788,311.52,-1.0,-1.4755694,-0.5590947,-0.9849591,-0.076446824
7789,311.56,-1.0,-0.9390616,-0.031294182,-0.98500216,-0.076489165
7790,311.6,-1.0,-1.0773778,-0.1673656,-0.9850343,-0.07652074
7791,311.64,-1.0,-0.80163324,0.10390376,-0.9850554,-0.0765415
7792,311.68,-1.0,-0.4229195,0.47647113,-0.9850654,-0.07655137
7793,311.72,-1.0,-1.6170682,-0.6982971,-0.9850643,-0.076550305
7794,311.76,-1.0,-1.1849899,-0.27323124,-0.98505205,-0.076538265
7795,311.8,-1.0,-1.0520082,-0.14240769,-0.9850286,-0.0765152
7796,311.84,-1.0,-1.1113538,-0.20079014,-0.98499393,-0.0764811
7797,311.88,-1.0,-0.8102288,0.09544768,-0.98494804,-0.07643593
7798,311.92,-1.0,-0.78016216,0.1250264,-0.9848909,-0.07637969
7799,311.96,-1.0,-0.70630556,0.19768432,-0.98482245,-0.07631237
7800,312.0,-1.0,-0.50828296,0.39249313,-0.98474276,-0.07623397
7801,312.04,-1.0,-1.2168992,-0.3046226,-0.9846518,-0.07614451
7802,312.08,-1.0,-0.7489774,0.155705,-0.98454964,-0.07604399
7803,312.12,-1.0,-1.0326719,-0.12338528,-0.9844363,-0.07593246
7804,312.16,-1.0,-1.1622689,-0.25087893,-0.98431176,-0.07580994
7805,312.2,-1.0,-0.7635793,0.1413401,-0.98417604,-0.07567647
7806,312.24,-1.0,-1.4959542,-0.57914865,-0.98402935,-0.075532116
7807,312.28,-1.0,-1.1226122,-0.2118659,-0.9838716,-0.075376935
7808,312.32,-1.0,-0.6689533,0.23443037,-0.9837029,-0.075211
7809,312.36,-1.0,-0.88714755,0.01977732,-0.98352337,-0.075034395
7810,312.4,-1.0,-1.3740907,-0.45926297,-0.9833331,-0.07484723
7811,312.44,-1.0,-1.282299,-0.36896107,-0.98313224,-0.074649595
7812,312.48,-1.0,-1.2825172,-0.36917567,-0.9829208,-0.07444163
7813,312.52,-1.0,-1.0374125,-0.12804894,-0.98269904,-0.074223444
7814,312.56,-1.0,-0.81562495,0.09013913,-0.98246706,-0.073995195
7815,312.6,-1.0,-0.33363283,0.5643088,-0.98222494,-0.07375704
7816,312.64,-1.0,-1.2986734,-0.38506967,-0.981973,-0.07350914
7817,312.68,-1.0,-0.8329376,0.07310746,-0.98171127,-0.07325168
7818,312.72,-1.0,-0.8179914,0.08781112,-0.98144,-0.07298484
7819,312.76,-1.0,-1.3475065,-0.43311027,-0.98115945,-0.07270881
7820,312.8,-1.0,-1.252844,-0.33998406,-0.98086977,-0.072423816
7821,312.84,-1.0,-0.7497545,0.15494058,-0.98057115,-0.07213007
7822,312.88,-1.0,-0.47619063,0.42406464,-0.9802639,-0.0718278
7823,312.92,-1.0,-1.4104991,-0.4950805,-0.9799482,-0.07151725
7824,312.96,-1.0,-1.0595458,-0.14982295,-0.9796244,-0.07119867
7825,313.0,-1.0,-1.5734462,-0.655383,-0.9792927,-0.07087233
7826,313.04,-1.0,-0.63020176,0.27255303,-0.9789533,-0.07053849
7827,313.08,-1.0,-1.103159,-0.19272834,-0.97860664,-0.07019744
7828,313.12,-1.0,-1.2858465,-0.37245092,-0.97825295,-0.06984946
7829,313.16,-1.0,-0.7469132,0.15773574,-0.97789246,-0.069494866
7830,313.2,-1.0,-0.71273607,0.19135818,-0.9775256,-0.06913397
7831,313.24,-1.0,-0.9899853,-0.081391424,-0.97715265,-0.06876707
7832,313.28,-1.0,-1.1565393,-0.24524236,-0.976774,-0.068394504
7833,313.32,-1.0,-1.005401,-0.09655696,-0.9763898,-0.0680166
7834,313.36,-1.0,-0.4583624,0.44160348,-0.9760006,-0.0676337
7835,313.4,-1.0,-0.8048342,0.100754775,-0.9756067,-0.06724615
7836,313.44,-1.0,-0.99769557,-0.08897656,-0.97520834,-0.06685429
7837,313.48,-1.0,-0.6691249,0.23426157,-0.974806,-0.066458486
7838,313.52,-1.0,-1.2536917,-0.340818,-0.97440004,-0.0660591
7839,313.56,-1.0,-1.1136839,-0.2030825,-0.9739908,-0.06565649
7840,313.6,-1.0,-1.0703512,-0.16045308,-0.97357863,-0.06525104
7841,313.64,-1.0,-0.92485964,-0.017322727,-0.97316396,-0.06484311
7842,313.68,-1.0,-1.0637964,-0.15400462,-0.9727472,-0.06443311
7843,313.72,-1.0,-0.89593333,0.011134125,-0.9723287,-0.064021416
7844,313.76,-1.0,-1.3795673,-0.4646507,-0.9719089,-0.06360843
7845,313.8,-1.0,-1.4100204,-0.4946095,-0.97148824,-0.06319456
7846,313.84,-1.0,-0.867306,0.039296858,-0.971067,-0.062780194
7847,313.88,-1.0,-1.1676266,-0.2561497,-0.9706458,-0.062365767
7848,313.92,-1.0,-0.6289213,0.27381274,-0.97022486,-0.061951686
7849,313.96,-1.0,-1.1562251,-0.24493322,-0.9698047,-0.061538372
7850,314.0,-1.0,-0.44722474,0.45256042,-0.9693858,-0.06112625
7851,314.04,-1.0,-0.6915177,0.21223217,-0.9689685,-0.06071575
7852,314.08,-1.0,-1.2907736,-0.37729812,-0.9685533,-0.060307294
7853,314.12,-1.0,-1.0879794,-0.17779517,-0.96814066,-0.05990131
7854,314.16,-1.0,-1.0416989,-0.13226578,-0.96773094,-0.059498224
7855,314.2,-1.0,-1.5383956,-0.62090135,-0.96732455,-0.059098467
7856,314.24,-1.0,-0.71438265,0.18973833,-0.96692204,-0.05870247
7857,314.28,-1.0,-0.7268237,0.1774992,-0.96652377,-0.058310654
7858,314.32,-1.0,-1.1176839,-0.20701754,-0.96613014,-0.057923447
7859,314.36,-1.0,-0.94617283,-0.038290016,-0.9657417,-0.057541277
7860,314.4,-1.0,-1.213956,-0.3017272,-0.96535873,-0.057164554
7861,314.44,-1.0,-0.9211433,-0.013666697,-0.9649818,-0.056793697
7862,314.48,-1.0,-0.78696096,0.11833792,-0.9646112,-0.05642912
7863,314.52,-1.0,-0.81728816,0.08850292,-0.9642474,-0.056071226
7864,314.56,-1.0,-0.77944654,0.1257304,-0.9638908,-0.055720408
7865,314.6,-1.0,-0.9862328,-0.077699855,-0.96354175,-0.05537706
7866,314.64,-1.0,-0.7676632,0.13732252,-0.96320075,-0.05504156
7867,314.68,-1.0,-0.5418663,0.3594548,-0.96286803,-0.054714285
7868,314.72,-1.0,-0.9437612,-0.035917558,-0.9625441,-0.054395597
7869,314.76,-1.0,-0.7341926,0.17024988,-0.96222925,-0.054085854
7870,314.8,-1.0,-1.2835572,-0.3701988,-0.96192384,-0.053785402
7871,314.84,-1.0,-0.97995156,-0.07152054,-0.9616282,-0.053494573
7872,314.88,-1.0,-1.0528938,-0.14327893,-0.9613427,-0.053213697
7873,314.92,-1.0,-1.1901836,-0.27834067,-0.9610676,-0.052943088
7874,314.96,-1.0,-0.47321844,0.4269886,-0.96080333,-0.052683063
7875,315.0,-1.0,-0.36132056,0.5370704,-0.96055007,-0.05243391
7876,315.04,-1.0,-1.1399679,-0.2289399,-0.96030813,-0.052195936
7877,315.08,-1.0,-1.0670276,-0.15718335,-0.9600779,-0.05196941
7878,315.12,-1.0,-1.4051404,-0.48980874,-0.95985955,-0.05175461
7879,315.16,-1.0,-0.94975823,-0.041817226,-0.9596534,-0.0515518
7880,315.2,-1.0,-1.0882231,-0.17803489,-0.95945966,-0.051361237
7881,315.24,-1.0,-1.0208519,-0.11175703,-0.9592787,-0.051183175
7882,315.28,-1.0,-0.9855581,-0.077036075,-0.9591106,-0.051017854
7883,315.32,-1.0,-1.0232515,-0.11411777,-0.95895576,-0.050865512
7884,315.36,-1.0,-1.2069833,-0.2948677,-0.9588144,-0.050726376
7885,315.4,-1.0,-0.87533814,0.031395055,-0.9586866,-0.050600663
7886,315.44,-1.0,-0.85755736,0.048887275,-0.9585726,-0.050488587
7887,315.48,-1.0,-1.0885029,-0.17831013,-0.9584728,-0.05039035
7888,315.52,-1.0,-1.2667971,-0.35371068,-0.9583872,-0.050306153
7889,315.56,-1.0,-1.5311182,-0.613742,-0.9583161,-0.050236173
7890,315.6,-1.0,-0.74785125,0.1568129,-0.9582596,-0.050180588
7891,315.64,-1.0,-0.8375634,0.06855675,-0.95821786,-0.050139565
7892,315.68,-1.0,-0.80605567,0.099553116,-0.9581911,-0.05011326
7893,315.72,-1.0,-0.9905826,-0.08197902,-0.9581795,-0.050101813
7894,315.76,-1.0,-0.98680466,-0.07826242,-0.9581831,-0.05010535
7895,315.8,-1.0,-1.25756,-0.34462354,-0.958202,-0.050123986
7896,315.84,-1.0,-0.994958,-0.086283416,-0.9582364,-0.050157823
7897,315.88,-1.0,-0.59910464,0.30314544,-0.95828635,-0.05020694
7898,315.92,-1.0,-0.8731997,0.033498786,-0.9583519,-0.050271407
7899,315.96,-1.0,-0.7556524,0.14913836,-0.9584331,-0.05035127
7900,316.0,-1.0,-0.6701479,0.23325518,-0.95852995,-0.050446562
7901,316.04,-1.0,-0.6496905,0.25338054,-0.9586425,-0.05055729
7902,316.08,-1.0,-1.1060685,-0.19559065,-0.9587707,-0.050683443
7903,316.12,-1.0,-1.171663,-0.26012063,-0.9589146,-0.050824992
7904,316.16,-1.0,-0.9066625,0.0005790591,-0.9590741,-0.050981887
7905,316.2,-1.0,-1.0434707,-0.13400882,-0.9592491,-0.05115406
7906,316.24,-1.0,-1.0294728,-0.120238096,-0.9594395,-0.05134141
7907,316.28,-1.0,-1.2044986,-0.29242334,-0.9596453,-0.051543828
7908,316.32,-1.0,-0.7391988,0.16532493,-0.9598662,-0.051761184
7909,316.36,-1.0,-1.4799176,-0.56337243,-0.9601022,-0.051993314
7910,316.4,-1.0,-1.0530889,-0.1434709,-0.960353,-0.05224004
7911,316.44,-1.0,-0.23474783,0.6615889,-0.96061844,-0.05250116
7912,316.48,-1.0,-1.04046,-0.13104695,-0.9608982,-0.05277645
7913,316.52,-1.0,-0.77324504,0.13183126,-0.96119225,-0.05306565
7914,316.56,-1.0,-0.23797876,0.65841043,-0.96150005,-0.053368494
7915,316.6,-1.0,-0.905921,0.0013085678,-0.96182144,-0.053684674
7916,316.64,-1.0,-1.2809141,-0.3675986,-0.96215606,-0.054013863
7917,316.68,-1.0,-0.17083776,0.7244618,-0.96250355,-0.05435571
7918,316.72,-1.0,-0.99249893,-0.08386427,-0.9628635,-0.054709837
7919,316.76,-1.0,-1.0510598,-0.14147477,-0.96323556,-0.055075835
7920,316.8,-1.0,-1.0869757,-0.17680772,-0.96361923,-0.055453286
7921,316.84,-1.0,-0.7416573,0.16290632,-0.9640141,-0.055841736
7922,316.88,-1.0,-1.2767705,-0.36352223,-0.96441966,-0.056240715
7923,316.92,-1.0,-0.8983373,0.008769162,-0.9648354,-0.056649733
7924,316.96,-1.0,-1.0803778,-0.17031692,-0.96526086,-0.057068277
7925,317.0,-1.0,-0.84796727,0.05832172,-0.96569544,-0.05749581
7926,317.04,-1.0,-0.7020266,0.20189384,-0.96613866,-0.05793178
7927,317.08,-1.0,-0.61052346,0.29191193,-0.9665898,-0.058375627
7928,317.12,-1.0,-0.87474436,0.031979196,-0.96704835,-0.058826752
7929,317.16,-1.0,-1.0121832,-0.10322906,-0.96751374,-0.059284557
7930,317.2,-1.0,-0.7297669,0.17460376,-0.9679852,-0.059748422
7931,317.24,-1.0,-0.889985,0.016985886,-0.9684623,-0.060217712
7932,317.28,-1.0,-0.36679488,0.5316849,-0.9689442,-0.06069178
7933,317.32,-1.0,-1.1059685,-0.19549225,-0.96943027,-0.061169975
7934,317.36,-1.0,-1.0069847,-0.09811495,-0.96991986,-0.061651625
7935,317.4,-1.0,-0.9736226,-0.06529431,-0.97041225,-0.062136058
7936,317.44,-1.0,-0.9810202,-0.072571844,-0.97090685,-0.0626226
7937,317.48,-1.0,-1.3142604,-0.40040368,-0.9714028,-0.06311056
7938,317.52,-1.0,-1.312876,-0.39904177,-0.9718996,-0.06359926
7939,317.56,-1.0,-1.2931644,-0.37965006,-0.97239643,-0.06408801
7940,317.6,-1.0,-0.860104,0.046381928,-0.9728926,-0.06457615
7941,317.64,-1.0,-1.1318802,-0.22098342,-0.9733875,-0.06506298
7942,317.68,-1.0,-0.96525365,-0.057061166,-0.97388035,-0.06554784
7943,317.72,-1.0,-0.5869919,0.31506157,-0.97437054,-0.06603007
7944,317.76,-1.0,-1.2090939,-0.29694405,-0.97485733,-0.066509
7945,317.8,-1.0,-0.91458905,-0.007218823,-0.9753402,-0.06698399
7946,317.84,-1.0,-0.7552669,0.1495176,-0.97581834,-0.0674544
7947,317.88,-1.0,-1.1495465,-0.23836303,-0.97629124,-0.0679196
7948,317.92,-1.0,-1.4961187,-0.5793105,-0.9767582,-0.06837897
7949,317.96,-1.0,-0.48265988,0.41770035,-0.97721857,-0.068831906
7950,318.0,-1.0,-1.2468352,-0.33407283,-0.97767186,-0.06927783
7951,318.04,-1.0,-0.8745668,0.032153897,-0.9781174,-0.06971616
7952,318.08,-1.0,-1.0363101,-0.12696438,-0.9785547,-0.07014635
7953,318.12,-1.0,-1.4876246,-0.5709543,-0.97898316,-0.07056786
7954,318.16,-1.0,-0.892656,0.01435823,-0.9794023,-0.07098017
7955,318.2,-1.0,-1.1088853,-0.19836174,-0.97981155,-0.071382776
7956,318.24,-1.0,-0.7996731,0.10583211,-0.9802104,-0.07177521
7957,318.28,-1.0,-1.1480393,-0.23688033,-0.9805985,-0.07215701
7958,318.32,-1.0,-0.7819834,0.12323473,-0.9809754,-0.07252775
7959,318.36,-1.0,-1.0187099,-0.109649844,-0.9813406,-0.07288702
7960,318.4,-1.0,-1.2258079,-0.31338677,-0.98169374,-0.07323442
7961,318.44,-1.0,-0.9421463,-0.03432884,-0.98203444,-0.073569596
7962,318.48,-1.0,-0.863075,0.04345917,-0.98236233,-0.0738922
7963,318.52,-1.0,-1.15813,-0.24680728,-0.98267716,-0.07420193
7964,318.56,-0.9,-0.91850597,-0.011072166,-0.98297864,-0.07449849
7965,318.6,-0.9,-1.2154492,-0.30319616,-0.9832665,-0.07478162
7966,318.64,-0.9,-0.80564016,0.09996187,-0.98354036,-0.075051084
7967,318.68,-0.9,-1.2186041,-0.30629987,-0.9838002,-0.07530668
7968,318.72,-0.9,-1.5093206,-0.5922982,-0.9840457,-0.07554821
7969,318.76,-0.9,-1.1549493,-0.24367815,-0.9842768,-0.07577554
7970,318.8,-0.9,-1.2279248,-0.31546932,-0.98449326,-0.07598854
7971,318.84,-0.9,-1.3846729,-0.46967342,-0.98469514,-0.076187104
7972,318.88,-0.9,-1.0404614,-0.13104835,-0.98488224,-0.07637118
7973,318.92,-0.9,-0.7158288,0.18831569,-0.98505455,-0.07654071
7974,318.96,-0.9,-1.1701657,-0.25864756,-0.9852121,-0.07669568
7975,319.0,-0.9,-0.7305832,0.17380074,-0.98535484,-0.0768361
7976,319.04,-0.9,-0.94798785,-0.040075585,-0.9854828,-0.07696201
7977,319.08,-0.9,-0.8720442,0.034635536,-0.9855961,-0.077073455
7978,319.12,-0.9,-0.8171354,0.088653214,-0.98569477,-0.07717052
7979,319.16,-0.9,-0.87067574,0.035981797,-0.9857789,-0.077253304
7980,319.2,-0.9,-1.149812,-0.23862422,-0.98584867,-0.07732192
7981,319.24,-0.9,-0.99801177,-0.08928764,-0.98590416,-0.077376515
7982,319.28,-0.9,-0.7169696,0.18719336,-0.9859456,-0.07741725
7983,319.32,-0.9,-0.7282697,0.17607665,-0.98597306,-0.0774443
7984,319.36,-0.9,-0.9603216,-0.05220917,-0.9859868,-0.077457875
7985,319.4,-0.9,-1.1652737,-0.25383496,-0.9859872,-0.07745819
7986,319.44,-0.9,-0.8409094,0.06526501,-0.98597425,-0.077445485
7987,319.48,-0.9,-1.4297253,-0.5139947,-0.9859484,-0.07742001
7988,319.52,-0.9,-0.936755,-0.029025033,-0.98590976,-0.07738205
7989,319.56,-0.9,-1.1538568,-0.24260333,-0.9858588,-0.07733189
7990,319.6,-0.9,-1.2636912,-0.3506552,-0.98579574,-0.07726985
7991,319.64,-0.9,-0.54651624,0.35488036,-0.98572093,-0.07719626
7992,319.68,-0.9,-0.9765268,-0.068151355,-0.98563474,-0.07711147
7993,319.72,-0.9,-0.6808469,0.22272977,-0.9855375,-0.07701583
7994,319.76,-0.7,-0.8887887,0.018162794,-0.9854297,-0.07690974
7995,319.8,-0.5,-1.1592001,-0.24785993,-0.9853116,-0.07679359
7996,319.84,-0.3,-1.2922938,-0.3787936,-0.9851837,-0.07666778
7997,319.88,-0.2,-0.71999013,0.18422186,-0.98504645,-0.07653275
7998,319.92,0.0,-1.6149218,-0.6961855,-0.9849003,-0.07638895
7999,319.96,0.0,-0.8458216,0.060432546,-0.9847456,-0.076236814
8000,320.0,0.0,-0.7827755,0.122455426,-0.984583,-0.07607684
8001,320.04,0.0,-0.893301,0.013723724,-0.9844129,-0.0759095
8002,320.08,0.0,-1.0436981,-0.13423248,-0.9842359,-0.0757353
8003,320.12,0.0,-1.537668,-0.6201855,-0.9840523,-0.07555475
8004,320.16,0.0,-1.3630993,-0.44845003,-0.9838629,-0.075368375
8005,320.2,0.0,-1.2631966,-0.35016865,-0.983668,-0.075176716
8006,320.24,0.0,-0.7281875,0.17615753,-0.9834684,-0.07498031
8007,320.28,0.0,-0.30891567,0.5886248,-0.9832645,-0.07477973
8008,320.32,0.0,-1.4795438,-0.5630047,-0.98305696,-0.07457552
8009,320.36,0.0,-0.62975186,0.27299562,-0.98284626,-0.074368276
8010,320.4,0.0,-0.92991465,-0.022295699,-0.9826331,-0.07415856
8011,320.44,0.0,-1.268366,-0.3552541,-0.982418,-0.07394695
8012,320.48,0.0,-0.7044291,0.19953033,-0.9822016,-0.07373405
8013,320.52,0.0,-1.253439,-0.34056935,-0.98198444,-0.07352044
8014,320.56,-0.2,-1.2570226,-0.34409487,-0.9817672,-0.07330671
8015,320.6,-0.2,-1.0456805,-0.13618276,-0.98155046,-0.07309345
8016,320.64,-0.3,-0.46276903,0.43726838,-0.98133475,-0.07288127
8017,320.68,-0.4,-1.1685406,-0.25704888,-0.98112077,-0.072670735
8018,320.72,-0.5,-1.1480739,-0.23691434,-0.980909,-0.07246245
8019,320.76,-0.6,-0.84690356,0.05936817,-0.9807002,-0.072257
8020,320.8,-0.6,-1.0340525,-0.12474344,-0.9804948,-0.07205495
8021,320.84,-0.6,-1.4360702,-0.5202366,-0.98029345,-0.0718569
8022,320.88,-0.6,-1.143179,-0.23209894,-0.98009676,-0.071663395
8023,320.92,-0.6,-1.0494754,-0.13991606,-0.97990525,-0.071475
8024,320.96,-0.6,-0.8828541,0.024001084,-0.9797195,-0.07129227
8025,321.0,-0.6,-0.4769842,0.42328393,-0.9795401,-0.07111574
8026,321.04,-0.6,-1.0177535,-0.10870895,-0.9793675,-0.070945926
8027,321.08,-0.5,-1.231582,-0.31906718,-0.9792022,-0.07078335
8028,321.12,-0.5,-1.2196324,-0.30731148,-0.9790448,-0.07062849
8029,321.16,-0.5,-1.6630347,-0.7435176,-0.9788957,-0.07048183
8030,321.2,-0.5,-0.7308473,0.17354089,-0.9787554,-0.07034382
8031,321.24,-0.5,-0.42260993,0.4767757,-0.9786244,-0.07021491
8032,321.28,-0.5,-0.3387314,0.559293,-0.978503,-0.070095494
8033,321.32,-0.5,-1.0855776,-0.17543232,-0.97839165,-0.06998596
8034,321.36,-0.5,-0.74513745,0.15948266,-0.97829074,-0.06988668
8035,321.4,-0.5,-0.8705438,0.036111616,-0.97820055,-0.06979797
8036,321.44,-0.5,-0.56660557,0.33511707,-0.97812146,-0.06972014
8037,321.48,-0.5,-1.2574427,-0.34450814,-0.9780537,-0.06965346
8038,321.52,-0.5,-1.0097619,-0.100847095,-0.9779975,-0.069598176
8039,321.56,-0.5,-0.6031498,0.29916596,-0.9779531,-0.069554485
8040,321.6,-0.5,-0.7763329,0.12879348,-0.97792065,-0.069522575
8041,321.64,-0.5,-0.4754089,0.42483366,-0.9779003,-0.06950259
8042,321.68,-0.5,-0.47808886,0.42219722,-0.9778922,-0.069494635
8043,321.72,-0.5,-1.0858626,-0.17571273,-0.97789645,-0.0694988
8044,321.76,-0.5,-0.73414415,0.17029753,-0.9779131,-0.06951512
8045,321.8,-0.5,-0.9702785,-0.062004466,-0.977942,-0.06954361
8046,321.84,-0.5,-0.5404836,0.36081508,-0.97798336,-0.06958425
8047,321.88,-0.5,-1.6419733,-0.72279793,-0.97803694,-0.069637
8048,321.92,-0.5,-1.1561306,-0.24484023,-0.9781028,-0.06970178
8049,321.96,-0.5,-1.0532511,-0.1436305,-0.97818077,-0.06977848
8050,322.0,-0.5,-0.79774797,0.10772597,-0.9782707,-0.069866955
8051,322.04,-0.5,-0.92238677,-0.014889993,-0.97837245,-0.06996706
8052,322.08,-0.5,-1.2292659,-0.31678867,-0.9784858,-0.0700786
8053,322.12,-0.5,-0.13846236,0.7563117,-0.97861063,-0.070201345
8054,322.16,-0.5,-1.2563665,-0.34344938,-0.97874653,-0.07033507
8055,322.2,-0.5,-0.689695,0.21402529,-0.97889334,-0.070479505
8056,322.24,-0.5,-1.1617441,-0.2503627,-0.97905076,-0.070634365
8057,322.28,-0.5,-1.0728558,-0.16291702,-0.9792185,-0.07079933
8058,322.32,-0.5,-0.67105055,0.23236716,-0.97939605,-0.07097407
8059,322.36,-0.5,-1.7693863,-0.84814316,-0.97958326,-0.07115822
8060,322.4,-0.5,-1.1495969,-0.23841265,-0.97977966,-0.07135142
8061,322.44,-0.5,-0.6666199,0.23672593,-0.9799848,-0.07155327
8062,322.48,-0.5,-0.8848342,0.022053145,-0.9801984,-0.07176336
8063,322.52,-0.5,-1.1228219,-0.2120722,-0.9804199,-0.071981266
8064,322.56,-0.5,-1.4663469,-0.5500219,-0.9806489,-0.072206534
8065,322.6,-0.5,-1.0043623,-0.095535144,-0.9808849,-0.07243872
8066,322.64,-0.5,-0.9653105,-0.05711711,-0.98112744,-0.07267733
8067,322.68,-0.5,-1.0148548,-0.105857305,-0.981376,-0.07292187
8068,322.72,-0.5,-0.9981542,-0.08942778,-0.98163015,-0.073171854
8069,322.76,-0.5,-1.1723759,-0.26082194,-0.98188925,-0.073426746
8070,322.8,-0.6,-1.0273587,-0.118158236,-0.98215276,-0.07368601
8071,322.84,-0.7,-1.128314,-0.21747515,-0.9824202,-0.073949106
8072,322.88,-0.8,-0.81555516,0.09020779,-0.98269093,-0.07421545
8073,322.92,-0.8,-0.66820294,0.23516858,-0.9829644,-0.074484475
8074,322.96,-0.8,-0.9633022,-0.055141382,-0.98323995,-0.07475558
8075,323.0,-0.8,-0.84007305,0.06608782,-0.98351705,-0.07502816
8076,323.04,-0.8,-0.94309646,-0.035263576,-0.983795,-0.07530158
8077,323.08,-0.8,-1.3235217,-0.40951476,-0.9840731,-0.07557521
8078,323.12,-0.8,-1.2504247,-0.33760408,-0.9843508,-0.075848386
8079,323.16,-0.8,-0.7206163,0.18360588,-0.98462737,-0.07612044
8080,323.2,-0.8,0.12925243,1.0196817,-0.9849021,-0.076390706
8081,323.24,-0.7,-1.4790442,-0.5625132,-0.98517424,-0.076658465
8082,323.28,-0.7,-0.6042681,0.2980658,-0.9854432,-0.07692301
8083,323.32,-0.7,-1.1528527,-0.24161553,-0.9857081,-0.077183634
8084,323.36,-0.7,-0.8096095,0.096056975,-0.9859683,-0.07743959
8085,323.4,-0.7,-0.8336903,0.07236699,-0.9862229,-0.07769013
8086,323.44,-0.7,-1.2489514,-0.33615467,-0.98647135,-0.0779345
8087,323.48,-0.7,-1.2495736,-0.33676675,-0.9867127,-0.07817194
8088,323.52,-0.7,-1.3262551,-0.41220373,-0.9869462,-0.07840166
8089,323.56,-0.7,-1.7569888,-0.8359468,-0.9871711,-0.07862289
8090,323.6,-0.7,-1.0440016,-0.13453105,-0.9873865,-0.07883485
8091,323.64,-0.7,0.05746436,0.94905865,-0.98759174,-0.07903673
8092,323.68,-0.7,-0.61219317,0.29026935,-0.9877859,-0.07922772
8093,323.72,-0.7,-0.4845016,0.41588855,-0.98796815,-0.07940704
8094,323.76,-0.7,-0.4248941,0.4745286,-0.9881377,-0.079573855
8095,323.8,-0.7,-0.8173763,0.0884162,-0.98829377,-0.07972735
8096,323.84,-0.7,-0.7649032,0.14003772,-0.98843545,-0.07986671
8097,323.88,-0.7,-1.5164957,-0.5993569,-0.98856187,-0.079991095
8098,323.92,-0.7,-0.7113254,0.19274595,-0.98867226,-0.080099694
8099,323.96,-0.7,-0.9360273,-0.028309137,-0.9887658,-0.08019167
8100,324.0,-0.7,-1.1553842,-0.24410596,-0.98884153,-0.08026622
8101,324.04,-0.7,-0.29519045,0.6021272,-0.98889875,-0.08032252
8102,324.08,-0.7,-0.8811935,0.025634713,-0.9889366,-0.08035977
8103,324.12,-0.7,-0.9469616,-0.039065965,-0.9889543,-0.08037718
8104,324.16,-0.7,-0.5516803,0.34980008,-0.988951,-0.08037396
8105,324.2,-0.7,-1.527374,-0.6100586,-0.988926,-0.08034934
8106,324.24,-0.7,-0.1933806,0.70228475,-0.9888785,-0.08030259
8107,324.28,-0.7,-1.2043582,-0.2922852,-0.98880774,-0.08023297
8108,324.32,-0.7,-1.1086265,-0.19810714,-0.988713,-0.080139786
8109,324.36,-0.7,-1.5098224,-0.5927918,-0.98859364,-0.08002236
8110,324.4,-0.7,-1.3431865,-0.42886037,-0.988449,-0.07988005
8111,324.44,-0.7,-1.1011384,-0.19074053,-0.9882784,-0.07971224
8112,324.48,-0.7,-0.32645524,0.5713699,-0.98808134,-0.07951837
8113,324.52,-0.7,-1.2662591,-0.35318142,-0.9878572,-0.07929789
8114,324.56,-0.7,-1.7382722,-0.81753397,-0.9876056,-0.07905032
8115,324.6,-0.7,-1.8583272,-0.9356406,-0.9873259,-0.07877519
8116,324.64,-0.7,-1.5241487,-0.6068856,-0.9870178,-0.07847211
8117,324.68,-0.7,-1.1082102,-0.19769761,-0.986681,-0.07814071
8118,324.72,-0.7,-0.9019875,0.005178213,-0.986315,-0.0777807
8119,324.76,-0.7,-0.7884026,0.11691966,-0.9859197,-0.0773918
8120,324.8,-0.7,-0.7352849,0.1691753,-0.9854948,-0.07697381
8121,324.84,-0.7,-0.6292071,0.27353156,-0.9850402,-0.07652657
8122,324.88,-0.7,-1.3039247,-0.39023572,-0.9845557,-0.07604997
8123,324.92,-0.7,-0.74606395,0.15857121,-0.98404133,-0.07554395
8124,324.96,-0.7,-0.9206845,-0.0132153705,-0.9834971,-0.075008504
8125,325.0,-0.7,-1.6298094,-0.71083146,-0.9829229,-0.07444369
8126,325.04,-0.7,-1.246993,-0.33422798,-0.98231906,-0.0738496
8127,325.08,-0.7,-0.61663413,0.28590044,-0.9816856,-0.07322641
8128,325.12,-0.7,-1.2312012,-0.31869248,-0.9810227,-0.072574325
8129,325.16,-0.7,-0.85878515,0.047679402,-0.9803308,-0.071893625
8130,325.2,-0.7,-1.2724423,-0.35926434,-0.97961015,-0.071184635
8131,325.24,-0.7,-1.1216757,-0.2109446,-0.9788611,-0.07044775
8132,325.28,-0.7,-0.459306,0.44067526,-0.97808415,-0.06968342
8133,325.32,-0.7,-0.6483949,0.25465515,-0.9772798,-0.06889214
8134,325.36,-0.7,-1.6843354,-0.7644725,-0.97644866,-0.068074495
8135,325.4,-0.7,-1.2307476,-0.31824625,-0.97559136,-0.0672311
8136,325.44,-0.7,-2.1770806,-1.2492208,-0.97470856,-0.066362634
8137,325.48,-0.7,-1.00052,-0.09175515,-0.9738011,-0.06546985
8138,325.52,-0.7,-0.8534262,0.052951373,-0.97286963,-0.06455357
8139,325.56,-0.7,-0.7187047,0.18548644,-0.97191525,-0.06361464
8140,325.6,-0.7,-1.1171533,-0.20649555,-0.97093874,-0.062653996
8141,325.64,-0.7,-0.5981746,0.3040604,-0.9699412,-0.061672617
8142,325.68,-0.7,-1.0485692,-0.13902456,-0.96892357,-0.060671546
8143,325.72,-0.7,-1.6743398,-0.75463915,-0.9678871,-0.059651878
8144,325.76,-0.7,-1.6001673,-0.6816704,-0.9668329,-0.058614768
8145,325.8,-0.7,-1.3307123,-0.4165886,-0.96576214,-0.057561416
8146,325.84,-0.7,-1.6808465,-0.7610403,-0.9646762,-0.05649309
8147,325.88,-0.7,-1.1245748,-0.21379659,-0.9635764,-0.055411085
8148,325.92,-0.7,-1.1221374,-0.21139881,-0.962464,-0.054316774
8149,325.96,-0.7,-1.0746834,-0.16471496,-0.96134055,-0.053211555
8150,326.0,-0.7,-0.64904237,0.2540182,-0.96020746,-0.05209688
8151,326.04,-0.7,-1.3506948,-0.43624678,-0.95906633,-0.05097423
8152,326.08,-0.7,-1.0384179,-0.12903804,-0.9579186,-0.04984514
8153,326.12,-0.7,-1.1239431,-0.21317515,-0.9567659,-0.04871116
8154,326.16,-0.7,-0.9868613,-0.07831812,-0.95560986,-0.047573876
8155,326.2,-0.7,-0.88176626,0.025071256,-0.9544521,-0.046434905
8156,326.24,-0.7,-1.1393319,-0.22831425,-0.9532943,-0.04529589
8157,326.28,-0.7,-0.55764174,0.34393543,-0.9521381,-0.044158485
8158,326.32,-0.7,-1.5615755,-0.643705,-0.95098525,-0.043024357
8159,326.36,-0.7,-0.52161646,0.37937602,-0.9498375,-0.041895196
8160,326.4,-0.7,-0.47116762,0.4290061,-0.9486965,-0.04077269
8161,326.44,-0.7,-0.70406485,0.1998887,-0.94756395,-0.039658543
8162,326.48,-0.7,-1.1531557,-0.24191365,-0.94644165,-0.038554445
8163,326.52,-0.7,-0.4649275,0.43514496,-0.9453313,-0.0374621
8164,326.56,-0.7,-0.41866773,0.48065394,-0.94423455,-0.036383193
8165,326.6,-0.7,-0.2879024,0.60929704,-0.9431532,-0.03531941
8166,326.64,-0.7,-1.9510857,-1.0268936,-0.94208896,-0.03427242
8167,326.68,-0.6,-0.6134333,0.28904933,-0.94104344,-0.033243887
8168,326.72,-0.6,-0.6039132,0.29841492,-0.9400184,-0.03223545
8169,326.76,-0.6,-0.66575,0.23758167,-0.9390154,-0.031248743
8170,326.8,-0.6,-1.0504302,-0.14085533,-0.93803614,-0.03028537
8171,326.84,-0.6,-0.36272967,0.53568417,-0.9370822,-0.029346917
8172,326.88,-0.6,-1.3367207,-0.42249948,-0.9361552,-0.02843495
8173,326.92,-0.6,-0.72887623,0.17547998,-0.93525666,-0.027551012
8174,326.96,-0.6,-1.2655215,-0.35245585,-0.93438816,-0.026696611
8175,327.0,-0.6,-0.92129356,-0.013814516,-0.9335512,-0.02587324
8176,327.04,-0.6,-0.68194807,0.22164652,-0.9327473,-0.025082354
8177,327.08,-0.6,-0.69758177,0.20626652,-0.9319778,-0.02432538
8178,327.12,-0.6,-1.2035308,-0.29147118,-0.93124425,-0.023603717
8179,327.16,-0.6,-0.8012337,0.104296826,-0.93054795,-0.02291873
8180,327.2,-0.6,-0.9792042,-0.070785284,-0.9298903,-0.022271741
8181,327.24,-0.6,-1.1533319,-0.24208698,-0.9292726,-0.021664048
8182,327.28,-0.6,-0.48947394,0.41099685,-0.9286961,-0.021096904
8183,327.32,-0.6,-1.3991793,-0.48394445,-0.92816204,-0.020571528
8184,327.36,-0.6,-0.8499372,0.056383766,-0.9276717,-0.020089094
8185,327.4,-0.6,-0.8951209,0.011933349,-0.92722607,-0.019650737
8186,327.44,-0.6,-0.8348225,0.07125317,-0.92682636,-0.01925755
8187,327.48,-0.6,-0.7553019,0.14948317,-0.9264737,-0.018910578
8188,327.52,-0.6,-0.95740044,-0.049335413,-0.926169,-0.018610824
8189,327.56,-0.6,-0.689861,0.213862,-0.9259133,-0.018359242
8190,327.6,-0.6,-0.947419,-0.03951595,-0.9257074,-0.018156737
8191,327.64,-0.6,-1.2522107,-0.33936107,-0.9255523,-0.018004162
8192,327.68,-0.6,-0.9997035,-0.090951934,-0.9254488,-0.017902324
8193,327.72,-0.6,-0.37319028,0.5253933,-0.92539763,-0.017851973
8194,327.76,-0.6,-0.91439784,-0.007030718,-0.9253995,-0.017853806
8195,327.8,-0.6,-1.8068714,-0.8850199,-0.92545503,-0.017908465
8196,327.84,-0.6,-0.67843455,0.22510299,-0.9255649,-0.01801654
8197,327.88,-0.7,-0.6761795,0.22732145,-0.9257296,-0.018178558
8198,327.92,-0.7,-1.2067559,-0.29464394,-0.9259496,-0.01839499
8199,327.96,-0.7,-0.648225,0.25482225,-0.9262253,-0.018666247
8200,328.0,-0.7,-0.66823715,0.23513493,-0.9265571,-0.018992677
8201,328.04,-0.7,-0.579378,0.32255194,-0.9269453,-0.019374568
8202,328.08,-0.7,-0.36131507,0.5370758,-0.9273901,-0.019812139
8203,328.12,-0.7,-0.99769217,-0.088973224,-0.9278917,-0.020305546
8204,328.16,-0.7,-1.1238642,-0.21309751,-0.92845005,-0.02085488
8205,328.2,-0.7,-0.9231085,-0.015600026,-0.92906535,-0.021460164
8206,328.24,-0.7,-0.7981087,0.107371114,-0.92973745,-0.022121359
8207,328.28,-0.7,-1.1634737,-0.25206423,-0.93046623,-0.022838349
8208,328.32,-0.7,-0.33001697,0.56786597,-0.9312516,-0.023610957
8209,328.36,-0.7,-0.6102514,0.29217955,-0.93209326,-0.02443894
8210,328.4,-0.7,-0.7860569,0.11922733,-0.93299085,-0.025321981
8211,328.44,-0.7,-1.0477016,-0.13817102,-0.93394405,-0.0262597
8212,328.48,-0.7,-1.0195037,-0.11043078,-0.9349524,-0.027251646
8213,328.52,-0.7,-0.6711868,0.2322331,-0.93601525,-0.028297301
8214,328.56,-0.7,-1.0570228,-0.14734095,-0.9371322,-0.02939608
8215,328.6,-0.7,-0.55042624,0.3510338,-0.9383024,-0.030547328
8216,328.64,-0.7,-1.0935378,-0.18326333,-0.93952525,-0.03175033
8217,328.68,-0.7,-0.95417434,-0.046161667,-0.9407999,-0.033004303
8218,328.72,-0.7,-0.40502226,0.49407792,-0.9421255,-0.03430839
8219,328.76,-0.7,-0.87717825,0.029584818,-0.9435011,-0.035661682
8220,328.8,-0.7,-0.6794459,0.22410807,-0.9449258,-0.037063204
8221,328.84,-0.7,-1.2454808,-0.33274034,-0.9463984,-0.03851191
8222,328.88,-0.7,-0.5307871,0.3703542,-0.9479178,-0.040006697
8223,328.92,-0.7,-0.13248384,0.7621932,-0.949483,-0.041546408
8224,328.96,-0.7,-0.5881479,0.3139244,-0.9510925,-0.04312982
8225,329.0,-0.7,-0.41605836,0.48322093,-0.95274514,-0.044755656
8226,329.04,-0.7,-1.2629884,-0.34996387,-0.9544396,-0.04642258
8227,329.08,-0.7,-0.87702954,0.029731117,-0.9561744,-0.04812921
8228,329.12,-0.7,-0.6563128,0.24686572,-0.957948,-0.04987411
8229,329.16,-0.7,-0.69550675,0.20830789,-0.9597591,-0.051655803
8230,329.2,-0.7,-1.5561771,-0.63839424,-0.961606,-0.05347276
8231,329.24,-0.7,-1.3169421,-0.40304187,-0.96348727,-0.055323422
8232,329.28,-0.7,-1.0866152,-0.17645308,-0.96540105,-0.05720619
8233,329.32,-0.7,-0.28337198,0.6137539,-0.9673459,-0.059119426
8234,329.36,-0.7,-0.469128,0.43101263,-0.96931994,-0.061061468
8235,329.4,-0.7,-1.2942033,-0.3806721,-0.9713216,-0.06303062
8236,329.44,-0.7,-0.90221757,0.0049518794,-0.97334903,-0.06502517
8237,329.48,-0.7,-1.0320336,-0.12275727,-0.97540057,-0.06704337
8238,329.52,-0.7,-1.0499833,-0.14041565,-0.9774743,-0.06908347
8239,329.56,-0.7,-1.2288127,-0.3163428,-0.9795685,-0.07114369
8240,329.6,-0.7,-1.4283215,-0.51261365,-0.98168135,-0.07322224
8241,329.64,-0.7,-1.4316798,-0.5159175,-0.983811,-0.07531734
8242,329.68,-0.7,-1.2525431,-0.33968803,-0.98595566,-0.07742718
8243,329.72,-0.7,-0.6958244,0.20799541,-0.98811346,-0.07954996
8244,329.76,-0.7,-0.6584803,0.24473342,-0.9902826,-0.081683874
8245,329.8,-0.7,-1.0997207,-0.1893459,-0.9924612,-0.08382713
8246,329.84,-0.7,-0.9246884,-0.017154269,-0.99464744,-0.08597792
8247,329.88,-0.7,-0.9800552,-0.071622506,-0.9968396,-0.08813446
8248,329.92,-0.7,-1.2475098,-0.33473647,-0.9990357,-0.09029496
8249,329.96,-0.7,-0.8830157,0.023842119,-1.001234,-0.09245764
8250,330.0,-0.7,-1.1372439,-0.22626007,-1.0034329,-0.09462075
8251,330.04,-0.7,-0.6932396,0.21053821,-1.0056304,-0.09678255
8252,330.08,-0.7,-0.6896666,0.21405321,-1.0078247,-0.098941304
8253,330.12,-0.7,-1.1973706,-0.28541103,-1.0100143,-0.10109531
8254,330.16,-0.7,-1.3583224,-0.4437506,-1.0121973,-0.10324289
8255,330.2,-0.7,-1.2376403,-0.32502708,-1.014372,-0.10538238
8256,330.24,-0.7,-0.9485063,-0.040585615,-1.016537,-0.10751215
8257,330.28,-0.7,-0.9297705,-0.022153914,-1.0186903,-0.10963062
8258,330.32,-0.7,-0.8182944,0.08751301,-1.0208306,-0.1117362
8259,330.36,-0.7,-2.3046346,-1.3747046,-1.0229564,-0.11382737
8260,330.4,-0.7,-1.881798,-0.9587305,-1.0250659,-0.11590264
8261,330.44,-0.7,-0.9612905,-0.053162314,-1.0271577,-0.11796055
8262,330.48,-0.7,-0.68393993,0.21968699,-1.0292305,-0.11999969
8263,330.52,-0.7,-0.5777745,0.32412937,-1.0312828,-0.12201869
8264,330.56,-0.7,-1.4309278,-0.5151776,-1.0333133,-0.12401621
8265,330.6,-0.7,-1.199744,-0.28774583,-1.0353206,-0.12599097
8266,330.64,-0.7,-1.5100248,-0.59299093,-1.0373036,-0.12794173
8267,330.68,-0.7,-1.1868412,-0.27505252,-1.0392609,-0.12986727
8268,330.72,-0.7,-0.81058776,0.09509457,-1.0411913,-0.13176647
8269,330.76,-0.7,-0.72325134,0.18101358,-1.043094,-0.13363819
8270,330.8,-0.7,-1.0918726,-0.18162513,-1.0449677,-0.1354814
8271,330.84,-0.7,-0.2445929,0.6519036,-1.0468112,-0.13729505
8272,330.88,-0.7,-1.314373,-0.40051448,-1.0486238,-0.1390782
8273,330.92,-0.7,-1.5813115,-0.6631207,-1.0504043,-0.14082992
8274,330.96,-0.7,-1.0128988,-0.10393306,-1.0521522,-0.14254935
8275,331.0,-0.7,-1.0460285,-0.13652508,-1.0538663,-0.14423566
8276,331.04,-0.7,-1.5820909,-0.6638874,-1.0555459,-0.14588806
8277,331.08,-0.7,-0.82393825,0.08196076,-1.0571904,-0.14750586
8278,331.12,-0.7,-1.0008504,-0.092080235,-1.058799,-0.1490884
8279,331.16,-0.7,-0.4976775,0.40292645,-1.0603713,-0.15063503
8280,331.2,-0.7,-1.4818895,-0.56531227,-1.0619063,-0.1521452
8281,331.24,-0.7,-1.6776077,-0.757854,-1.0634038,-0.15361844
8282,331.28,-0.7,-1.1490271,-0.23785207,-1.0648633,-0.15505426
8283,331.32,-0.7,-1.690205,-0.7702469,-1.0662844,-0.15645225
8284,331.36,-0.7,-0.82418114,0.081721805,-1.0676666,-0.15781209
8285,331.4,-0.7,-1.2263675,-0.31393725,-1.0690099,-0.15913348
8286,331.44,-0.7,-0.6793704,0.22418237,-1.0703137,-0.16041619
8287,331.48,-0.7,-1.0054424,-0.09659766,-1.0715781,-0.16166003
8288,331.52,-0.7,-1.1033423,-0.1929087,-1.0728028,-0.16286486
8289,331.56,-0.7,-1.3908836,-0.4757833,-1.0739878,-0.16403061
8290,331.6,-0.7,-0.57111394,0.33068186,-1.0751331,-0.16515727
8291,331.64,-0.7,-1.1201632,-0.20945661,-1.0762385,-0.16624485
8292,331.68,-0.7,-1.1407795,-0.22973831,-1.0773045,-0.16729343
8293,331.72,-0.7,-1.2527701,-0.33991134,-1.0783309,-0.16830315
8294,331.76,-0.7,-1.3025897,-0.38892236,-1.0793179,-0.16927418
8295,331.8,-0.7,-1.3936299,-0.4784851,-1.0802659,-0.17020679
8296,331.84,-0.7,-1.6771683,-0.75742173,-1.0811751,-0.17110121
8297,331.88,-0.7,-0.6769328,0.22658038,-1.0820458,-0.1719578
8298,331.92,-0.7,-0.85854846,0.047912262,-1.0828785,-0.17277698
8299,331.96,-0.7,-1.1758246,-0.2642147,-1.0836735,-0.17355914
8300,332.0,-0.7,-1.0050917,-0.096252635,-1.0844315,-0.17430478
8301,332.04,-0.7,-1.3213767,-0.4074045,-1.0851529,-0.17501444
8302,332.08,-0.7,-1.393344,-0.47820386,-1.0858382,-0.17568868
8303,332.12,-0.7,-1.2466705,-0.33391076,-1.0864882,-0.17632815
8304,332.16,-0.7,-1.3019677,-0.38831055,-1.0871035,-0.17693348
8305,332.2,-0.7,-1.1622279,-0.25083858,-1.0876849,-0.1775054
8306,332.24,-0.7,-1.3028698,-0.38919795,-1.088233,-0.17804466
8307,332.28,-0.7,-1.1924558,-0.2805759,-1.0887488,-0.17855205
8308,332.32,-0.7,-1.0804299,-0.17036818,-1.089233,-0.1790284
8309,332.36,-0.7,-1.5658879,-0.6479475,-1.0896865,-0.17947458
8310,332.4,-0.7,-1.3014942,-0.38784474,-1.0901103,-0.17989148
8311,332.44,-0.7,-1.2322551,-0.3197293,-1.0905054,-0.18028004
8312,332.48,-0.7,-1.6129477,-0.6942435,-1.0908724,-0.18064123
8313,332.52,-0.7,-1.3272603,-0.41319257,-1.0912127,-0.18097605
8314,332.56,-0.7,-0.8907373,0.016245835,-1.0915273,-0.18128547
8315,332.6,-0.7,-0.1617887,0.7333639,-1.0918171,-0.18157057
8316,332.64,-0.7,-1.4849533,-0.56832635,-1.0920832,-0.18183239
8317,332.68,-0.7,-1.136756,-0.22578007,-1.0923268,-0.182072
8318,332.72,-0.7,-0.99177516,-0.08315224,-1.0925488,-0.18229046
8319,332.76,-0.7,-1.2381055,-0.3254848,-1.0927505,-0.1824889
8320,332.8,-0.7,-0.2882763,0.6089292,-1.092933,-0.1826684
8321,332.84,-0.7,-0.9186252,-0.011189446,-1.0930973,-0.18283007
8322,332.88,-0.7,-0.7752,0.129908,-1.0932447,-0.18297498
8323,332.92,-0.7,-0.9671981,-0.058974035,-1.0933762,-0.18310426
8324,332.96,-0.7,-1.1529325,-0.24169411,-1.0934927,-0.183219
8325,333.0,-0.7,-0.8519891,0.054365166,-1.0935957,-0.1833203
8326,333.04,-0.7,-0.9906145,-0.082010396,-1.0936861,-0.18340924
8327,333.08,-0.7,-0.63379663,0.26901647,-1.093765,-0.18348691
8328,333.12,-0.7,-1.3531346,-0.43864703,-1.0938337,-0.18355438
8329,333.16,-0.7,-1.1653718,-0.25393146,-1.0938929,-0.18361269
8330,333.2,-0.7,-0.83974767,0.06640793,-1.093944,-0.1836629
8331,333.24,-0.7,-0.7283571,0.17599073,-1.0939878,-0.18370606
8332,333.28,-0.7,-0.7352003,0.16925856,-1.0940256,-0.18374318
8333,333.32,-0.7,-0.5786717,0.32324678,-1.0940582,-0.18377526
8334,333.36,-0.7,-0.97220045,-0.063895226,-1.0940866,-0.1838033
8335,333.4,-0.7,-1.6344436,-0.7153905,-1.094112,-0.1838283
8336,333.44,-0.7,-1.0887924,-0.17859499,-1.0941354,-0.1838512
8337,333.48,-0.7,-0.51449513,0.3863818,-1.0941575,-0.18387294
8338,333.52,-0.7,-1.0892973,-0.17909165,-1.0941794,-0.18389447
8339,333.56,-0.7,-0.942202,-0.034383602,-1.0942019,-0.18391672
8340,333.6,-0.7,-0.8701053,0.03654296,-1.0942262,-0.18394056
8341,333.64,-0.7,-1.4877393,-0.57106715,-1.094253,-0.18396692
8342,333.68,-0.7,-1.1994736,-0.28747988,-1.0942832,-0.18399665
8343,333.72,-0.7,-1.1114625,-0.2008971,-1.0943178,-0.18403062
8344,333.76,-0.7,-1.9514568,-1.0272588,-1.0943575,-0.1840697
8345,333.8,-0.7,-1.6679463,-0.74834955,-1.0944033,-0.1841147
8346,333.84,-0.7,-1.2928543,-0.37934503,-1.0944558,-0.18416646
8347,333.88,-0.7,-1.1396176,-0.22859524,-1.0945162,-0.18422581
8348,333.92,-0.7,-1.1485559,-0.23738849,-1.0945851,-0.18429354
8349,333.96,-0.7,-1.674174,-0.7544761,-1.0946631,-0.18437044
8350,334.0,-0.7,-1.1796776,-0.26800513,-1.0947515,-0.18445727
8351,334.04,-0.7,-1.0507553,-0.14117514,-1.0948505,-0.1845548
8352,334.08,-0.7,-1.3603805,-0.44577533,-1.0949613,-0.18466376
8353,334.12,-0.7,-1.3730767,-0.45826542,-1.0950844,-0.18478486
8354,334.16,-0.7,-0.9241552,-0.016629696,-1.0952206,-0.18491879
8355,334.2,-0.7,-1.4035487,-0.48824292,-1.0953704,-0.18506624
8356,334.24,-0.7,-0.8256107,0.08031545,-1.0955347,-0.18522781
8357,334.28,-0.7,-0.9915498,-0.082930535,-1.095714,-0.18540412
8358,334.32,-0.7,-1.226334,-0.3139043,-1.0959088,-0.18559577
8359,334.36,-0.7,-1.1510766,-0.23986825,-1.0961196,-0.18580328
8360,334.4,-0.7,-0.6525221,0.25059494,-1.0963472,-0.18602715
8361,334.44,-0.7,-0.74603283,0.15860182,-1.096592,-0.18626787
8362,334.48,-0.7,-0.75144875,0.15327379,-1.0968541,-0.18652584
8363,334.52,-0.7,-1.2459503,-0.3332023,-1.0971342,-0.18680145
8364,334.56,-0.7,-0.16881037,0.7264563,-1.0974327,-0.18709503
8365,334.6,-0.7,-0.6236491,0.27899933,-1.0977497,-0.1874069
8366,334.64,-0.7,-0.6514319,0.2516674,-1.0980855,-0.18773726
8367,334.68,-0.7,-1.0707624,-0.16085756,-1.0984404,-0.18808632
8368,334.72,-0.7,-0.77828884,0.12686929,-1.0988144,-0.18845423
8369,334.76,-0.7,-0.57244205,0.32937533,-1.0992075,-0.18884109
8370,334.8,-0.7,-1.430621,-0.5148759,-1.0996201,-0.18924694
8371,334.84,-0.7,-0.79351115,0.11189405,-1.100052,-0.18967178
8372,334.88,-0.7,-0.9772643,-0.06887688,-1.1005031,-0.19011559
8373,334.92,-0.7,-1.3544891,-0.4399795,-1.1009734,-0.19057825
8374,334.96,-0.7,-1.094827,-0.18453166,-1.1014627,-0.19105965
8375,335.0,-0.7,-0.31554288,0.5821051,-1.1019709,-0.1915596
8376,335.04,-0.7,-1.1769116,-0.265284,-1.1024978,-0.19207788
8377,335.08,-0.7,-1.3521132,-0.43764222,-1.103043,-0.19261424
8378,335.12,-0.7,-1.2201686,-0.30783895,-1.1036062,-0.19316837
8379,335.16,-0.7,-0.8233026,0.08258606,-1.1041873,-0.19373995
8380,335.2,-0.7,-0.8380071,0.06812025,-1.1047856,-0.19432858
8381,335.24,-0.7,-1.5388035,-0.62130255,-1.1054009,-0.19493388
8382,335.28,-0.7,-1.3280333,-0.41395313,-1.1060326,-0.19555539
8383,335.32,-0.7,-0.7840096,0.12124141,-1.1066804,-0.19619264
8384,335.36,-0.7,-1.4421697,-0.5262371,-1.1073437,-0.19684513
8385,335.4,-0.7,-0.5018774,0.3987947,-1.1080219,-0.19751233
8386,335.44,-0.7,-0.86137944,0.04512722,-1.1087145,-0.19819368
8387,335.48,-0.7,-1.2897159,-0.37625754,-1.1094208,-0.19888858
8388,335.52,-0.7,-1.7325895,-0.81194353,-1.1101403,-0.19959643
8389,335.56,-0.7,-0.8596109,0.04686705,-1.1108724,-0.20031661
8390,335.6,-0.7,-0.9749011,-0.06655202,-1.1116163,-0.20104843
8391,335.64,-0.7,-1.6719382,-0.75227654,-1.1123713,-0.20179126
8392,335.68,-0.7,-1.2380826,-0.32546228,-1.1131369,-0.20254436
8393,335.72,-0.7,-0.31534165,0.5823031,-1.1139122,-0.20330708
8394,335.76,-0.7,-0.6259924,0.27669406,-1.1146965,-0.20407864
8395,335.8,-0.7,-1.1192405,-0.2085489,-1.1154891,-0.20485835
8396,335.84,-0.7,-0.5480462,0.35337526,-1.1162891,-0.20564543
8397,335.88,-0.7,-1.0902473,-0.1800262,-1.117096,-0.20643914
8398,335.92,-0.7,-1.7102723,-0.7899885,-1.1179087,-0.20723869
8399,335.96,-0.7,-1.663857,-0.7443265,-1.1187266,-0.20804334
8400,336.0,-0.7,-1.1814464,-0.26974526,-1.1195489,-0.20885228
8401,336.04,-0.7,-1.393251,-0.47811228,-1.1203748,-0.20966475
8402,336.08,-0.7,-0.5556216,0.34592274,-1.1212034,-0.21047999
8403,336.12,-0.7,-0.9781795,-0.06977725,-1.1220342,-0.2112972
8404,336.16,-0.7,-1.0385904,-0.12920773,-1.122866,-0.21211562
8405,336.2,-0.7,-1.1014698,-0.19106656,-1.1236985,-0.2129345
8406,336.24,-0.7,-1.331883,-0.41774026,-1.1245306,-0.21375307
8407,336.28,-0.7,-1.5728719,-0.6548181,-1.1253616,-0.2145706
8408,336.32,-0.7,-0.9842479,-0.07574718,-1.1261908,-0.21538635
8409,336.36,-0.7,-1.7881007,-0.86655384,-1.1270174,-0.2161996
8410,336.4,-0.7,-1.7110938,-0.7907967,-1.1278409,-0.21700966
8411,336.44,-0.7,-1.1917404,-0.27987215,-1.1286603,-0.21781583
8412,336.48,-0.7,-1.0031904,-0.09438222,-1.1294751,-0.21861745
8413,336.52,-0.7,-1.737148,-0.8164281,-1.1302848,-0.21941388
8414,336.56,-0.7,-1.4637413,-0.54745865,-1.1310884,-0.22020447
8415,336.6,-0.7,-1.0846035,-0.17447408,-1.1318855,-0.22098863
8416,336.64,-0.7,-0.5431314,0.35821024,-1.1326754,-0.22176577
8417,336.68,-0.7,-1.5707362,-0.652717,-1.1334577,-0.22253531
8418,336.72,-0.7,-1.2832432,-0.3698899,-1.1342316,-0.22329669
8419,336.76,-0.7,-1.2398636,-0.32721436,-1.1349968,-0.22404939
8420,336.8,-0.7,-1.3937666,-0.4786196,-1.1357524,-0.2247929
8421,336.84,-0.7,-1.4433975,-0.527445,-1.1364985,-0.22552672
8422,336.88,-0.7,-1.5149672,-0.5978532,-1.137234,-0.22625037
8423,336.92,-0.7,-1.7383511,-0.81761163,-1.1379588,-0.22696339
8424,336.96,-0.7,-1.0086085,-0.09971235,-1.1386724,-0.22766533
8425,337.0,-0.7,-0.6337956,0.26901746,-1.1393741,-0.2283558
8426,337.04,-0.7,-0.66171926,0.24154702,-1.1400639,-0.22903433
8427,337.08,-0.7,-0.73923254,0.16529173,-1.1407411,-0.22970057
8428,337.12,-0.7,-0.59160036,0.31052795,-1.1414055,-0.2303541
8429,337.16,-0.7,-1.057108,-0.14742482,-1.1420565,-0.23099454
8430,337.2,-0.7,-1.0997261,-0.18935117,-1.1426938,-0.23162152
8431,337.24,-0.7,-1.0652609,-0.15544534,-1.143317,-0.23223467
8432,337.28,-0.7,-1.3810254,-0.46608517,-1.1439259,-0.23283367
8433,337.32,-0.7,-0.51420045,0.38667166,-1.14452,-0.23341814
8434,337.36,-0.7,-0.94191676,-0.03410302,-1.145099,-0.23398775
8435,337.4,-0.7,-1.0257849,-0.116609976,-1.1456627,-0.2345422
8436,337.44,-0.7,-1.4936064,-0.5768391,-1.1462104,-0.23508117
8437,337.48,-0.7,-1.9487364,-1.0245825,-1.1467423,-0.23560435
8438,337.52,-0.7,-1.3236897,-0.40967995,-1.1472578,-0.23611145
8439,337.56,-0.7,-1.0407684,-0.13135034,-1.1477566,-0.23660219
8440,337.6,-0.7,-1.4564184,-0.54025453,-1.1482385,-0.23707633
8441,337.64,-0.7,-0.9147307,-0.0073582083,-1.1487033,-0.2375336
8442,337.68,-0.7,-1.0941193,-0.1838354,-1.1491508,-0.23797378
8443,337.72,-0.7,-1.2188296,-0.30652174,-1.1495806,-0.23839661
8444,337.76,-0.7,-1.1710583,-0.25952572,-1.1499926,-0.23880191
8445,337.8,-0.7,-1.1406641,-0.2296248,-1.1503866,-0.23918945
8446,337.84,-0.7,-1.3610724,-0.446456,-1.1507622,-0.23955905
8447,337.88,-0.7,-0.5280415,0.37305528,-1.1511196,-0.23991053
8448,337.92,-0.7,-1.3739351,-0.4591099,-1.1514583,-0.24024372
8449,337.96,-0.7,-0.84194404,0.0642472,-1.1517781,-0.24055845
8450,338.0,-0.7,-0.98243743,-0.07396606,-1.1520791,-0.24085458
8451,338.04,-0.7,-1.1414351,-0.23038332,-1.1523612,-0.24113195
8452,338.08,-0.7,-1.2715938,-0.35842958,-1.1526239,-0.24139045
8453,338.12,-0.7,-1.7616398,-0.84052235,-1.1528673,-0.24162994
8454,338.16,-0.7,-1.0989368,-0.1885747,-1.1530913,-0.24185033
8455,338.2,-0.7,-0.8693143,0.037321128,-1.1532959,-0.24205151
8456,338.24,-0.7,-0.85721225,0.049226783,-1.1534808,-0.24223341
8457,338.28,-0.7,-1.0953976,-0.18509293,-1.1536459,-0.24239592
8458,338.32,-0.7,-0.5810789,0.32087865,-1.1537913,-0.24253899
8459,338.36,-0.7,-0.9878345,-0.07927555,-1.153917,-0.24266256
8460,338.4,-0.7,-1.2207756,-0.30843613,-1.1540227,-0.2427666
8461,338.44,-0.7,-1.157237,-0.24592876,-1.1541085,-0.24285106
8462,338.48,-0.7,-0.8168682,0.088916086,-1.1541744,-0.24291593
8463,338.52,-0.7,-1.3718637,-0.45707214,-1.1542205,-0.24296118
8464,338.56,-0.7,-1.1544104,-0.24314795,-1.1542466,-0.24298686
8465,338.6,-0.7,-1.1500378,-0.23884633,-1.1542528,-0.24299295
8466,338.64,-0.7,-1.2843262,-0.37095532,-1.1542392,-0.24297951
8467,338.68,-0.7,-1.1482917,-0.23712862,-1.1542057,-0.24294661
8468,338.72,-0.7,-1.2515005,-0.33866236,-1.1541525,-0.24289432
8469,338.76,-0.7,-1.0714962,-0.16157949,-1.1540798,-0.24282274
8470,338.8,-0.7,-1.4902064,-0.5734942,-1.1539875,-0.24273197
8471,338.84,-0.7,-1.4269755,-0.51128954,-1.153876,-0.24262217
8472,338.88,-0.7,-2.016373,-1.0911213,-1.153745,-0.24249351
8473,338.92,-0.7,-1.1843468,-0.27259853,-1.1535953,-0.24234615
8474,338.96,-0.7,-2.0588775,-1.132936,-1.1534268,-0.24218033
8475,339.0,-0.7,-1.0808887,-0.17081957,-1.1532397,-0.24199627
8476,339.04,-0.7,-1.3233265,-0.40932262,-1.1530343,-0.24179423
8477,339.08,-0.7,-1.3586712,-0.44409373,-1.1528109,-0.24157447
8478,339.12,-0.7,-1.0966805,-0.18635505,-1.1525699,-0.24133731
8479,339.16,-0.7,-0.7765932,0.12853742,-1.1523114,-0.24108306
8480,339.2,-0.7,-1.0579716,-0.14827435,-1.152036,-0.24081203
8481,339.24,-0.7,-0.95861435,-0.050529614,-1.1517438,-0.24052459
8482,339.28,-0.7,-1.1474345,-0.2362853,-1.1514353,-0.24022111
8483,339.32,-0.7,-0.80035424,0.105162,-1.1511108,-0.23990196
8484,339.36,-0.7,-1.368046,-0.45331642,-1.1507709,-0.2395675
8485,339.4,-0.7,-1.8126519,-0.89070654,-1.1504158,-0.23921818
8486,339.44,-0.7,-1.0627743,-0.1529991,-1.150046,-0.23885438
8487,339.48,-0.7,-1.6981728,-0.7780854,-1.1496619,-0.23847651
8488,339.52,-0.7,-1.1542994,-0.24303877,-1.1492639,-0.23808502
8489,339.56,-0.7,-0.7941545,0.11126111,-1.1488526,-0.23768033
8490,339.6,-0.7,-0.52151144,0.37947935,-1.1484282,-0.23726289
8491,339.64,-0.7,-0.6765048,0.22700146,-1.1479914,-0.23683316
8492,339.68,-0.7,-1.164339,-0.2529154,-1.1475425,-0.23639153
8493,339.72,-0.7,-1.5082684,-0.591263,-1.147082,-0.2359385
8494,339.76,-0.6,-1.3232677,-0.40926483,-1.1466103,-0.2354745
8495,339.8,-0.6,-0.7846146,0.120646186,-1.1461279,-0.23499997
8496,339.84,-0.6,-1.6867733,-0.7668709,-1.1456354,-0.23451534
8497,339.88,-0.6,-0.5841985,0.31780967,-1.1451329,-0.23402108
8498,339.92,-0.5,-1.5120003,-0.5949344,-1.1446211,-0.23351763
8499,339.96,-0.5,-0.9931883,-0.08454247,-1.1441005,-0.2330054
8500,340.0,-0.5,-0.9751659,-0.066812545,-1.1435714,-0.23248485
8501,340.04,-0.5,-1.0877864,-0.1776053,-1.1430341,-0.23195638
8502,340.08,-0.5,-0.8537189,0.052663453,-1.1424893,-0.2314204
8503,340.12,-0.5,-1.2237226,-0.31133527,-1.1419374,-0.23087734
8504,340.16,-0.5,-0.96016246,-0.052052602,-1.1413785,-0.2303276
8505,340.2,-0.5,-1.7021501,-0.78199816,-1.1408134,-0.22977158
8506,340.24,-0.5,-0.75810736,0.14672324,-1.1402421,-0.22920965
8507,340.28,-0.5,-1.1795293,-0.26785925,-1.1396652,-0.22864218
8508,340.32,-0.5,-1.0906432,-0.18041568,-1.1390831,-0.22806954
8509,340.36,-0.5,-0.84702873,0.059245028,-1.1384963,-0.2274921
8510,340.4,-0.5,-0.962534,-0.054385662,-1.1379046,-0.22691017
8511,340.44,-0.5,-1.1658642,-0.25441593,-1.137309,-0.22632411
8512,340.48,-0.5,-1.698095,-0.7780088,-1.1367093,-0.22573423
8513,340.52,-0.5,-0.7728884,0.13218206,-1.1361061,-0.22514082
8514,340.56,-0.5,-1.0704406,-0.16054103,-1.1354997,-0.22454421
8515,340.6,-0.5,-0.76970935,0.13530955,-1.1348903,-0.22394466
8516,340.64,-0.5,-1.7440434,-0.8232115,-1.134278,-0.22334243
8517,340.68,-0.5,-1.0465558,-0.13704377,-1.1336635,-0.2227378
8518,340.72,-0.5,-1.1641977,-0.25277644,-1.1330466,-0.222131
8519,340.76,-0.5,-0.5371619,0.3640829,-1.1324279,-0.22152226
8520,340.8,-0.5,-1.1734942,-0.2619221,-1.1318073,-0.2209118
8521,340.84,-0.5,-0.9650195,-0.05683084,-1.1311853,-0.22029983
8522,340.88,-0.5,-1.5931175,-0.67473507,-1.1305618,-0.21968652
8523,340.92,-0.5,-0.8198519,0.085980825,-1.1299373,-0.21907206
8524,340.96,-0.5,-1.4390035,-0.52312225,-1.1293117,-0.21845663
8525,341.0,-0.5,-0.8307905,0.0752197,-1.1286852,-0.21784033
8526,341.04,-0.5,-1.322928,-0.4089306,-1.1280581,-0.21722335
8527,341.08,-0.5,-1.4744824,-0.5580254,-1.1274303,-0.21660577
8528,341.12,-0.5,-1.0752546,-0.16527683,-1.1268021,-0.21598773
8529,341.16,-0.5,-0.86898565,0.037644453,-1.1261735,-0.2153693
8530,341.2,-0.5,-0.79948866,0.106013544,-1.1255445,-0.21475059
8531,341.24,-0.5,-1.5052328,-0.58827674,-1.1249154,-0.21413165
8532,341.28,-0.5,-1.2288754,-0.31640446,-1.124286,-0.21351254
8533,341.32,-0.5,-0.89796656,0.009133883,-1.1236566,-0.2128933
8534,341.36,-0.5,-1.3811442,-0.466202,-1.1230271,-0.21227397
8535,341.4,-0.5,-1.5684326,-0.65045077,-1.1223974,-0.21165454
8536,341.44,-0.5,-0.69090825,0.21283174,-1.1217676,-0.21103503
8537,341.48,-0.5,-0.26564956,0.63118875,-1.1211379,-0.21041541
8538,341.52,-0.5,-1.8353529,-0.9130391,-1.1205078,-0.20979567
8539,341.56,-0.5,-1.0157009,-0.10668972,-1.1198777,-0.20917575
8540,341.6,-0.5,-0.66132736,0.24193257,-1.1192473,-0.2085556
8541,341.64,-0.5,-0.9829452,-0.074465595,-1.1186166,-0.20793512
8542,341.68,-0.5,-1.2534148,-0.34054556,-1.1179855,-0.20731427
8543,341.72,-0.5,-0.8914958,0.015499614,-1.1173539,-0.20669292
8544,341.76,-0.5,-1.584824,-0.66657615,-1.1167217,-0.20607096
8545,341.8,-0.5,-1.2497374,-0.3369279,-1.1160887,-0.20544825
8546,341.84,-0.5,-0.6973721,0.20647284,-1.1154548,-0.20482466
8547,341.88,-0.5,-1.0892401,-0.17903535,-1.1148199,-0.20420004
8548,341.92,-0.5,-0.6351855,0.2676502,-1.1141838,-0.20357421
8549,341.96,-0.5,-0.9934939,-0.0848431,-1.1135463,-0.202947
8550,342.0,-0.5,-0.6376418,0.26523373,-1.112907,-0.20231822
8551,342.04,-0.5,-1.1216285,-0.21089816,-1.1122661,-0.20168768
8552,342.08,-0.5,-0.12868649,0.765929,-1.1116232,-0.20105515
8553,342.12,-0.5,-0.88542193,0.02147492,-1.110978,-0.20042042
8554,342.16,-0.5,-1.4995847,-0.5827203,-1.1103303,-0.1997833
8555,342.2,-0.5,-1.1710855,-0.25955245,-1.1096799,-0.19914351
8556,342.24,-0.5,-1.1879046,-0.2760986,-1.1090267,-0.19850086
8557,342.28,-0.5,-1.1267842,-0.21597016,-1.1083703,-0.1978551
8558,342.32,-0.5,-0.9265021,-0.018938541,-1.1077105,-0.197206
8559,342.36,-0.5,-0.7272564,0.17707351,-1.1070471,-0.19655338
8560,342.4,-0.5,-1.548101,-0.6304491,-1.1063799,-0.195897
8561,342.44,-0.5,-0.9633108,-0.055149823,-1.1057087,-0.19523665
8562,342.48,-0.5,-1.2247543,-0.31235027,-1.1050332,-0.19457217
8563,342.52,-0.5,-1.4769027,-0.56040645,-1.1043533,-0.19390334
8564,342.56,-0.5,-1.5737894,-0.65572065,-1.1036689,-0.19323005
8565,342.6,-0.5,-1.5954349,-0.6770149,-1.1029798,-0.19255212
8566,342.64,-0.5,-1.4469895,-0.53097874,-1.1022859,-0.19186945
8567,342.68,-0.5,-1.3795979,-0.4646808,-1.101587,-0.19118194
8568,342.72,-0.5,-1.6612558,-0.7417676,-1.1008832,-0.1904895
8569,342.76,-0.5,-1.4607619,-0.5445276,-1.1001743,-0.18979211
8570,342.8,-0.5,-0.6185583,0.2840075,-1.0994604,-0.18908972
8571,342.84,-0.5,-1.5008631,-0.58397794,-1.0987413,-0.18838233
8572,342.88,-0.5,-0.83421636,0.07184947,-1.0980171,-0.18766995
8573,342.92,-0.5,-1.5476351,-0.6299908,-1.097288,-0.18695265
8574,342.96,-0.5,-0.9391196,-0.03135124,-1.0965539,-0.1862305
8575,343.0,-0.5,-1.4102391,-0.49482474,-1.095815,-0.18550356
8576,343.04,-0.5,-0.5199859,0.3809801,-1.0950713,-0.18477196
8577,343.08,-0.5,-1.6052057,-0.6866271,-1.094323,-0.18403584
8578,343.12,-0.5,-1.3742102,-0.4593806,-1.0935704,-0.18329534
8579,343.16,-0.5,-0.91564167,-0.008254357,-1.0928134,-0.18255067
8580,343.2,-0.6,-1.1303785,-0.21950611,-1.0920523,-0.181802
8581,343.24,-0.6,-0.50684977,0.39390308,-1.0912875,-0.18104957
8582,343.28,-0.6,-1.6187836,-0.6999846,-1.0905191,-0.1802936
8583,343.32,-0.6,-1.8176837,-0.8956567,-1.0897473,-0.17953436
8584,343.36,-0.6,-0.9942614,-0.08559812,-1.0889724,-0.1787721
8585,343.4,-0.6,-0.894995,0.012057252,-1.088195,-0.17800716
8586,343.44,-0.6,-0.28509647,0.6120574,-1.0874149,-0.17723979
8587,343.48,-0.6,-0.8342527,0.071813695,-1.0866327,-0.17647032
8588,343.52,-0.6,-1.273284,-0.3600923,-1.0858488,-0.17569913
8589,343.56,-0.6,-1.135184,-0.22423369,-1.0850635,-0.17492652
8590,343.6,-0.6,-1.1058499,-0.19537558,-1.084277,-0.17415285
8591,343.64,-0.6,-1.1000378,-0.18965785,-1.0834899,-0.17337853
8592,343.68,-0.6,-1.1819216,-0.2702127,-1.0827025,-0.1726039
8593,343.72,-0.6,-1.2021927,-0.29015478,-1.0819153,-0.17182939
8594,343.76,-0.6,-0.72021806,0.18399763,-1.0811285,-0.17105538
8595,343.8,-0.6,-1.6642673,-0.7447302,-1.0803427,-0.17028229
8596,343.84,-0.6,-0.834909,0.07116803,-1.0795581,-0.16951056
8597,343.88,-0.6,-1.8360507,-0.9137257,-1.0787755,-0.16874062
8598,343.92,-0.6,-0.96728784,-0.05906234,-1.0779952,-0.16797289
8599,343.96,-0.6,-1.0633904,-0.15360518,-1.0772175,-0.16720787
8600,344.0,-0.6,-0.71107566,0.19299167,-1.0764431,-0.16644599
8601,344.04,-0.6,-1.3265936,-0.41253677,-1.0756723,-0.16568771
8602,344.08,-0.6,-1.4158584,-0.5003528,-1.0749056,-0.1649335
8603,344.12,-0.6,-1.0789151,-0.16887796,-1.0741435,-0.16418386
8604,344.16,-0.6,-1.3113918,-0.3975817,-1.0733867,-0.16343921
8605,344.2,-0.6,-0.59854317,0.30369782,-1.0726353,-0.16270009
8606,344.24,-0.6,-0.6789798,0.22456661,-1.0718901,-0.16196692
8607,344.28,-0.6,-1.0484297,-0.13888733,-1.0711514,-0.1612402
8608,344.32,-0.6,-0.6103129,0.2921191,-1.0704197,-0.16052039
8609,344.36,-0.6,-1.1419716,-0.23091106,-1.0696955,-0.15980797
8610,344.4,-0.6,-0.94327295,-0.035437196,-1.0689793,-0.15910338
8611,344.44,-0.6,-0.785192,0.120078154,-1.0682715,-0.15840709
8612,344.48,-0.6,-1.48128,-0.56471264,-1.0675726,-0.15771955
8613,344.52,-0.6,-0.26529104,0.63154143,-1.0668831,-0.15704119
8614,344.56,-0.6,-0.7367206,0.16776288,-1.0662034,-0.15637246
8615,344.6,-0.6,-1.5062999,-0.58932644,-1.0655338,-0.15571378
8616,344.64,-0.6,-1.527381,-0.6100654,-1.0648749,-0.15506558
8617,344.68,-0.6,-1.0893786,-0.17917162,-1.0642271,-0.15442829
8618,344.72,-0.6,-1.8434856,-0.9210399,-1.0635908,-0.15380229
8619,344.76,-0.6,-0.9067309,0.00051180273,-1.0629663,-0.15318802
8620,344.8,-0.6,-1.6691571,-0.7495406,-1.0623542,-0.15258586
8621,344.84,-0.6,-1.055014,-0.14536476,-1.0617548,-0.15199623
8622,344.88,-0.6,-1.0911766,-0.18094048,-1.0611687,-0.15141948
8623,344.92,-0.6,-1.2715651,-0.3584013,-1.0605959,-0.150856
8624,344.96,-0.6,-0.50634265,0.39440197,-1.0600369,-0.15030617
8625,345.0,-0.6,-0.9407242,-0.032929808,-1.0594922,-0.1497703
8626,345.04,-0.6,-1.4783055,-0.5617864,-1.0589621,-0.14924878
8627,345.08,-0.6,-1.4702116,-0.55382395,-1.0584469,-0.1487419
8628,345.12,-0.6,-1.3089677,-0.3951969,-1.0579468,-0.14824997
8629,345.16,-0.6,-1.6472671,-0.7280059,-1.0574623,-0.1477733
8630,345.2,-0.6,-0.92485297,-0.017316163,-1.0569935,-0.14731213
8631,345.24,-0.6,-1.2521923,-0.3393429,-1.0565407,-0.14686675
8632,345.28,-0.6,-1.0157981,-0.1067853,-1.0561043,-0.14643735
8633,345.32,-0.6,-0.33452153,0.5634345,-1.0556842,-0.14602412
8634,345.36,-0.6,-0.9619121,-0.053773843,-1.0552808,-0.14562728
8635,345.4,-0.6,-0.40240294,0.49665475,-1.0548942,-0.14524691
8636,345.44,-0.6,-1.0158755,-0.106861405,-1.0545244,-0.14488316
8637,345.48,-0.6,-1.2027653,-0.29071817,-1.0541717,-0.14453606
8638,345.52,-0.6,-0.9204545,-0.012989089,-1.0538359,-0.14420567
8639,345.56,-0.6,-0.33766562,0.5603415,-1.053517,-0.14389199
8640,345.6,-0.6,-0.7701452,0.13488081,-1.053215,-0.14359497
8641,345.64,-0.6,-1.0021031,-0.09331256,-1.05293,-0.14331451
8642,345.68,-0.6,-1.1094184,-0.19888619,-1.0526615,-0.1430505
8643,345.72,-0.6,-0.61616135,0.28636554,-1.0524098,-0.14280279
8644,345.76,-0.6,-0.82764584,0.07831333,-1.0521743,-0.14257115
8645,345.8,-0.6,-1.1252052,-0.21441674,-1.051955,-0.14235534
8646,345.84,-0.6,-1.4483315,-0.5322989,-1.0517514,-0.14215507
8647,345.88,-0.6,-0.28297168,0.61414766,-1.0515633,-0.14197
8648,345.92,-0.6,-0.6949607,0.20884505,-1.0513902,-0.14179978
8649,345.96,-0.6,-1.2443856,-0.33166292,-1.0512319,-0.14164399
8650,346.0,-0.6,-0.7245339,0.17975181,-1.0510877,-0.14150216
8651,346.04,-0.6,-1.2115293,-0.29933983,-1.0509572,-0.14137383
8652,346.08,-0.6,-0.6863687,0.21729761,-1.05084,-0.14125845
8653,346.12,-0.6,-1.048887,-0.1393372,-1.0507352,-0.14115547
8654,346.16,-0.6,-1.2464341,-0.3336782,-1.0506426,-0.14106427
8655,346.2,-0.6,-0.86505836,0.041507997,-1.0505612,-0.14098422
8656,346.24,-0.6,-0.9484823,-0.04056198,-1.0504905,-0.14091463
8657,346.28,-0.6,-0.89251065,0.014501251,-1.0504297,-0.14085484
8658,346.32,-0.6,-1.1622909,-0.25090063,-1.0503781,-0.14080408
8659,346.36,-0.6,-0.76600444,0.13895434,-1.0503349,-0.14076158
8660,346.4,-0.6,-1.1792004,-0.2675357,-1.0502993,-0.14072657
8661,346.44,-0.6,-0.57182896,0.32997844,-1.0502704,-0.14069821
8662,346.48,-0.6,-0.88896096,0.017993338,-1.0502476,-0.14067565
8663,346.52,-0.6,-1.4361956,-0.52036,-1.0502297,-0.14065805
8664,346.56,-0.6,-0.6801212,0.22344375,-1.0502158,-0.14064449
8665,346.6,-0.6,-1.5909227,-0.67257595,-1.0502052,-0.14063406
8666,346.64,-0.6,-0.6625856,0.24069473,-1.0501969,-0.14062585
8667,346.68,-0.6,-1.2802136,-0.36690947,-1.0501899,-0.14061889
8668,346.72,-0.6,-1.1956627,-0.28373083,-1.050183,-0.14061224
8669,346.76,-0.6,-0.8328185,0.07322463,-1.0501757,-0.14060493
8670,346.8,-0.5,-1.1687335,-0.25723863,-1.0501666,-0.14059597
8671,346.84,-0.5,-1.3322365,-0.41808808,-1.0501548,-0.1405844
8672,346.88,-0.5,-1.1415567,-0.23050295,-1.0501393,-0.14056917
8673,346.92,-0.5,-1.2471627,-0.33439496,-1.0501192,-0.14054932
8674,346.96,-0.5,-0.64069366,0.26223138,-1.0500932,-0.14052384
8675,347.0,-0.5,-1.1200423,-0.2093377,-1.0500605,-0.14049171
8676,347.04,-0.5,-1.3872476,-0.47220632,-1.0500201,-0.14045194
8677,347.08,-0.5,-1.2131281,-0.30091274,-1.0499709,-0.14040352
8678,347.12,-0.5,-1.8534348,-0.93082756,-1.0499119,-0.14034544
8679,347.16,-0.4,-1.1485517,-0.23738438,-1.049842,-0.14027672
8680,347.2,-0.4,-0.68178666,0.2218053,-1.0497603,-0.14019634
8681,347.24,-0.4,-1.4914137,-0.57468194,-1.0496658,-0.14010333
8682,347.28,-0.3,-1.2559032,-0.34299368,-1.0495573,-0.13999669
8683,347.32,-0.3,-0.82886565,0.07711332,-1.0494342,-0.13987544
8684,347.36,-0.3,-0.602371,0.2999321,-1.0492951,-0.13973863
8685,347.4,-0.3,-1.0468438,-0.13732712,-1.0491391,-0.13958529
8686,347.44,-0.3,-1.269111,-0.3559871,-1.0489655,-0.13941441
8687,347.48,-0.3,-0.7827183,0.12251174,-1.048773,-0.13922511
8688,347.52,-0.3,-0.8032633,0.10230016,-1.0485609,-0.13901639
8689,347.56,-0.3,-0.88825434,0.018688478,-1.048328,-0.13878734
8690,347.6,-0.3,-0.77441156,0.13068366,-1.0480736,-0.138537
8691,347.64,-0.3,-0.36994827,0.5285827,-1.0477966,-0.13826449
8692,347.68,-0.3,-0.78579575,0.11948422,-1.0474961,-0.13796887
8693,347.72,-0.3,-0.47520977,0.42502952,-1.0471712,-0.13764924
8694,347.76,-0.3,-0.6550282,0.24812946,-1.046821,-0.13730474
8695,347.8,-0.3,-1.1508156,-0.23961154,-1.0464447,-0.13693447
8696,347.84,-0.3,-1.1723131,-0.26076013,-1.0460413,-0.1365376
8697,347.88,-0.3,-1.1449288,-0.23382029,-1.04561,-0.13611329
8698,347.92,-0.3,-1.2436043,-0.33089432,-1.0451499,-0.13566075
8699,347.96,-0.3,-1.0529368,-0.14332125,-1.0446604,-0.13517918
8700,348.0,-0.3,-1.9652746,-1.0408523,-1.0441406,-0.13466784
8701,348.04,-0.3,-1.4800677,-0.5635201,-1.0435898,-0.13412602
8702,348.08,-0.3,-1.1031768,-0.19274592,-1.0430075,-0.13355304
8703,348.12,-0.3,-1.0901462,-0.17992675,-1.0423926,-0.13294825
8704,348.16,-0.3,-1.0375625,-0.12819646,-1.041745,-0.13231105
8705,348.2,-0.3,-1.1299249,-0.21905988,-1.0410637,-0.13164085
8706,348.24,-0.3,-0.39755964,0.5014194,-1.0403484,-0.13093714
8707,348.28,-0.3,-0.5748114,0.3270444,-1.0395985,-0.13019943
8708,348.32,-0.3,-1.4673005,-0.55096006,-1.0388136,-0.12942727
8709,348.36,-0.3,-1.1224931,-0.21174875,-1.0379933,-0.12862028
8710,348.4,-0.3,-1.302571,-0.38890406,-1.0371373,-0.1277781
8711,348.44,-0.2,-1.3782251,-0.4633303,-1.0362451,-0.1269004
8712,348.48,-0.2,-0.6133121,0.28916854,-1.0353166,-0.12598698
8713,348.52,-0.2,-1.3205953,-0.40663576,-1.0343515,-0.12503758
8714,348.56,-0.2,-1.139694,-0.22867042,-1.0333498,-0.124052085
8715,348.6,-0.2,-1.7584093,-0.8373443,-1.0323112,-0.12303039
8716,348.64,-0.2,-0.96992666,-0.06165833,-1.0312358,-0.12197244
8717,348.68,-0.2,-0.8801199,0.026690893,-1.0301236,-0.12087827
8718,348.72,-0.1,-1.177585,-0.26594648,-1.0289745,-0.11974794
8719,348.76,0.0,-1.4136182,-0.49814898,-1.027789,-0.11858157
8720,348.8,0.0,-1.149224,-0.23804581,-1.026567,-0.11737936
8721,348.84,0.0,-1.0123935,-0.10343593,-1.0253087,-0.11614154
8722,348.88,0.0,-0.96079695,-0.052676797,-1.0240146,-0.114868425
8723,348.92,0.0,-1.1272292,-0.21640795,-1.0226849,-0.11356036
8724,348.96,0.0,-1.4859554,-0.56931216,-1.0213202,-0.112217784
8725,349.0,0.0,-1.3050786,-0.39137095,-1.0199208,-0.11084115
8726,349.04,0.0,-0.85060143,0.055730306,-1.0184875,-0.109431006
8727,349.08,0.0,-1.2095354,-0.2973783,-1.0170206,-0.10798795
8728,349.12,0.0,-1.7505479,-0.82961047,-1.0155209,-0.10651262
8729,349.16,0.0,-0.84859043,0.05770866,-1.0139892,-0.105005726
8730,349.2,0.0,-1.477046,-0.5605474,-1.0124261,-0.10346803
8731,349.24,0.0,-1.210896,-0.29871687,-1.0108325,-0.101900354
8732,349.28,0.0,-0.4163769,0.4829076,-1.0092094,-0.10030355
8733,349.32,0.0,-1.2219844,-0.3096253,-1.0075576,-0.09867857
8734,349.36,0.0,-0.66279936,0.24048445,-1.0058782,-0.097026356
8735,349.4,0.0,-1.4775769,-0.5610696,-1.0041721,-0.09534793
8736,349.44,0.0,-0.7013651,0.2025446,-1.0024403,-0.09364437
8737,349.48,0.0,-1.0970023,-0.18667157,-1.0006843,-0.09191678
8738,349.52,0.0,-0.9769953,-0.06861225,-0.99890494,-0.09016631
8739,349.56,0.0,-0.9205391,-0.0130722895,-0.9971036,-0.08839416
8740,349.6,0.0,-1.5807086,-0.6625276,-0.9952814,-0.08660156
8741,349.64,0.0,-1.5055743,-0.58861274,-0.99343973,-0.0847898
8742,349.68,0.0,-1.4133039,-0.49783972,-0.99157995,-0.08296018
8743,349.72,0.0,-1.0147107,-0.10571551,-0.98970336,-0.08111406
8744,349.76,0.0,-1.6238406,-0.7049596,-0.9878114,-0.07925282
8745,349.8,0.0,-1.05341,-0.14378683,-0.9859055,-0.077377856
8746,349.84,0.0,-1.1418259,-0.23076776,-0.98398715,-0.07549063
8747,349.88,0.0,-0.53688365,0.3643566,-0.9820578,-0.0735926
8748,349.92,0.0,-0.72122943,0.18300265,-0.980119,-0.07168525
8749,349.96,0.0,-1.3736839,-0.4588628,-0.97817224,-0.069770075
8750,350.0,0.0,-1.0711606,-0.16124925,-0.97621906,-0.0678486
8751,350.04,0.0,-1.4305942,-0.5148495,-0.97426105,-0.06592236
8752,350.08,0.0,-0.75704753,0.14776587,-0.9722997,-0.063992865
8753,350.12,0.0,-0.70953393,0.19450837,-0.9703367,-0.06206167
8754,350.16,0.0,-0.5003103,0.40033638,-0.9683734,-0.060130317
8755,350.2,0.0,-0.63795286,0.2649277,-0.9664116,-0.05820033
8756,350.24,0.0,-1.0678544,-0.15799676,-0.96445274,-0.056273237
8757,350.28,0.0,-0.94429356,-0.036441244,-0.9624983,-0.054350562
8758,350.32,0.0,0.075139165,0.96644664,-0.96054995,-0.052433807
8759,350.36,0.0,-1.0987126,-0.1883541,-0.9586091,-0.050524466
8760,350.4,0.0,-0.53113115,0.37001577,-0.9566773,-0.048624
8761,350.44,0.0,-0.18523097,0.7103022,-0.95475596,-0.046733867
8762,350.48,0.0,-0.9008352,0.0063117817,-0.95284665,-0.044855498
8763,350.52,0.0,-1.7897661,-0.86819214,-0.9509506,-0.042990293
8764,350.56,0.0,-1.2502975,-0.33747894,-0.94906944,-0.04113964
8765,350.6,0.0,-0.67566204,0.22783053,-0.9472045,-0.039304893
8766,350.64,0.0,-0.87693083,0.029828213,-0.94535697,-0.037487376
8767,350.68,0.0,-0.43053037,0.46898383,-0.9435283,-0.035688397
8768,350.72,0.0,-0.76031435,0.14455208,-0.9417198,-0.03390922
8769,350.76,0.0,-0.92328,-0.01576873,-0.93993264,-0.032151084
8770,350.8,0.0,-1.0823469,-0.17225407,-0.9381681,-0.030415198
8771,350.84,0.0,-0.31224418,0.5853503,-0.93642735,-0.028702734
8772,350.88,0.0,-1.008466,-0.099572204,-0.93471164,-0.027014827
8773,350.92,0.0,-0.9885335,-0.07996319,-0.93302196,-0.025352582
8774,350.96,0.0,-0.6653668,0.23795864,-0.93135947,-0.023717066
8775,351.0,0.0,-1.1896689,-0.27783427,-0.92972517,-0.022109307
8776,351.04,0.0,-1.1453786,-0.23426276,-0.92812014,-0.020530302
8777,351.08,0.0,-0.91817796,-0.010749489,-0.92654526,-0.018981006
8778,351.12,0.0,-0.6176435,0.2849075,-0.92500156,-0.017462336
8779,351.16,0.0,-0.30023426,0.5971653,-0.92348987,-0.015975175
8780,351.2,0.0,-0.72747207,0.17686135,-0.922011,-0.014520363
8781,351.24,0.0,-1.087795,-0.17761375,-0.9205659,-0.013098705
8782,351.28,0.0,-0.52482176,0.37622276,-0.9191553,-0.011710962
8783,351.32,0.0,-1.0323082,-0.12302747,-0.91777986,-0.0103578605
8784,351.36,0.0,-0.18751615,0.708054,-0.91644037,-0.009040086
8785,351.4,0.0,-1.0162784,-0.1072578,-0.9151374,-0.007758286
8786,351.44,0.0,-0.8870533,0.01987002,-0.91387165,-0.0065130726
8787,351.48,0.0,-1.3965892,-0.48139632,-0.9126437,-0.0053050197
8788,351.52,0.0,-0.88489723,0.021991111,-0.911454,-0.004134666
8789,351.56,0.0,-1.2141862,-0.30195367,-0.9103032,-0.0030025167
8790,351.6,0.0,-1.231216,-0.31870705,-0.90919167,-0.0019090419
8791,351.64,0.0,-1.2312378,-0.3187285,-0.9081199,-0.00085467927
8792,351.68,0.0,-0.7263931,0.17792279,-0.90708834,0.00016016653
8793,351.72,0.0,-0.8415647,0.06462037,-0.9060973,0.0011351237
8794,351.76,0.0,-0.013290048,0.8794526,-0.90514714,0.002069853
8795,351.8,0.0,-0.72448236,0.17980254,-0.90423816,0.002964048
8796,351.84,0.0,-1.3327242,-0.41856784,-0.90337074,0.0038174351
8797,351.88,0.0,-0.53928626,0.36199299,-0.902545,0.004629772
8798,351.92,0.1,-1.0838469,-0.17372973,-0.9017612,0.0054008486
8799,351.96,0.1,-0.9683173,-0.060075063,-0.9010195,0.006130484
8800,352.0,0.1,-1.0245501,-0.11539525,-0.9003201,0.006818528
8801,352.04,0.1,-1.1399877,-0.22895938,-0.89966315,0.007464858
8802,352.08,0.2,-1.005897,-0.09704494,-0.8990486,0.00806938
8803,352.12,0.2,-1.2069014,-0.2947871,-0.8984767,0.008632029
8804,352.16,0.2,-1.2199243,-0.30759868,-0.8979474,0.009152765
8805,352.2,0.2,-0.81399,0.09174756,-0.89746064,0.009631577
8806,352.24,0.2,-0.74754655,0.15711266,-0.8970165,0.01006848
8807,352.28,0.2,-0.8205171,0.085326366,-0.896615,0.010463515
8808,352.32,0.2,-1.5064822,-0.5895059,-0.8962559,0.010816754
8809,352.36,0.2,-1.3281362,-0.4140543,-0.89593923,0.011128292
8810,352.4,0.2,-1.1225965,-0.21185043,-0.8956648,0.011398258
8811,352.44,0.2,-0.6338525,0.26896152,-0.89543253,0.011626801
8812,352.48,0.2,-0.9068948,0.00035054982,-0.89524215,0.011814109
8813,352.52,0.2,-1.0188473,-0.109785065,-0.89509344,0.011960393
8814,352.56,0.2,-0.49170977,0.40879732,-0.8949862,0.0120659
8815,352.6,0.3,-0.17295468,0.7223792,-0.8949201,0.012130906
8816,352.64,0.3,-1.3052346,-0.39152434,-0.8948949,0.012155724
8817,352.68,0.4,-0.57219493,0.32961842,-0.89491016,0.012140698
8818,352.72,0.4,-0.042589426,0.85062873,-0.8949655,0.01208621
8819,352.76,0.4,-0.89539564,0.011663087,-0.8950606,0.011992672
8820,352.8,0.4,-0.8459815,0.06027528,-0.89519495,0.0118605355
8821,352.84,0.4,-0.35173434,0.54650104,-0.895368,0.011690283
8822,352.88,0.4,-1.1099797,-0.19943844,-0.8955793,0.0114824325
8823,352.92,0.4,-1.1989189,-0.2869342,-0.8958282,0.011237534
8824,352.96,0.4,-0.9150475,-0.0076698586,-0.89611423,0.010956169
8825,353.0,0.4,-0.65829647,0.24491426,-0.8964367,0.01063895
8826,353.04,0.4,-1.0717686,-0.16184747,-0.8967949,0.010286522
8827,353.08,0.4,-0.6171026,0.28543955,-0.89718825,0.009899556
8828,353.12,0.4,-0.783563,0.121680714,-0.897616,0.009478752
8829,353.16,0.4,-1.0071263,-0.09825427,-0.8980774,0.009024839
8830,353.2,0.4,-1.3213096,-0.40733847,-0.8985717,0.008538572
8831,353.24,0.5,-1.1299665,-0.2191008,-0.8990981,0.008020732
8832,353.28,0.5,-0.98088557,-0.07243939,-0.89965576,0.0074721226
8833,353.32,0.5,-0.3651594,0.53329384,-0.9002438,0.006893574
8834,353.36,0.5,-0.8210843,0.08476838,-0.9008615,0.006285937
8835,353.4,0.5,-0.95561457,-0.04757852,-0.90150785,0.0056500873
8836,353.44,0.5,-0.34649813,0.55165225,-0.9021819,0.0049869223
8837,353.48,0.5,-0.3772906,0.52135956,-0.9028829,0.00429736
8838,353.52,0.5,-0.56556743,0.33613834,-0.9036097,0.0035823379
8839,353.56,0.5,-0.6028495,0.29946136,-0.9043614,0.0028428135
8840,353.6,0.5,-1.1249865,-0.21420166,-0.90513706,0.00207976
8841,353.64,0.5,-0.9691379,-0.060882382,-0.90593565,0.0012941655
8842,353.68,0.5,-1.7614737,-0.8403589,-0.90675604,0.0004870306
8843,353.72,0.5,-1.2903996,-0.3769301,-0.90759736,-0.00034063417
8844,353.76,0.5,-1.4809388,-0.564377,-0.90845853,-0.00118781
8845,353.8,0.5,-0.47042185,0.42973977,-0.9093385,-0.0020534713
8846,353.84,0.5,-0.5403694,0.36092746,-0.9102362,-0.0029365872
8847,353.88,0.5,-0.56492615,0.33676922,-0.9111506,-0.0038361223
8848,353.92,0.5,-1.5972046,-0.6787558,-0.9120805,-0.004751038
8849,353.96,0.5,-1.4700546,-0.55366945,-0.91302514,-0.0056802914
8850,354.0,0.5,-0.41367358,0.4855671,-0.9139832,-0.0066228416
8851,354.04,0.5,-1.3528177,-0.4383352,-0.91495377,-0.0075776456
8852,354.08,0.5,-0.5355048,0.36571306,-0.91593575,-0.008543661
8853,354.12,0.5,-0.7202034,0.18401206,-0.91692805,-0.009519846
8854,354.16,0.5,-1.1676327,-0.2561557,-0.9179296,-0.010505165
8855,354.2,0.5,-1.187011,-0.2752195,-0.9189394,-0.01149858
8856,354.24,0.5,-1.0004036,-0.09164069,-0.9199564,-0.01249906
8857,354.28,0.5,-0.6368746,0.26598844,-0.9209795,-0.013505577
8858,354.32,0.5,-0.8135624,0.09216822,-0.92200774,-0.01451711
8859,354.36,0.5,-1.1316035,-0.22071123,-0.92304003,-0.015532643
8860,354.4,0.5,-1.0621784,-0.15241285,-0.92407537,-0.016551165
8861,354.44,0.5,-1.0918553,-0.18160813,-0.9251127,-0.017571677
8862,354.48,0.5,-1.2948127,-0.38127163,-0.92615104,-0.018593179
8863,354.52,0.5,-0.81258655,0.09312823,-0.9271894,-0.01961469
8864,354.56,0.5,-0.31136715,0.5862131,-0.92822677,-0.020635232
8865,354.6,0.5,-1.1067349,-0.1962462,-0.9292622,-0.021653837
8866,354.64,0.5,-0.8416197,0.06456631,-0.9302947,-0.022669544
8867,354.68,0.5,-1.3688678,-0.4541248,-0.93132323,-0.023681406
8868,354.72,0.5,-1.0154974,-0.10648953,-0.93234694,-0.024688482
8869,354.76,0.5,-0.9912492,-0.08263482,-0.9333648,-0.025689846
8870,354.8,0.5,-1.004088,-0.0952653,-0.93437594,-0.026684582
8871,354.84,0.5,-1.1139482,-0.2033425,-0.93537945,-0.027671782
8872,354.88,0.5,-1.0524462,-0.14283867,-0.93637437,-0.028650554
8873,354.92,0.5,-0.61350983,0.28897405,-0.9373598,-0.029620012
8874,354.96,0.5,-1.0812052,-0.17113093,-0.9383349,-0.030579288
8875,355.0,0.5,-0.8031007,0.10246012,-0.93929875,-0.03152752
8876,355.04,0.5,-0.5504106,0.35104915,-0.9402506,-0.032463856
8877,355.08,0.5,-0.9364949,-0.028769143,-0.9411894,-0.03338746
8878,355.12,0.5,-0.61515343,0.2873571,-0.9421145,-0.034297504
8879,355.16,0.5,-0.52959275,0.3715292,-0.9430249,-0.035193175
8880,355.2,0.5,-1.1291517,-0.21829924,-0.9439199,-0.036073662
8881,355.24,0.5,-1.4754592,-0.55898637,-0.9447987,-0.03693818
8882,355.28,0.5,-0.9816528,-0.07319416,-0.9456605,-0.03778595
8883,355.32,0.5,-1.4570739,-0.54089946,-0.9465044,-0.038616206
8884,355.36,0.5,-1.6264457,-0.70752233,-0.9473298,-0.039428204
8885,355.4,0.6,-0.88131475,0.025515445,-0.9481359,-0.040221207
8886,355.44,0.7,-0.448035,0.45176333,-0.9489219,-0.0409945
8887,355.48,0.7,-0.929585,-0.021971375,-0.94968724,-0.041747376
8888,355.52,0.7,-0.91865236,-0.011216193,-0.95043105,-0.042479146
8889,355.56,0.7,-0.97227776,-0.06397128,-0.9511528,-0.043189134
8890,355.6,0.7,-0.801455,0.10407909,-0.95185167,-0.043876678
8891,355.64,0.7,-0.7530945,0.15165475,-0.95252705,-0.04454113
8892,355.68,0.7,-0.9621764,-0.05403384,-0.95317835,-0.045181856
8893,355.72,0.7,-0.9068362,0.0004081875,-0.9538049,-0.045798227
8894,355.76,0.7,-0.45551437,0.44440532,-0.9544061,-0.046389643
8895,355.8,0.7,-1.3519694,-0.43750066,-0.95498127,-0.046955504
8896,355.84,0.7,-0.06237912,0.8311602,-0.9555299,-0.04749523
8897,355.88,0.7,-0.4561593,0.44377083,-0.9560514,-0.048008256
8898,355.92,0.7,-1.8109491,-0.88903135,-0.9565452,-0.04849403
8899,355.96,0.7,-1.2312593,-0.31874973,-0.95701075,-0.048952013
8900,356.0,0.7,-1.2230862,-0.31070927,-0.95744747,-0.049381692
8901,356.04,0.6,-1.0100937,-0.101173475,-0.957855,-0.049782567
8902,356.08,0.6,-1.2509652,-0.3381358,-0.9582327,-0.050154153
8903,356.12,0.6,-1.0066733,-0.09780863,-0.9585802,-0.05049599
8904,356.16,0.6,-0.6846771,0.21896178,-0.95889693,-0.050807636
8905,356.2,0.6,-0.35338652,0.5448757,-0.9591826,-0.05108867
8906,356.24,0.5,-1.6136925,-0.69497615,-0.9594368,-0.05133868
8907,356.28,0.5,-1.0385078,-0.12912646,-0.959659,-0.05155729
8908,356.32,0.5,-0.41934562,0.47998703,-0.9598489,-0.051744137
8909,356.36,0.5,-1.2174807,-0.30519465,-0.9600062,-0.05189887
8910,356.4,0.5,-0.6498116,0.2532614,-0.9601305,-0.052021172
8911,356.44,0.5,-1.0122968,-0.10334083,-0.9602216,-0.05211074
8912,356.48,0.5,-1.5428402,-0.6252738,-0.96027905,-0.052167296
8913,356.52,0.5,-0.61439466,0.28810358,-0.9603027,-0.05219058
8914,356.56,0.5,-1.4510869,-0.53500956,-0.96029234,-0.052180354
8915,356.6,0.5,-0.73803127,0.16647354,-0.96024764,-0.05213641
8916,356.64,0.5,-0.4877528,0.4126901,-0.96016854,-0.052058555
8917,356.68,0.5,-1.0030549,-0.094248876,-0.96005476,-0.05194662
8918,356.72,0.5,-1.2889285,-0.37548295,-0.95990616,-0.05180047
8919,356.76,0.5,-0.71439934,0.18972191,-0.9597227,-0.05161998
8920,356.8,0.5,-1.6410228,-0.7218629,-0.95950425,-0.051405054
8921,356.84,0.5,-1.3079093,-0.39415562,-0.9592507,-0.05115562
8922,356.88,0.5,-1.2250857,-0.3126763,-0.958962,-0.05087163
8923,356.92,0.5,-0.78117806,0.12402698,-0.9586382,-0.05055306
8924,356.96,0.5,-1.1022924,-0.19187586,-0.9582792,-0.05019992
8925,357.0,0.5,-0.8016961,0.10384191,-0.95788515,-0.04981222
8926,357.04,0.5,-0.8152251,0.090532474,-0.95745593,-0.049390018
8927,357.08,0.5,-1.6272163,-0.7082805,-0.9569918,-0.048933376
8928,357.12,0.5,-0.85486627,0.05153469,-0.95649266,-0.04844239
8929,357.16,0.5,-1.3905929,-0.47549742,-0.9559588,-0.047917165
8930,357.2,0.5,-0.9029153,0.0042654723,-0.9553902,-0.04735783
8931,357.24,0.5,-0.19224828,0.7033987,-0.95478714,-0.046764538
8932,357.28,0.5,-0.48407978,0.41630352,-0.9541497,-0.046137452
8933,357.32,0.5,-0.3564105,0.54190075,-0.9534781,-0.04547675
8934,357.36,0.5,-0.8320537,0.073977,-0.95277256,-0.044782635
8935,357.4,0.5,-0.91710824,-0.009697132,-0.9520332,-0.044055313
8936,357.44,0.5,-0.82248855,0.083386935,-0.9512604,-0.043295015
8937,357.48,0.5,-1.2919549,-0.3784602,-0.9504543,-0.042501982
8938,357.52,0.5,-1.1923344,-0.2804565,-0.9496152,-0.04167648
8939,357.56,0.5,-0.45072705,0.44911492,-0.9487433,-0.040818777
8940,357.6,0.5,-1.0510426,-0.14145777,-0.947839,-0.03992917
8941,357.64,0.5,-1.2339923,-0.32143837,-0.94690263,-0.039007965
8942,357.68,0.5,-0.9280135,-0.020425402,-0.9459345,-0.0380555
8943,357.72,0.5,-1.4105005,-0.4950819,-0.94493484,-0.03707211
8944,357.76,0.5,-1.143019,-0.23194143,-0.94390416,-0.036058165
8945,357.8,0.5,-0.14442432,0.7504465,-0.94284284,-0.03501405
8946,357.84,0.5,-0.6254982,0.27718025,-0.94175124,-0.03394016
8947,357.88,0.5,-0.96618754,-0.057979893,-0.9406298,-0.032836914
8948,357.92,0.5,-1.1822407,-0.27052665,-0.93947893,-0.031704757
8949,357.96,0.5,-0.9321526,-0.024497353,-0.9382992,-0.030544138
8950,358.0,0.5,-1.0755628,-0.1655801,-0.93709093,-0.029355533
8951,358.04,0.5,-0.6592318,0.24399412,-0.9358548,-0.02813944
8952,358.08,0.5,-1.1107697,-0.20021561,-0.93459123,-0.026896372
8953,358.12,0.5,-0.4813633,0.4189759,-0.9333008,-0.025626864
8954,358.16,0.5,-1.273157,-0.35996738,-0.931984,-0.024331473
8955,358.2,0.5,-1.7160766,-0.79569864,-0.93064153,-0.023010775
8956,358.24,0.5,-1.2507951,-0.33796844,-0.9292739,-0.02166537
8957,358.28,0.5,-0.9520805,-0.044101797,-0.92788184,-0.020295879
8958,358.32,0.5,-0.412993,0.48623657,-0.9264659,-0.01890294
8959,358.36,0.5,-0.84658456,0.05968199,-0.92502683,-0.017487224
8960,358.4,0.5,-0.9658678,-0.057665367,-0.9235653,-0.01604941
8961,358.44,0.5,-0.96986026,-0.061593007,-0.92208207,-0.014590206
8962,358.48,0.5,-1.0946764,-0.18438342,-0.92057776,-0.013110336
8963,358.52,0.5,-1.319739,-0.40579337,-0.9190532,-0.011610548
8964,358.56,0.5,-1.0670795,-0.15723448,-0.9175092,-0.010091607
8965,358.6,0.5,-1.0274352,-0.118233524,-0.91594654,-0.008554299
8966,358.64,0.5,-0.9912515,-0.08263711,-0.914366,-0.0069994284
8967,358.68,0.5,-0.68292177,0.22068861,-0.9127685,-0.005427819
8968,358.72,0.5,-0.749058,0.15562573,-0.9111548,-0.0038403105
8969,358.76,0.5,-0.78163123,0.12358115,-0.9095258,-0.0022377598
8970,358.8,0.5,-1.0482771,-0.13873723,-0.9078824,-0.0006210393
8971,358.84,0.5,-0.7667481,0.13822278,-0.9062255,0.0010089638
8972,358.88,0.5,-1.5905397,-0.67219913,-0.90455604,0.0026513478
8973,358.92,0.5,-0.7440077,0.16059408,-0.9028749,0.0043051974
8974,358.96,0.5,-0.6283066,0.27441737,-0.90118307,0.0059695854
8975,359.0,0.5,-0.45390964,0.445984,-0.8994815,0.0076435707
8976,359.04,0.5,-0.8454231,0.060824595,-0.89777106,0.009326203
8977,359.08,0.5,-1.2126408,-0.3004333,-0.8960529,0.011016521
8978,359.12,0.5,-0.6154526,0.2870628,-0.8943278,0.012713552
8979,359.16,0.5,-0.87739027,0.029376246,-0.89259696,0.014416317
8980,359.2,0.5,-0.9747575,-0.066410765,-0.89086133,0.016123828
8981,359.24,0.5,-0.9358575,-0.028142072,-0.88912183,0.017835082
8982,359.28,0.5,-1.0757447,-0.16575906,-0.8873795,0.01954908
8983,359.32,0.5,-0.71930087,0.18489996,-0.8856355,0.0212648
8984,359.36,0.5,-0.92506874,-0.01752843,-0.8838908,0.022981228
8985,359.4,0.5,-1.112072,-0.20149672,-0.88214636,0.024697334
8986,359.44,0.5,-1.8332074,-0.9109284,-0.88040334,0.026412081
8987,359.48,0.5,-1.2266023,-0.31416827,-0.8786627,0.028124433
8988,359.52,0.5,-0.33208567,0.5658308,-0.87692565,0.029833345
8989,359.56,0.5,-0.153893,0.74113154,-0.87519306,0.03153777
8990,359.6,0.5,-0.79415846,0.11125723,-0.8734662,0.033236656
8991,359.64,0.5,0.06262612,0.9541366,-0.87174594,0.034928963
8992,359.68,0.5,-1.0148743,-0.105876535,-0.8700335,0.036613632
8993,359.72,0.5,-1.6439348,-0.7247277,-0.8683298,0.038289618
8994,359.76,0.5,-0.78072166,0.12447596,-0.8666361,0.03995588
8995,359.8,0.5,-0.83926857,0.066879235,-0.8649533,0.04161137
8996,359.84,0.5,-1.0598681,-0.15014008,-0.8632825,0.043255046
8997,359.88,0.5,-1.3348399,-0.42064926,-0.8616248,0.044885866
8998,359.92,0.5,-1.5115196,-0.59446144,-0.8599812,0.046502795
8999,359.96,0.5,-1.3331126,-0.41894996,-0.8583527,0.0481048
9000,360.0,0.5,-0.9805695,-0.07212843,-0.85674053,0.049690858
9001,360.04,0.5,-1.5527728,-0.6350451,-0.8551456,0.051259942
9002,360.08,0.5,-0.63229966,0.27048916,-0.85356885,0.052811045
9003,360.12,0.5,-0.61064315,0.29179418,-0.85201144,0.054343164
9004,360.16,0.5,-0.89289874,0.014119469,-0.85047436,0.055855323
9005,360.2,0.5,-0.24348015,0.6529983,-0.84895855,0.057346545
9006,360.24,0.5,-0.88124204,0.025586985,-0.8474649,0.05881589
9007,360.28,0.5,-0.9840902,-0.07559201,-0.84599453,0.06026243
9008,360.32,0.5,-0.5650008,0.33669582,-0.8445482,0.061685268
9009,360.36,0.5,-0.76351196,0.14140636,-0.8431269,0.06308352
9010,360.4,0.5,-0.744219,0.1603862,-0.8417314,0.06445636
9011,360.44,0.5,0.002080679,0.8945738,-0.8403626,0.065802954
9012,360.48,0.5,-0.41805094,0.48126072,-0.83902127,0.06712254
9013,360.52,0.5,-1.1036407,-0.19320224,-0.8377081,0.06841436
9014,360.56,0.5,-0.6813839,0.22220153,-0.83642393,0.0696777
9015,360.6,0.5,-1.1547,-0.24343294,-0.8351694,0.0709119
9016,360.64,0.5,-0.48435223,0.41603547,-0.8339451,0.0721163
9017,360.68,0.5,-0.93928707,-0.031516008,-0.83275175,0.073290326
9018,360.72,0.5,-0.5581975,0.34338868,-0.8315898,0.0744334
9019,360.76,0.5,-0.58883226,0.3132511,-0.83045983,0.075545006
9020,360.8,0.5,-0.8809839,0.025840946,-0.8293624,0.07662466
9021,360.84,0.5,-0.65813446,0.24507365,-0.82829785,0.07767193
9022,360.88,0.5,-0.95663977,-0.048587084,-0.82726663,0.078686416
9023,360.92,0.5,-0.6227486,0.2798852,-0.8262691,0.07966775
9024,360.96,0.5,-0.6943804,0.20941594,-0.8253056,0.080615625
9025,361.0,0.5,-0.21611387,0.67992043,-0.82437634,0.08152977
9026,361.04,0.5,-0.64359754,0.25937462,-0.8234817,0.08240994
9027,361.08,0.5,-1.1687547,-0.2572595,-0.8226217,0.083255954
9028,361.12,0.5,-0.5089531,0.39183384,-0.8217966,0.08406767
9029,361.16,0.5,-0.66827273,0.23509988,-0.8210065,0.08484497
9030,361.2,0.5,-0.6081165,0.29427984,-0.8202514,0.0855878
9031,361.24,0.5,-1.2110854,-0.29890323,-0.8195314,0.08629611
9032,361.28,0.5,-0.3848263,0.5139461,-0.81884646,0.086969934
9033,361.32,0.5,-1.028189,-0.11897505,-0.81819654,0.08760931
9034,361.36,0.5,-0.55522585,0.3463121,-0.81758153,0.08821433
9035,361.4,0.5,-0.58073634,0.32121563,-0.81700134,0.08878511
9036,361.44,0.5,-0.9123683,-0.0050341114,-0.8164558,0.08932181
9037,361.48,0.5,-0.94902164,-0.04109259,-0.8159447,0.08982462
9038,361.52,0.5,-0.72570896,0.17859584,-0.8154678,0.09029376
9039,361.56,0.5,-0.6172576,0.2852871,-0.81502485,0.09072948
9040,361.6,0.5,-1.0257323,-0.116558254,-0.8146156,0.09113208
9041,361.64,0.5,-0.5459472,0.35544017,-0.81423974,0.09150186
9042,361.68,0.5,-0.28249562,0.6146161,-0.8138969,0.09183917
9043,361.72,0.5,-0.8492154,0.057093866,-0.81358665,0.09214437
9044,361.76,0.5,-0.870999,0.03566379,-0.81330866,0.09241786
9045,361.8,0.5,-0.4792059,0.4210983,-0.8130625,0.09266004
9046,361.84,0.5,-1.1223367,-0.21159488,-0.8128477,0.092871346
9047,361.88,0.5,-0.45377588,0.4461156,-0.8126638,0.09305224
9048,361.92,0.5,-0.6413799,0.2615563,-0.8125104,0.09320319
9049,361.96,0.5,-1.0731876,-0.16324338,-0.8123869,0.09332467
9050,362.0,0.5,-0.60882556,0.2935823,-0.8122928,0.09341718
9051,362.04,0.5,-0.80628985,0.09932273,-0.8122277,0.093481235
9052,362.08,0.5,-1.2707428,-0.35759234,-0.812191,0.09351734
9053,362.12,0.5,-1.1347106,-0.22376788,-0.8121822,0.09352602
9054,362.16,0.5,-1.3881245,-0.473069,-0.8122007,0.09350779
9055,362.2,0.5,-0.7787586,0.12640718,-0.8122461,0.09346318
9056,362.24,0.5,-1.0889523,-0.17875224,-0.81231767,0.093392715
9057,362.28,0.5,-0.9803066,-0.071869835,-0.81241506,0.093296915
9058,362.32,0.5,-1.0806221,-0.17055723,-0.81253767,0.0931763
9059,362.36,0.5,-1.6050246,-0.68644893,-0.812685,0.09303138
9060,362.4,0.5,-1.2262263,-0.3137984,-0.8128565,0.092862666
9061,362.44,0.5,-0.7686192,0.13638204,-0.81305164,0.09267068
9062,362.48,0.5,-1.3440318,-0.42969194,-0.81327,0.09245591
9063,362.52,0.5,-0.656488,0.24669337,-0.8135109,0.09221886
9064,362.56,0.5,-0.8141879,0.09155289,-0.81377405,0.09196003
9065,362.6,0.5,-0.41099137,0.48820567,-0.8140588,0.09167991
9066,362.64,0.5,-1.2576213,-0.34468383,-0.8143647,0.09137899
9067,362.68,0.5,-0.605072,0.29727492,-0.8146912,0.09105777
9068,362.72,0.5,-0.41443306,0.4848199,-0.81503785,0.090716735
9069,362.76,0.5,-0.9155467,-0.008160949,-0.8154041,0.09035639
9070,362.8,0.5,-0.5239371,0.37709305,-0.8157895,0.08997723
9071,362.84,0.5,-0.53031695,0.37081674,-0.8161936,0.089579746
9072,362.88,0.5,-0.268457,0.6284268,-0.8166157,0.08916444
9073,362.92,0.5,-1.2748826,-0.36166495,-0.81705546,0.08873184
9074,362.96,0.5,-0.7304751,0.17390704,-0.8175123,0.08828244
9075,363.0,0.5,-0.9500495,-0.04210379,-0.81798565,0.08781676
9076,363.04,0.5,-0.8839587,0.022914417,-0.81847507,0.0873353
9077,363.08,0.5,-0.61998,0.2826089,-0.8189799,0.0868386
9078,363.12,0.5,-1.2821134,-0.36877847,-0.8194998,0.08632718
9079,363.16,0.5,-0.2470311,0.649505,-0.8200341,0.085801564
9080,363.2,0.5,-0.7719337,0.13312134,-0.8205823,0.08526227
9081,363.24,0.5,-0.5988513,0.30339465,-0.8211438,0.08470984
9082,363.28,0.5,-1.2188951,-0.30658612,-0.82171816,0.08414481
9083,363.32,0.5,-0.3476045,0.5505639,-0.8223048,0.08356771
9084,363.36,0.5,-0.76628006,0.1386832,-0.82290316,0.082979076
9085,363.4,0.5,-0.6829879,0.22062355,-0.8235126,0.08237946
9086,363.44,0.5,-0.7551714,0.14961153,-0.8241328,0.0817694
9087,363.48,0.5,-0.2905897,0.60665333,-0.82476294,0.08114943
9088,363.52,0.5,-0.43522358,0.4643668,-0.8254027,0.0805201
9089,363.56,0.5,-1.2485284,-0.33573848,-0.82605135,0.079881944
9090,363.6,0.5,-0.7760005,0.1291205,-0.82670844,0.07923551
9091,363.64,0.5,-0.75704646,0.14776695,-0.82737345,0.07858132
9092,363.68,0.5,-1.5442232,-0.6266343,-0.8280458,0.07791991
9093,363.72,0.5,-0.9072664,-1.4990568e-05,-0.8287249,0.0772518
9094,363.76,0.5,-1.0652568,-0.15544134,-0.8294103,0.0765775
9095,363.8,0.5,-0.62921655,0.27352223,-0.8301015,0.07589752
9096,363.84,0.5,-0.4137079,0.4855333,-0.830798,0.07521235
9097,363.88,0.5,-0.87480897,0.031915642,-0.8314992,0.07452249
9098,363.92,0.5,-1.1986948,-0.2867137,-0.83220476,0.07382839
9099,363.96,0.5,-1.2927827,-0.37927455,-0.8329142,0.073130526
9100,364.0,0.5,-0.6660775,0.23725954,-0.8336269,0.07242935
9101,364.04,0.5,-0.43003285,0.4694733,-0.8343426,0.071725294
9102,364.08,0.5,-0.7792072,0.12596583,-0.8350607,0.071018785
9103,364.12,0.5,-1.0428176,-0.13336629,-0.835781,0.07031022
9104,364.16,0.5,-1.0897,-0.1794878,-0.8365029,0.0696
9105,364.2,0.5,-0.8643042,0.04224994,-0.83722615,0.06888851
9106,364.24,0.5,-0.65935874,0.24386922,-0.83795035,0.0681761
9107,364.28,0.5,-0.9399755,-0.032193273,-0.8386751,0.067463115
9108,364.32,0.5,-0.8135364,0.09219379,-0.83940005,0.066749886
9109,364.36,0.5,-0.6026881,0.29962015,-0.84012496,0.06603672
9110,364.4,0.5,-0.8366338,0.06947125,-0.8408496,0.06532392
9111,364.44,0.5,-1.1423848,-0.23131754,-0.8415735,0.06461175
9112,364.48,0.5,-1.0305644,-0.121311985,-0.8422965,0.06390046
9113,364.52,0.5,-0.76004976,0.14481238,-0.84301835,0.0631903
9114,364.56,0.5,-0.75292,0.15182644,-0.8437389,0.06248147
9115,364.6,0.5,-1.1956009,-0.28366998,-0.84445786,0.06177417
9116,364.64,0.5,-1.1448344,-0.23372741,-0.8451751,0.061068572
9117,364.68,0.5,-1.373378,-0.4585619,-0.84589046,0.060364828
9118,364.72,0.6,-1.0668337,-0.15699266,-0.8466038,0.059663072
9119,364.76,0.6,-0.92690134,-0.019331291,-0.847315,0.058963414
9120,364.8,0.6,-1.1078084,-0.19730228,-0.84802395,0.05826594
9121,364.84,0.6,-0.38094062,0.51776874,-0.8487306,0.05757073
9122,364.88,0.6,-0.96510947,-0.05691932,-0.849435,0.05687783
9123,364.92,0.6,-1.1590585,-0.2477206,-0.85013694,0.05618728
9124,364.96,0.6,-0.88810194,0.018838413,-0.85083646,0.055499095
9125,365.0,0.6,-0.6030286,0.29928514,-0.8515336,0.05481329
9126,365.04,0.6,-0.5089811,0.3918063,-0.8522283,0.054129846
9127,365.08,0.6,-0.7622238,0.14267364,-0.85292065,0.053448744
9128,365.12,0.6,-0.6191362,0.28343898,-0.85361063,0.05276995
9129,365.16,0.6,-0.51064783,0.39016664,-0.8542983,0.052093424
9130,365.2,0.6,-1.2039661,-0.29189947,-0.85498375,0.051419105
9131,365.24,0.6,-0.82579386,0.08013526,-0.85566705,0.050746925
9132,365.28,0.6,-0.8671014,0.039498158,-0.8563482,0.050076813
9133,365.32,0.6,-0.6603012,0.24294207,-0.85702735,0.049408678
9134,365.36,0.6,-0.87786514,0.02890908,-0.8577046,0.04874243
9135,365.4,0.6,-0.99507785,-0.08640133,-0.85838,0.048077963
9136,365.44,0.6,-0.6605135,0.24273318,-0.85905373,0.047415163
9137,365.48,0.6,-0.6859325,0.21772674,-0.8597259,0.046753913
9138,365.52,0.6,-0.6272689,0.27543825,-0.8603966,0.046094082
9139,365.56,0.6,-0.95003676,-0.042091243,-0.86106604,0.04543553
9140,365.6,0.5,-0.7782972,0.1268611,-0.86173433,0.044778116
9141,365.64,0.4,-0.6567964,0.24638999,-0.86240155,0.044121683
9142,365.68,0.4,-0.7520502,0.15268207,-0.863068,0.04346607
9143,365.72,0.4,-1.1877396,-0.27593628,-0.86373377,0.042811107
9144,365.76,0.4,-0.6821438,0.22145396,-0.8643991,0.04215661
9145,365.8,0.4,-0.9163699,-0.00897079,-0.8650641,0.041502394
9146,365.84,0.4,-0.31387842,0.5837426,-0.865729,0.040848255
9147,365.88,0.4,-0.9702635,-0.061989687,-0.86639404,0.040193986
9148,365.92,0.4,-1.3823111,-0.46734998,-0.86705947,0.039539367
9149,365.96,0.4,-0.5215093,0.37948146,-0.8677255,0.038884167
9150,366.0,0.4,-1.1661577,-0.25470465,-0.86839235,0.038228136
9151,366.04,0.4,-1.0277276,-0.1185212,-0.8690603,0.037571024
9152,366.08,0.5,-0.6059376,0.29642338,-0.86972964,0.036912557
9153,366.12,0.5,-1.4265624,-0.51088315,-0.8704006,0.036252454
9154,366.16,0.5,-0.27821523,0.618827,-0.87107354,0.03559042
9155,366.2,0.6,-0.8904531,0.01652541,-0.8717488,0.034926143
9156,366.24,0.6,-1.030329,-0.12108036,-0.8724266,0.034259297
9157,366.28,0.6,-1.4239204,-0.508284,-0.87310743,0.033589546
9158,366.32,0.6,-0.37925464,0.51942736,-0.8737916,0.03291653
9159,366.36,0.6,-0.9654993,-0.05730281,-0.87447935,0.032239888
9160,366.4,0.6,-0.9958963,-0.08720648,-0.87517124,0.031559233
9161,366.44,0.6,-0.7408354,0.16371486,-0.87586766,0.030874163
9162,366.48,0.6,-1.6922679,-0.7722763,-0.8765689,0.030184267
9163,366.52,0.6,-0.7553098,0.1494754,-0.8772755,0.029489113
9164,366.56,0.6,-0.66749156,0.2358684,-0.877988,0.028788257
9165,366.6,0.6,-0.9623112,-0.05416648,-0.87870663,0.02808124
9166,366.64,0.6,-1.2565386,-0.34361875,-0.8794321,0.027367586
9167,366.68,0.6,-0.25372344,0.64292127,-0.88016474,0.026646808
9168,366.72,0.6,-1.2619928,-0.3489844,-0.88090515,0.025918402
9169,366.76,0.6,-0.8365937,0.069510706,-0.88165385,0.025181854
9170,366.8,0.6,-1.4419674,-0.52603805,-0.88241136,0.024436634
9171,366.84,0.6,-0.9645662,-0.056384843,-0.88317823,0.0236822
9172,366.88,0.6,-0.77854407,0.1266182,-0.88395506,0.022918
9173,366.92,0.6,-0.8840186,0.022855483,-0.8847424,0.022143474
9174,366.96,0.6,-1.4209604,-0.50537205,-0.8855407,0.021358045
9175,367.0,0.6,-0.96291786,-0.054763287,-0.8863508,0.020561129
9176,367.04,0.6,-0.7041497,0.1998052,-0.8871731,0.019752136
9177,367.08,0.6,-1.0432094,-0.13375176,-0.88800836,0.01893047
9178,367.12,0.6,-0.39669418,0.5022709,-0.88885707,0.018095529
9179,367.16,0.6,-1.120941,-0.21022183,-0.8897199,0.017246705
9180,367.2,0.6,-0.9076239,-0.00036670268,-0.89059746,0.01638339
9181,367.24,0.6,-0.2919134,0.6053511,-0.8914904,0.015504975
9182,367.28,0.6,-0.50164723,0.39902115,-0.89239925,0.01461085
9183,367.32,0.6,-1.2149068,-0.30266258,-0.89332473,0.013700406
9184,367.36,0.6,-0.64723337,0.2557978,-0.8942674,0.012773035
9185,367.4,0.6,-1.4105684,-0.49514863,-0.89522785,0.011828135
9186,367.44,0.6,-0.71391517,0.19019821,-0.8962068,0.010865102
9187,367.48,0.6,-0.822809,0.08307169,-0.89720476,0.009883339
9188,367.52,0.6,-1.3629731,-0.4483258,-0.8982223,0.008882252
9189,367.56,0.6,-0.99050725,-0.0819049,-0.8992602,0.007861252
9190,367.6,0.6,-0.44094104,0.45874214,-0.90031886,0.006819757
9191,367.64,0.6,-1.1111884,-0.20062748,-0.90139896,0.0057571917
9192,367.68,0.6,-1.2232058,-0.3108269,-0.90250105,0.0046729865
9193,367.72,0.6,-1.2140532,-0.30182278,-0.9036257,0.003566583
9194,367.76,0.6,-0.9103728,-0.0030709952,-0.9047735,0.002437431
9195,367.8,0.6,-0.9222686,-0.014773764,-0.90594494,0.0012849923
9196,367.84,0.6,-0.899781,0.0073489174,-0.9071406,0.00010874094
9197,367.88,0.6,-0.7185932,0.18559614,-0.90836096,-0.0010918352
9198,367.92,0.6,-0.98995394,-0.08136058,-0.9096066,-0.0023172325
9199,367.96,0.6,-0.8875332,0.019397937,-0.91087794,-0.0035679308
9200,368.0,0.6,-1.1324602,-0.22155407,-0.9121754,-0.004844391
9201,368.04,0.6,-0.8071581,0.09846855,-0.9134996,-0.0061470536
9202,368.08,0.6,-1.7921851,-0.87057185,-0.91485083,-0.007476339
9203,368.12,0.6,-0.7345463,0.1699019,-0.9162295,-0.008832644
9204,368.16,0.6,-0.4202988,0.47904932,-0.91763604,-0.0102163395
9205,368.2,0.6,-1.17195,-0.26040292,-0.9190707,-0.011627771
9206,368.24,0.6,-0.799747,0.10575942,-0.92053396,-0.013067255
9207,368.28,0.6,-0.7925802,0.11280989,-0.922026,-0.014535075
9208,368.32,0.6,-0.29572713,0.6015993,-0.9235471,-0.016031485
9209,368.36,0.6,-1.139991,-0.22896266,-0.92509747,-0.017556705
9210,368.4,0.6,-0.85202944,0.054325484,-0.92667735,-0.019110912
9211,368.44,0.6,-0.8366842,0.06942164,-0.9282868,-0.020694254
9212,368.48,0.6,-0.43028527,0.469225,-0.929926,-0.022306837
9213,368.52,0.6,-1.3175849,-0.40367424,-0.93159497,-0.023948725
9214,368.56,0.6,-1.3138527,-0.4000026,-0.93329376,-0.025619945
9215,368.6,0.6,-0.67587614,0.22761992,-0.93502235,-0.027320476
9216,368.64,0.6,-0.5839664,0.31803802,-0.93678063,-0.02905026
9217,368.68,0.6,-0.8731315,0.03356587,-0.9385686,-0.030809194
9218,368.72,0.6,-0.94465184,-0.03679371,-0.940386,-0.032597125
9219,368.76,0.6,-0.5825602,0.31942138,-0.9422327,-0.034413856
9220,368.8,0.6,-0.56927127,0.33249462,-0.9441085,-0.036259145
9221,368.84,0.6,-0.771808,0.13324493,-0.9460129,-0.038132697
9222,368.88,0.6,-0.8027564,0.10279881,-0.9479458,-0.04003418
9223,368.92,0.6,-0.6503016,0.2527794,-0.9499066,-0.041963194
9224,368.96,0.6,-0.73052037,0.17386252,-0.951895,-0.043919306
9225,369.0,0.6,-1.1146371,-0.20402023,-0.9539104,-0.045902036
9226,369.04,0.6,-0.22082287,0.6752879,-0.9559524,-0.047910847
9227,369.08,0.6,-1.478615,-0.562091,-0.95802027,-0.04994516
9228,369.12,0.6,0.031908274,0.9239173,-0.9601134,-0.05200435
9229,369.16,0.6,-1.021498,-0.112392664,-0.96223116,-0.05408774
9230,369.2,0.6,-0.7295085,0.17485794,-0.9643728,-0.05619462
9231,369.24,0.6,-1.4461784,-0.5301808,-0.96653754,-0.058324225
9232,369.28,0.6,-0.855923,0.05049511,-0.9687246,-0.060475763
9233,369.32,0.6,-0.9313263,-0.023684464,-0.9709331,-0.062648386
9234,369.36,0.6,-0.7002058,0.2036851,-0.97316206,-0.064841226
9235,369.4,0.6,-0.979861,-0.071431465,-0.9754107,-0.067053355
9236,369.44,0.5,-1.2490295,-0.3362315,-0.97767794,-0.069283836
9237,369.48,0.5,-0.6645764,0.23873624,-0.9799629,-0.07153168
9238,369.52,0.5,-0.6433073,0.25966012,-0.98226446,-0.073795885
9239,369.56,0.5,-0.39318067,0.5057274,-0.98458153,-0.07607539
9240,369.6,0.5,-1.1089832,-0.19845802,-0.98691314,-0.078369126
9241,369.64,0.5,-0.7053786,0.19859624,-0.98925805,-0.08067601
9242,369.68,0.5,-0.8942081,0.012831368,-0.99161524,-0.08299491
9243,369.72,0.5,-0.9127921,-0.005451031,-0.99398345,-0.08532469
9244,369.76,0.5,-1.0792212,-0.16917913,-0.99636155,-0.087664194
9245,369.8,0.5,-1.0098084,-0.100892834,-0.9987483,-0.09001224
9246,369.84,0.5,-0.95833576,-0.050255544,-1.0011426,-0.09236765
9247,369.88,0.5,-1.204165,-0.2920951,-1.0035431,-0.09472923
9248,369.92,0.5,-1.2076912,-0.2955641,-1.0059488,-0.09709579
9249,369.96,0.5,-0.7174285,0.18674192,-1.0083581,-0.09946611
9250,370.0,0.5,-0.6028755,0.2994358,-1.0107702,-0.101839
9251,370.04,0.5,-0.486942,0.41348773,-1.0131836,-0.10421326
9252,370.08,0.5,-1.0289035,-0.119678,-1.0155972,-0.10658769
9253,370.12,0.5,-1.7909801,-0.86938643,-1.0180098,-0.10896112
9254,370.16,0.5,-1.2835822,-0.3702234,-1.0204202,-0.111332364
9255,370.2,0.5,-1.5264908,-0.60918975,-1.0228271,-0.11370027
9256,370.24,0.5,-1.2107651,-0.2985881,-1.0252296,-0.11606371
9257,370.28,0.5,-0.27243257,0.6245158,-1.0276263,-0.118421555
9258,370.32,0.5,-1.0515498,-0.14195676,-1.0300163,-0.12077273
9259,370.36,0.5,-2.119965,-1.1930321,-1.0323983,-0.12311615
9260,370.4,0.5,-1.8467617,-0.92426276,-1.0347716,-0.1254508
9261,370.44,0.5,-1.0414383,-0.13200942,-1.0371348,-0.12777568
9262,370.48,0.5,-0.37134188,0.5272117,-1.0394871,-0.1300898
9263,370.52,0.5,-0.4910488,0.40944755,-1.0418274,-0.13239226
9264,370.56,0.5,-1.528754,-0.61141616,-1.0441551,-0.13468212
9265,370.6,0.5,-1.7260051,-0.80546594,-1.0464691,-0.13695854
9266,370.64,0.5,-0.5027254,0.39796048,-1.0487686,-0.13922071
9267,370.68,0.5,-1.360777,-0.44616538,-1.0510528,-0.14146784
9268,370.72,0.5,-1.2755864,-0.36235735,-1.053321,-0.1436992
9269,370.76,0.4,-1.7186949,-0.79827446,-1.0555724,-0.14591411
9270,370.8,0.4,-1.363605,-0.4489475,-1.0578065,-0.14811188
9271,370.84,0.4,-1.4600059,-0.5437838,-1.0600225,-0.15029195
9272,370.88,0.4,-1.0895027,-0.1792937,-1.06222,-0.15245377
9273,370.92,0.4,-1.8077807,-0.88591444,-1.0643984,-0.1545968
9274,370.96,0.4,-0.7139794,0.190135,-1.0665572,-0.15672061
9275,371.0,0.4,-1.6564578,-0.7370474,-1.068696,-0.15882477
9276,371.04,0.4,-1.076755,-0.16675295,-1.0708146,-0.16090892
9277,371.08,0.4,-0.44116747,0.45851934,-1.0729125,-0.16297275
9278,371.12,0.4,-1.3437994,-0.42946327,-1.0749894,-0.16501597
9279,371.16,0.4,-0.92870814,-0.021108761,-1.0770451,-0.16703834
9280,371.2,0.4,-1.5368872,-0.61941737,-1.0790795,-0.16903967
9281,371.24,0.4,-1.3204747,-0.4065172,-1.0810922,-0.17101981
9282,371.28,0.4,-0.73375714,0.17067829,-1.0830835,-0.17297865
9283,371.32,0.4,-1.1747029,-0.26311114,-1.0850528,-0.17491613
9284,371.36,0.4,-1.2614998,-0.34849936,-1.0870006,-0.1768322
9285,371.4,0.4,-1.1033968,-0.19296229,-1.0889266,-0.17872688
9286,371.44,0.4,-1.5926292,-0.6742547,-1.0908308,-0.18060021
9287,371.48,0.4,-0.81082094,0.09486518,-1.0927134,-0.18245226
9288,371.52,0.4,-0.8094416,0.09622211,-1.0945745,-0.18428314
9289,371.56,0.4,-1.1852111,-0.27344877,-1.0964142,-0.186093
9290,371.6,0.4,-0.86836195,0.03825804,-1.0982326,-0.18788199
9291,371.64,0.4,-0.9748075,-0.06645997,-1.1000302,-0.18965034
9292,371.68,0.4,-1.4651704,-0.54886454,-1.101807,-0.19139828
9293,371.72,0.4,-1.089287,-0.17908156,-1.1035632,-0.19312604
9294,371.76,0.4,-1.1226015,-0.21185535,-1.1052992,-0.1948339
9295,371.8,0.4,-1.1991937,-0.2872045,-1.1070154,-0.1965222
9296,371.84,0.4,-0.8687638,0.03786271,-1.108712,-0.19819127
9297,371.88,0.4,-1.1685838,-0.2570913,-1.1103894,-0.19984144
9298,371.92,0.4,-1.698086,-0.77800006,-1.1120479,-0.20147309
9299,371.96,0.4,-1.078541,-0.16850996,-1.1136881,-0.2030866
9300,372.0,0.4,-1.4410164,-0.52510256,-1.1153102,-0.20468241
9301,372.04,0.4,-1.0981553,-0.18780586,-1.1169147,-0.20626092
9302,372.08,0.4,-1.4175327,-0.502,-1.1185023,-0.20782259
9303,372.12,0.4,-1.0082152,-0.09932546,-1.120073,-0.20936786
9304,372.16,0.4,-0.8527882,0.05357901,-1.1216276,-0.2108972
9305,372.2,0.4,-1.3431631,-0.42883736,-1.1231664,-0.21241109
9306,372.24,0.4,-1.2511698,-0.33833703,-1.12469,-0.21391
9307,372.28,0.4,-1.2500261,-0.3372119,-1.126199,-0.21539441
9308,372.32,0.4,-1.6306365,-0.7116451,-1.1276937,-0.21686481
9309,372.36,0.4,-1.0653164,-0.15549998,-1.1291745,-0.21832168
9310,372.4,0.4,-0.7744529,0.13064295,-1.1306422,-0.21976551
9311,372.44,0.5,-1.2812366,-0.36791593,-1.132097,-0.22119677
9312,372.48,0.5,-0.7117057,0.19237185,-1.1335396,-0.22261593
9313,372.52,0.5,-1.4605956,-0.544364,-1.1349703,-0.22402345
9314,372.56,0.5,-1.1171492,-0.20649156,-1.1363897,-0.22541974
9315,372.6,0.5,-0.8391359,0.06700977,-1.1377981,-0.22680528
9316,372.64,0.5,-1.0001957,-0.09143616,-1.1391959,-0.22818045
9317,372.68,0.5,-0.57607245,0.32580382,-1.1405836,-0.22954564
9318,372.72,0.5,-0.74215376,0.16241792,-1.1419616,-0.2309012
9319,372.76,0.5,-0.059716284,0.8337798,-1.1433301,-0.2322475
9320,372.8,0.5,-1.1623685,-0.25097698,-1.1446894,-0.23358484
9321,372.84,0.5,-0.9892172,-0.08063582,-1.1460401,-0.2349135
9322,372.88,0.5,-1.8441687,-0.92171186,-1.1473821,-0.23623374
9323,372.92,0.5,0.19378948,1.0831712,-1.1487157,-0.2375458
9324,372.96,0.5,-0.8441099,0.062116496,-1.1500413,-0.23884988
9325,373.0,0.5,-0.59295195,0.30919826,-1.1513591,-0.24014615
9326,373.04,0.5,-1.3656847,-0.45099348,-1.1526688,-0.24143475
9327,373.08,0.5,-1.0092341,-0.100327805,-1.1539711,-0.2427158
9328,373.12,0.5,-0.9559065,-0.047865726,-1.1552657,-0.24398941
9329,373.16,0.5,-1.3764585,-0.4615924,-1.1565528,-0.2452556
9330,373.2,0.5,-0.6621211,0.24115169,-1.1578324,-0.24651447
9331,373.24,0.5,-1.9431437,-1.0190806,-1.1591046,-0.247766
9332,373.28,0.5,-0.10749066,0.7867808,-1.1603693,-0.24901022
9333,373.32,0.5,-1.356842,-0.44229427,-1.1616266,-0.2502471
9334,373.36,0.5,-1.6117074,-0.6930234,-1.1628764,-0.2514766
9335,373.4,0.5,-1.3623463,-0.4477092,-1.1641186,-0.25269863
9336,373.44,0.5,-1.6589334,-0.7394828,-1.1653532,-0.2539132
9337,373.48,0.5,-1.8810732,-0.95801747,-1.1665801,-0.25512016
9338,373.52,0.5,-1.2897985,-0.3763388,-1.1677991,-0.25631946
9339,373.56,0.5,-0.79018366,0.11516752,-1.1690104,-0.25751102
9340,373.6,0.5,-0.5272418,0.37384194,-1.1702136,-0.25869465
9341,373.64,0.5,-1.9285305,-1.0047045,-1.1714085,-0.2598703
9342,373.68,0.5,-0.8180487,0.087754704,-1.1725953,-0.2610378
9343,373.72,0.5,-1.4774704,-0.5609649,-1.1737736,-0.262197
9344,373.76,0.5,-2.1079407,-1.1812029,-1.1749434,-0.26334777
9345,373.8,0.5,-1.1303815,-0.21950904,-1.1761044,-0.26448992
9346,373.84,0.5,-1.4869449,-0.5702856,-1.1772565,-0.26562333
9347,373.88,0.5,-1.1403809,-0.22934616,-1.1783996,-0.26674777
9348,373.92,0.5,-0.80114836,0.10438078,-1.1795332,-0.2678631
9349,373.96,0.5,-0.92194104,-0.014451504,-1.1806575,-0.2689691
9350,374.0,0.5,-2.4798355,-1.5470622,-1.181772,-0.27006552
9351,374.04,0.5,-1.2297754,-0.3172899,-1.1828766,-0.2711522
9352,374.08,0.5,-0.9993998,-0.09065312,-1.183971,-0.27222887
9353,374.12,0.5,-1.2493391,-0.33653605,-1.185055,-0.2732953
9354,374.16,0.5,-0.6910144,0.21272734,-1.1861284,-0.27435124
9355,374.2,0.5,-1.2858018,-0.37240693,-1.1871908,-0.27539638
9356,374.24,0.5,-0.66710794,0.23624578,-1.188242,-0.27643046
9357,374.28,0.5,-0.50445944,0.3962546,-1.1892815,-0.27745315
9358,374.32,0.5,-1.2595329,-0.34656444,-1.1903092,-0.2784641
9359,374.36,0.5,-1.41883,-0.5032762,-1.1913245,-0.27946302
9360,374.4,0.5,-1.7135171,-0.79318064,-1.1923273,-0.28044948
9361,374.44,0.5,-0.7743404,0.13075367,-1.1933169,-0.28142312
9362,374.48,0.5,-0.81281966,0.0928989,-1.1942931,-0.2823835
9363,374.52,0.5,-1.4973164,-0.5804888,-1.1952555,-0.28333023
9364,374.56,0.5,-1.0569923,-0.14731094,-1.1962035,-0.28426284
9365,374.6,0.5,-0.20759648,0.6882996,-1.1971366,-0.28518084
9366,374.64,0.5,-1.1114465,-0.20088138,-1.1980546,-0.2860838
9367,374.68,0.5,-0.9788016,-0.07038925,-1.1989565,-0.28697112
9368,374.72,0.5,-0.1204679,0.7740141,-1.1998421,-0.28784236
9369,374.76,0.5,-0.99108636,-0.08247463,-1.2007108,-0.28869691
9370,374.8,0.5,-0.61964655,0.2829369,-1.2015618,-0.2895342
9371,374.84,0.5,-1.5910729,-0.6727237,-1.2023948,-0.29035372
9372,374.88,0.5,-1.0041009,-0.095277965,-1.2032092,-0.2911548
9373,374.92,0.5,-1.066319,-0.15648627,-1.2040042,-0.29193684
9374,374.96,0.5,-1.2671549,-0.35406274,-1.2047791,-0.29269928
9375,375.0,0.5,-1.7595297,-0.8384465,-1.2055336,-0.29344147
9376,375.04,0.4,-1.5073884,-0.5903973,-1.2062668,-0.2941628
9377,375.08,0.4,-0.99727225,-0.08856012,-1.2069782,-0.29486266
9378,375.12,0.4,-0.60193646,0.30035955,-1.2076671,-0.29554042
9379,375.16,0.4,-1.0363466,-0.12700027,-1.208333,-0.29619548
9380,375.2,0.4,-1.2642981,-0.35125226,-1.2089752,-0.29682726
9381,375.24,0.4,-1.2290953,-0.31662083,-1.2095932,-0.29743513
9382,375.28,0.4,-1.5057232,-0.58875924,-1.2101862,-0.29801857
9383,375.32,0.4,-2.0214872,-1.0961527,-1.2107538,-0.29857698
9384,375.36,0.4,-1.996978,-1.0720413,-1.2112955,-0.29910985
9385,375.4,0.4,-1.4551016,-0.53895915,-1.2118106,-0.29961663
9386,375.44,0.4,-1.245796,-0.33305043,-1.2122988,-0.30009687
9387,375.48,0.4,-1.038019,-0.12864551,-1.2127594,-0.30055004
9388,375.52,0.4,-2.0704956,-1.1443655,-1.2131922,-0.30097577
9389,375.56,0.4,-1.2407024,-0.3280395,-1.2135966,-0.3013736
9390,375.6,0.4,-1.6725106,-0.75283974,-1.2139722,-0.30174315
9391,375.64,0.4,-1.2179835,-0.30568933,-1.2143188,-0.3020841
9392,375.68,0.4,-1.1960791,-0.28414047,-1.2146358,-0.30239603
9393,375.72,0.4,-1.0879279,-0.17774451,-1.2149233,-0.3026787
9394,375.76,0.5,-1.1140705,-0.20346284,-1.2151805,-0.30293185
9395,375.8,0.5,-1.322368,-0.40837976,-1.2154075,-0.30315518
9396,375.84,0.5,-0.6515528,0.25154847,-1.2156041,-0.3033485
9397,375.88,0.5,-1.6873424,-0.7674308,-1.2157699,-0.30351165
9398,375.92,0.5,-1.2938643,-0.38033858,-1.2159048,-0.3036444
9399,375.96,0.5,-1.644983,-0.7257589,-1.2160088,-0.30374664
9400,376.0,0.5,-1.7444875,-0.82364845,-1.2160816,-0.3038183
9401,376.04,0.5,-0.7160008,0.18814647,-1.2161232,-0.3038592
9402,376.08,0.5,-1.3939134,-0.47876397,-1.2161335,-0.3038694
9403,376.12,0.5,-0.4402761,0.4593963,-1.2161126,-0.30384877
9404,376.16,0.5,-1.6353946,-0.71632606,-1.2160604,-0.3037974
9405,376.2,0.5,-1.0916775,-0.18143326,-1.2159768,-0.30371526
9406,376.24,0.5,-1.5726168,-0.6545671,-1.2158622,-0.30360237
9407,376.28,0.5,-0.96535367,-0.05715956,-1.2157162,-0.30345887
9408,376.32,0.5,-2.0833323,-1.156994,-1.2155393,-0.30328482
9409,376.36,0.5,-1.0195272,-0.11045388,-1.2153314,-0.30308035
9410,376.4,0.5,-1.3142178,-0.4003618,-1.2150928,-0.30284557
9411,376.44,0.5,-1.879451,-0.95642155,-1.2148236,-0.30258068
9412,376.48,0.5,-0.41079378,0.4884001,-1.2145239,-0.30228588
9413,376.52,0.5,-0.8424541,0.06374545,-1.214194,-0.30196136
9414,376.56,0.5,-2.0231528,-1.0977912,-1.2138342,-0.3016073
9415,376.6,0.5,-0.5051845,0.3955413,-1.2134445,-0.30122402
9416,376.64,0.5,-0.89451456,0.012529872,-1.2130255,-0.30081174
9417,376.68,0.5,-1.6080971,-0.68947154,-1.2125771,-0.30037075
9418,376.72,0.5,-0.57851493,0.323401,-1.2121,-0.2999013
9419,376.76,0.5,-1.0856936,-0.17554644,-1.2115942,-0.29940376
9420,376.8,0.5,-0.9399186,-0.032137275,-1.2110602,-0.2988784
9421,376.84,0.5,-0.90596265,0.0012675747,-1.2104982,-0.2983256
9422,376.88,0.5,-0.78390217,0.12134708,-1.2099087,-0.29774565
9423,376.92,0.5,-1.347303,-0.43291008,-1.209292,-0.29713896
9424,376.96,0.5,-1.708323,-0.78807086,-1.2086486,-0.29650587
9425,377.0,0.5,-0.5915818,0.31054616,-1.2079786,-0.2958468
9426,377.04,0.5,-1.1174239,-0.20676176,-1.2072827,-0.29516214
9427,377.08,0.5,-1.4751928,-0.5587242,-1.2065611,-0.2944523
9428,377.12,0.5,-0.59598637,0.3062131,-1.2058145,-0.29371777
9429,377.16,0.5,-1.7520208,-0.83105946,-1.2050431,-0.29295897
9430,377.2,0.5,-1.8256291,-0.9034732,-1.2042476,-0.2921764
9431,377.24,0.5,-1.2039988,-0.2919316,-1.2034285,-0.29137054
9432,377.28,0.5,-1.8085055,-0.8866275,-1.2025862,-0.2905419
9433,377.32,0.5,-0.9059957,0.0012350306,-1.2017213,-0.28969103
9434,377.36,0.5,-0.99961907,-0.090868846,-1.2008344,-0.2888185
9435,377.4,0.5,-0.7930778,0.11232034,-1.199926,-0.2879249
9436,377.44,0.5,-1.3007057,-0.38706896,-1.1989968,-0.28701082
9437,377.48,0.5,-1.2991111,-0.38550028,-1.1980475,-0.28607684
9438,377.52,0.5,-1.2066933,-0.29458237,-1.1970786,-0.2851237
9439,377.56,0.5,-1.215748,-0.30349007,-1.1960908,-0.284152
9440,377.6,0.5,-1.5386746,-0.62117577,-1.1950849,-0.28316242
9441,377.64,0.5,-1.7003183,-0.7801961,-1.1940616,-0.28215572
9442,377.68,0.5,-1.783443,-0.86197174,-1.1930217,-0.28113258
9443,377.72,0.5,-1.233151,-0.32061064,-1.1919657,-0.28009382
9444,377.76,0.5,-1.6165123,-0.6977502,-1.1908947,-0.27904016
9445,377.8,0.5,-1.5807812,-0.662599,-1.1898093,-0.2779724
9446,377.84,0.5,-1.4032583,-0.48795724,-1.1887105,-0.2768914
9447,377.88,0.5,-1.453172,-0.53706086,-1.1875991,-0.27579796
9448,377.92,0.5,-1.2236273,-0.31124157,-1.1864758,-0.27469295
9449,377.96,0.5,-1.3906722,-0.4755754,-1.1853416,-0.2735772
9450,378.0,0.5,0.03187585,0.92388546,-1.1841975,-0.27245167
9451,378.04,0.5,-0.6764126,0.22709218,-1.1830443,-0.27131715
9452,378.08,0.5,-0.6748029,0.22867572,-1.1818829,-0.27017456
9453,378.12,0.5,-1.080034,-0.16997871,-1.1807141,-0.26902485
9454,378.16,0.5,-2.1120503,-1.1852459,-1.1795391,-0.26786885
9455,378.2,0.4,-0.65563375,0.24753377,-1.1783586,-0.2667075
9456,378.24,0.4,-1.3742168,-0.45938703,-1.1771736,-0.26554173
9457,378.28,0.4,-1.5985651,-0.6800943,-1.175985,-0.26437244
9458,378.32,0.4,-1.2046639,-0.29258588,-1.1747937,-0.26320052
9459,378.36,0.4,-1.1294599,-0.21860239,-1.1736008,-0.26202688
9460,378.4,0.4,-1.1110046,-0.20044664,-1.1724069,-0.2608525
9461,378.44,0.4,-0.6588757,0.24434444,-1.1712133,-0.25967818
9462,378.48,0.4,-2.0036712,-1.0786257,-1.1700207,-0.25850493
9463,378.52,0.4,-0.16497588,0.7302285,-1.16883,-0.25733358
9464,378.56,0.4,-1.2287903,-0.31632075,-1.1676422,-0.25616506
9465,378.6,0.4,-0.76862115,0.1363801,-1.1664582,-0.25500026
9466,378.64,0.4,-1.3178772,-0.40396178,-1.1652788,-0.25384003
9467,378.68,0.4,-1.1381406,-0.22714221,-1.164105,-0.25268528
9468,378.72,0.4,-1.2056147,-0.29352126,-1.1629376,-0.25153682
9469,378.76,0.4,-0.6799221,0.2236396,-1.1617775,-0.25039554
9470,378.8,0.4,-1.2734092,-0.36021557,-1.1606256,-0.24926226
9471,378.84,0.4,-1.6767342,-0.7569947,-1.1594826,-0.24813782
9472,378.88,0.4,-1.6256636,-0.706753,-1.1583494,-0.24702303
9473,378.92,0.4,-1.268475,-0.35536146,-1.1572268,-0.24591872
9474,378.96,0.4,-1.133744,-0.222817,-1.1561158,-0.24482566
9475,379.0,0.4,-0.38091034,0.51779854,-1.1550169,-0.24374464
9476,379.04,0.4,-1.4774406,-0.56093556,-1.153931,-0.24267644
9477,379.08,0.4,-0.78480834,0.120455615,-1.1528591,-0.2416218
9478,379.12,0.4,-1.0074226,-0.0985457,-1.1518016,-0.24058147
9479,379.16,0.4,-0.8443129,0.061916776,-1.1507593,-0.23955616
9480,379.2,0.4,-1.1838293,-0.27208945,-1.1497331,-0.2385466
9481,379.24,0.4,-1.1104678,-0.19991855,-1.1487236,-0.23755345
9482,379.28,0.4,-1.5878758,-0.6695785,-1.1477314,-0.23657739
9483,379.32,0.5,-1.0808038,-0.17073596,-1.1467572,-0.23561908
9484,379.36,0.5,-1.6234637,-0.7045889,-1.1458019,-0.23467916
9485,379.4,0.5,-1.1585716,-0.24724168,-1.1448658,-0.23375826
9486,379.44,0.5,-1.8983305,-0.9749946,-1.1439496,-0.23285696
9487,379.48,0.5,-1.8009043,-0.8791496,-1.143054,-0.23197585
9488,379.52,0.5,-1.4524324,-0.53633326,-1.1421794,-0.23111552
9489,379.56,0.5,-1.0592496,-0.14953165,-1.1413265,-0.23027648
9490,379.6,0.5,-0.53032196,0.37081182,-1.1404959,-0.22945929
9491,379.64,0.5,-1.0634565,-0.15367027,-1.1396879,-0.2286644
9492,379.68,0.5,-0.1274836,0.7671123,-1.138903,-0.22789232
9493,379.72,0.5,-1.626384,-0.7074617,-1.1381419,-0.22714347
9494,379.76,0.5,-1.5081108,-0.59110796,-1.1374047,-0.22641826
9495,379.8,0.5,-0.306575,0.5909275,-1.1366919,-0.22571707
9496,379.84,0.5,-0.9259951,-0.018439777,-1.136004,-0.22504024
9497,379.88,0.5,-1.1371357,-0.2261537,-1.135341,-0.2243881
9498,379.92,0.5,-0.9017239,0.005437508,-1.1347035,-0.22376089
9499,379.96,0.5,-0.86588895,0.04069089,-1.1340915,-0.22315888
9500,380.0,0.5,-0.91464216,-0.0072710663,-1.1335055,-0.22258228
9501,380.04,0.5,-0.71540534,0.18873224,-1.1329453,-0.22203124
9502,380.08,0.5,-1.1872793,-0.2754835,-1.1324112,-0.22150588
9503,380.12,0.5,-0.44320345,0.45651644,-1.1319034,-0.22100632
9504,380.16,0.5,-0.98026186,-0.0718258,-1.1314219,-0.2205326
9505,380.2,0.5,-0.7808245,0.1243748,-1.1309667,-0.22008476
9506,380.24,0.5,-1.4303658,-0.5146248,-1.1305377,-0.21966277
9507,380.28,0.5,-1.1568424,-0.24554047,-1.130135,-0.21926661
9508,380.32,0.5,-0.41524237,0.4840237,-1.1297585,-0.2188962
9509,380.36,0.5,-2.4882069,-1.5552976,-1.129408,-0.21855141
9510,380.4,0.5,-1.5678723,-0.6498996,-1.1290835,-0.21823214
9511,380.44,0.5,-0.55146074,0.3500161,-1.1287847,-0.2179382
9512,380.48,0.5,-1.0181898,-0.109138176,-1.1285114,-0.21766941
9513,380.52,0.5,-0.58467466,0.31734124,-1.1282636,-0.21742555
9514,380.56,0.5,-1.3165162,-0.40262285,-1.1280409,-0.2172064
9515,380.6,0.5,-1.0010196,-0.09224665,-1.1278429,-0.21701169
9516,380.64,0.5,-1.5840007,-0.66576624,-1.1276696,-0.21684112
9517,380.68,0.5,-0.58270663,0.31927732,-1.1275204,-0.21669438
9518,380.72,0.5,-1.1933814,-0.28148654,-1.1273952,-0.21657117
9519,380.76,0.5,-1.3865955,-0.47156483,-1.1272935,-0.21647112
9520,380.8,0.5,-1.2706366,-0.35748786,-1.1272149,-0.21639386
9521,380.84,0.5,-0.72291195,0.18134746,-1.1271591,-0.216339
9522,380.88,0.5,-0.5512643,0.35020936,-1.1271257,-0.21630616
9523,380.92,0.5,-1.7290988,-0.80850947,-1.1271143,-0.21629493
9524,380.96,0.5,-1.1781483,-0.26650062,-1.1271244,-0.21630488
9525,381.0,0.5,-1.6789173,-0.7591424,-1.1271557,-0.21633556
9526,381.04,0.5,-1.7879205,-0.8663765,-1.1272074,-0.21638653
9527,381.08,0.5,-0.5124557,0.3883881,-1.1272794,-0.21645734
9528,381.12,0.5,-1.3050432,-0.3913361,-1.1273711,-0.21654753
9529,381.16,0.5,-0.31203473,0.5855564,-1.1274819,-0.21665661
9530,381.2,0.5,-1.6143647,-0.6956375,-1.1276116,-0.21678413
9531,381.24,0.5,-1.6934676,-0.7734566,-1.1277595,-0.21692958
9532,381.28,0.5,-1.2520719,-0.33922446,-1.127925,-0.2170925
9533,381.32,0.5,-0.8572538,0.04918591,-1.1281079,-0.21727237
9534,381.36,0.5,-0.6969587,0.20687947,-1.1283075,-0.2174687
9535,381.4,0.5,-0.9860583,-0.077528164,-1.1285232,-0.217681
9536,381.44,0.5,-0.91129893,-0.0039821044,-1.1287549,-0.21790877
9537,381.48,0.5,-0.97087586,-0.06259213,-1.1290015,-0.2181515
9538,381.52,0.5,-0.8306886,0.07531997,-1.1292629,-0.21840867
9539,381.56,0.5,-1.422379,-0.50676763,-1.1295385,-0.2186798
9540,381.6,0.5,-0.48472524,0.41566855,-1.1298279,-0.21896438
9541,381.64,0.5,-0.9355356,-0.02782543,-1.1301303,-0.21926191
9542,381.68,0.5,-2.1315334,-1.2044127,-1.1304454,-0.21957192
9543,381.72,0.5,-0.97554785,-0.06718829,-1.1307727,-0.21989387
9544,381.76,0.5,-1.2927747,-0.37926668,-1.1311116,-0.22022733
9545,381.8,0.5,-1.7045479,-0.784357,-1.1314617,-0.22057182
9546,381.84,0.5,-1.6509529,-0.7316319,-1.1318227,-0.22092687
9547,381.88,0.5,-0.55058646,0.35087618,-1.1321939,-0.22129203
9548,381.92,0.5,-1.4693239,-0.5529506,-1.1325749,-0.2216669
9549,381.96,0.5,-1.2534959,-0.34062544,-1.1329654,-0.22205105
9550,382.0,0.5,-1.2763646,-0.3631229,-1.1333649,-0.22244407
9551,382.04,0.5,-1.4685888,-0.55222744,-1.1337731,-0.2228456
9552,382.08,0.5,-1.3932296,-0.47809127,-1.1341895,-0.22325523
9553,382.12,0.5,-1.4208479,-0.50526136,-1.1346138,-0.22367263
9554,382.16,0.5,-0.8622552,0.044265665,-1.1350455,-0.22409745
9555,382.2,0.5,-1.3048866,-0.39118204,-1.1354846,-0.22452936
9556,382.24,0.5,-1.2007706,-0.2887558,-1.1359305,-0.22496805
9557,382.28,0.5,-1.1428754,-0.23180023,-1.136383,-0.22541323
9558,382.32,0.5,-1.4563956,-0.5402322,-1.1368419,-0.2258646
9559,382.36,0.5,-1.6811326,-0.7613217,-1.1373067,-0.22632192
9560,382.4,0.5,-1.2904718,-0.37700117,-1.1377773,-0.2267849
9561,382.44,0.5,-1.1353809,-0.2244273,-1.1382535,-0.2272533
9562,382.48,0.5,-0.9516155,-0.04364437,-1.1387349,-0.22772689
9563,382.52,0.5,-0.99178654,-0.08316344,-1.1392213,-0.22820543
9564,382.56,0.5,-0.75738764,0.14743131,-1.1397126,-0.22868869
9565,382.6,0.5,-1.0104489,-0.10152295,-1.1402084,-0.22917646
9566,382.64,0.5,-1.3995168,-0.48427644,-1.1407086,-0.22966853
9567,382.68,0.5,-1.1197252,-0.20902574,-1.1412129,-0.23016469
9568,382.72,0.5,-1.0602108,-0.15047723,-1.1417212,-0.23066473
9569,382.76,0.5,-0.9840791,-0.07558111,-1.1422333,-0.23116843
9570,382.8,0.5,-0.27095145,0.62597287,-1.1427487,-0.2316756
9571,382.84,0.5,-1.1421067,-0.23104393,-1.1432676,-0.23218603
9572,382.88,0.5,-1.8676299,-0.94479233,-1.1437895,-0.23269951
9573,382.92,0.5,-1.2510684,-0.33823726,-1.1443144,-0.23321584
9574,382.96,0.5,-1.205778,-0.29368192,-1.1448419,-0.23373479
9575,383.0,0.5,-0.020263612,0.8725923,-1.1453719,-0.23425616
9576,383.04,0.5,-1.135083,-0.22413424,-1.1459041,-0.23477975
9577,383.08,0.5,-0.938138,-0.030385599,-1.1464384,-0.23530531
9578,383.12,0.5,-0.48833025,0.412122,-1.1469743,-0.23583265
9579,383.16,0.5,-1.700947,-0.7808146,-1.147512,-0.23636153
9580,383.2,0.5,-1.5699989,-0.65199167,-1.1480509,-0.23689173
9581,383.24,0.5,-1.2169292,-0.30465215,-1.148591,-0.23742303
9582,383.28,0.5,-0.54158056,0.35973594,-1.1491319,-0.23795521
9583,383.32,0.5,-0.5848641,0.31715488,-1.1496736,-0.23848802
9584,383.36,0.5,-1.423175,-0.50755066,-1.1502156,-0.23902124
9585,383.4,0.5,-1.7250185,-0.80449545,-1.1507578,-0.23955466
9586,383.44,0.5,-1.1317797,-0.22088456,-1.1513,-0.24008803
9587,383.48,0.5,-0.830984,0.07502935,-1.1518419,-0.24062116
9588,383.52,0.5,-0.8665847,0.040006407,-1.1523833,-0.2411538
9589,383.56,0.5,-1.0950154,-0.18471695,-1.1529241,-0.24168575
9590,383.6,0.5,-0.82697415,0.07897412,-1.1534638,-0.2422168
9591,383.64,0.5,-1.4006534,-0.48539457,-1.1540025,-0.24274674
9592,383.68,0.5,-1.0006586,-0.09189154,-1.1545398,-0.24327536
9593,383.72,0.5,-1.3293928,-0.4152905,-1.1550757,-0.24380249
9594,383.76,0.5,-1.8212413,-0.8991566,-1.1556098,-0.24432795
9595,383.8,0.5,-1.188168,-0.27635777,-1.156142,-0.24485153
9596,383.84,0.5,-1.256337,-0.34342042,-1.1566722,-0.24537311
9597,383.88,0.5,-0.9484388,-0.04051923,-1.1572002,-0.24589252
9598,383.92,0.5,-1.219868,-0.3075432,-1.1577258,-0.24640964
9599,383.96,0.5,-1.3991408,-0.4839066,-1.158249,-0.24692433
9600,384.0,0.5,-1.7704561,-0.8491956,-1.1587696,-0.24743646
9601,384.04,0.5,-1.9552495,-1.0309899,-1.1592876,-0.24794598
9602,384.08,0.5,-0.98777544,-0.07921744,-1.1598027,-0.24845277
9603,384.12,0.5,-1.8460231,-0.9235361,-1.160315,-0.24895678
9604,384.16,0.5,-1.3771493,-0.462272,-1.1608244,-0.24945794
9605,384.2,0.5,-0.9039084,0.003288515,-1.1613309,-0.2499562
9606,384.24,0.5,-1.1754231,-0.26381972,-1.1618345,-0.25045153
9607,384.28,0.5,-1.2760394,-0.36280298,-1.1623349,-0.2509439
9608,384.32,0.5,-1.1413845,-0.23033348,-1.1628324,-0.2514333
9609,384.36,0.5,-1.3252635,-0.41122824,-1.1633269,-0.25191972
9610,384.4,0.5,-1.0326643,-0.12337777,-1.1638182,-0.25240314
9611,384.44,0.5,-0.80992025,0.09575126,-1.1643065,-0.25288355
9612,384.48,0.5,-1.2551651,-0.34226748,-1.1647918,-0.25336093
9613,384.52,0.5,-1.5802231,-0.66204995,-1.165274,-0.2538353
9614,384.56,0.6,-0.64635754,0.25665945,-1.1657531,-0.2543066
9615,384.6,0.6,-0.609625,0.29279584,-1.1662291,-0.25477487
9616,384.64,0.6,-0.68131524,0.22226909,-1.166702,-0.25524008
9617,384.68,0.6,-1.9366622,-1.0127043,-1.1671717,-0.2557022
9618,384.72,0.6,-1.1902186,-0.278375,-1.1676383,-0.25616118
9619,384.76,0.6,-1.0995978,-0.18922499,-1.1681015,-0.256617
9620,384.8,0.6,-1.1030743,-0.19264507,-1.1685617,-0.2570696
9621,384.84,0.6,-1.0968325,-0.18650457,-1.1690184,-0.25751892
9622,384.88,0.6,-1.2249911,-0.31258318,-1.1694717,-0.2579649
9623,384.92,0.6,-0.97344506,-0.065119624,-1.1699216,-0.25840744
9624,384.96,0.6,-1.531191,-0.61381364,-1.1703678,-0.2588465
9625,385.0,0.6,-0.72770655,0.17663065,-1.1708105,-0.25928187
9626,385.04,0.6,-1.5227237,-0.6054837,-1.1712493,-0.25971356
9627,385.08,0.6,-1.354048,-0.4395456,-1.171684,-0.2601413
9628,385.12,0.6,-0.7086826,0.19534588,-1.1721148,-0.26056507
9629,385.16,0.6,-0.98425484,-0.07575397,-1.1725413,-0.2609846
9630,385.2,0.6,-0.7717577,0.13329443,-1.1729633,-0.26139975
9631,385.24,0.6,-1.1971742,-0.28521776,-1.1733806,-0.2618103
9632,385.28,0.6,-1.2494936,-0.33668804,-1.173793,-0.26221603
9633,385.32,0.6,-1.1528862,-0.2416485,-1.1742003,-0.2626167
9634,385.36,0.6,-0.92399204,-0.016469203,-1.1746022,-0.26301205
9635,385.4,0.6,-1.0722023,-0.16227412,-1.1749984,-0.2634018
9636,385.44,0.6,-0.6686811,0.23469818,-1.1753886,-0.26378566
9637,385.48,0.6,-0.4019392,0.49711096,-1.1757724,-0.2641633
9638,385.52,0.6,-1.1132702,-0.20267543,-1.1761496,-0.26453438
9639,385.56,0.6,-0.32656842,0.57125854,-1.1765198,-0.26489854
9640,385.6,0.6,-1.3826581,-0.46769136,-1.1768825,-0.2652554
9641,385.64,0.6,-1.9127058,-0.9891366,-1.1772374,-0.26560456
9642,385.68,0.6,-1.3541291,-0.43962535,-1.1775842,-0.26594564
9643,385.72,0.6,-1.050564,-0.14098702,-1.1779222,-0.2662782
9644,385.76,0.6,-0.35907817,0.5392764,-1.1782511,-0.26660186
9645,385.8,0.6,-1.2822722,-0.36893466,-1.1785706,-0.26691613
9646,385.84,0.6,-0.63969946,0.26320943,-1.1788801,-0.2672206
9647,385.88,0.6,-0.740327,0.16421503,-1.1791792,-0.26751477
9648,385.92,0.6,-1.8325684,-0.91029984,-1.1794673,-0.26779822
9649,385.96,0.6,-1.6908071,-0.7708392,-1.179744,-0.26807046
9650,386.0,0.6,-1.4857267,-0.5690872,-1.1800089,-0.26833108
9651,386.04,0.6,-0.98712987,-0.07858235,-1.1802616,-0.2685796
9652,386.08,0.6,-0.885396,0.021500431,-1.1805015,-0.26881558
9653,386.12,0.6,-0.94980925,-0.04186742,-1.1807281,-0.26903856
9654,386.16,0.6,-1.423308,-0.50768155,-1.1809411,-0.26924813
9655,386.2,0.6,-1.3751985,-0.4603528,-1.1811401,-0.26944384
9656,386.24,0.6,-1.3154466,-0.40157068,-1.1813245,-0.2696253
9657,386.28,0.6,-0.412072,0.48714262,-1.181494,-0.26979208
9658,386.32,0.6,-1.3196487,-0.4057046,-1.1816483,-0.26994383
9659,386.36,0.6,-1.3563836,-0.44184324,-1.1817869,-0.27008018
9660,386.4,0.6,-1.0595186,-0.14979622,-1.1819094,-0.2702008
9661,386.44,0.6,-2.3986597,-1.4672037,-1.1820158,-0.2703053
9662,386.48,0.6,-1.0390308,-0.12964094,-1.1821053,-0.27039343
9663,386.52,0.6,-1.5438069,-0.6262248,-1.182178,-0.27046493
9664,386.56,0.6,-2.1057673,-1.1790649,-1.1822335,-0.27051952
9665,386.6,0.6,-1.4764247,-0.55993617,-1.1822716,-0.27055702
9666,386.64,0.6,-0.05369115,0.83970714,-1.1822921,-0.27057722
9667,386.68,0.6,-2.4362593,-1.5041932,-1.1822948,-0.27057993
9668,386.72,0.6,-1.3161803,-0.4022925,-1.1822798,-0.2705651
9669,386.76,0.6,-1.3028859,-0.3892138,-1.1822467,-0.27053252
9670,386.8,0.6,-0.9754034,-0.06704622,-1.1821955,-0.27048218
9671,386.84,0.6,-1.7985067,-0.87679094,-1.1821263,-0.27041405
9672,386.88,0.6,-1.347198,-0.43280676,-1.1820389,-0.27032807
9673,386.92,0.6,-1.4253228,-0.50966364,-1.1819334,-0.2702243
9674,386.96,0.6,-0.59358203,0.3085784,-1.1818098,-0.2701027
9675,387.0,0.6,-1.1394154,-0.22839634,-1.1816682,-0.2699634
9676,387.04,0.6,-1.1814529,-0.26975158,-1.1815087,-0.26980647
9677,387.08,0.6,-1.5124573,-0.59538394,-1.1813313,-0.269632
9678,387.12,0.6,-1.2144157,-0.3021794,-1.1811363,-0.2694401
9679,387.16,0.6,-1.4304485,-0.5147062,-1.1809237,-0.269231
9680,387.2,0.6,-1.1800919,-0.26841265,-1.1806937,-0.26900476
9681,387.24,0.6,-0.7729579,0.1321137,-1.1804466,-0.26876163
9682,387.28,0.6,-1.7784903,-0.85709935,-1.1801825,-0.26850182
9683,387.32,0.6,-0.84948665,0.056827,-1.1799016,-0.26822552
9684,387.36,0.6,-0.5700512,0.3317274,-1.1796043,-0.26793295
9685,387.4,0.6,-0.82517624,0.08074286,-1.1792907,-0.2676244
9686,387.44,0.6,-1.6438279,-0.7246225,-1.1789609,-0.2673001
9687,387.48,0.6,-2.158349,-1.2307932,-1.1786156,-0.26696032
9688,387.52,0.6,-0.6299351,0.27281535,-1.1782547,-0.26660535
9689,387.56,0.6,-0.36388296,0.5345496,-1.1778787,-0.26623547
9690,387.6,0.6,-1.2348936,-0.32232496,-1.1774879,-0.26585096
9691,387.64,0.6,-0.5553433,0.3461966,-1.1770825,-0.26545215
9692,387.68,0.6,-1.3000326,-0.38640684,-1.1766628,-0.2650393
9693,387.72,0.6,-1.6837034,-0.76385087,-1.1762292,-0.26461276
9694,387.76,0.6,-1.211199,-0.299015,-1.1757821,-0.26417285
9695,387.8,0.6,-0.7419316,0.16263646,-1.1753217,-0.26371986
9696,387.84,0.6,-1.4026867,-0.4873949,-1.1748482,-0.26325414
9697,387.88,0.6,-1.3752542,-0.46040758,-1.1743623,-0.26277602
9698,387.92,0.6,-1.1976764,-0.28571182,-1.173864,-0.26228583
9699,387.96,0.6,-0.8631954,0.04334072,-1.1733538,-0.26178393
9700,388.0,0.6,-1.0493678,-0.13981017,-1.172832,-0.2612706
9701,388.04,0.6,-1.2525758,-0.3397202,-1.172299,-0.26074627
9702,388.08,0.6,-0.7467829,0.15786391,-1.1717551,-0.2602112
9703,388.12,0.6,-1.571387,-0.6533573,-1.1712006,-0.2596658
9704,388.16,0.6,-1.5583253,-0.6405075,-1.170636,-0.25911033
9705,388.2,0.6,-1.0786,-0.16856802,-1.1700617,-0.25854525
9706,388.24,0.6,-1.3177228,-0.4038099,-1.1694778,-0.25797084
9707,388.28,0.6,-1.4396684,-0.5237764,-1.1688848,-0.25738746
9708,388.32,0.6,-0.7596841,0.14517212,-1.168283,-0.2567955
9709,388.36,0.6,-0.49329233,0.40724045,-1.1676729,-0.25619525
9710,388.4,0.6,-1.1254218,-0.21462983,-1.1670547,-0.2555871
9711,388.44,0.6,-1.2719014,-0.35873216,-1.1664288,-0.25497136
9712,388.48,0.6,-0.7934633,0.11194112,-1.1657956,-0.25434843
9713,388.52,0.6,-1.0200083,-0.1109272,-1.1651554,-0.25371858
9714,388.56,0.6,-0.8627224,0.043806054,-1.1645085,-0.25308222
9715,388.6,0.6,-1.0869211,-0.17675401,-1.1638553,-0.25243965
9716,388.64,0.6,-1.8536322,-0.9310218,-1.1631962,-0.2517912
9717,388.68,0.5,-0.61947215,0.2831085,-1.1625315,-0.2511373
9718,388.72,0.5,-1.5128933,-0.5958129,-1.1618614,-0.25047815
9719,388.76,0.5,-1.0966054,-0.18628116,-1.1611866,-0.24981417
9720,388.8,0.5,-1.404046,-0.48873216,-1.1605071,-0.24914569
9721,388.84,0.5,-1.4119725,-0.49653,-1.1598233,-0.24847305
9722,388.88,0.5,-1.6594956,-0.7400359,-1.1591357,-0.24779661
9723,388.92,0.5,-1.0521238,-0.14252144,-1.1584446,-0.2471167
9724,388.96,0.5,-1.4225467,-0.5069326,-1.1577502,-0.24643369
9725,389.0,0.5,-0.86354953,0.04299236,-1.1570532,-0.24574792
9726,389.04,0.5,-1.4034947,-0.4881898,-1.1563537,-0.24505974
9727,389.08,0.5,-0.65447295,0.24867573,-1.155652,-0.24436954
9728,389.12,0.5,-1.8309362,-0.9086941,-1.1549488,-0.24367763
9729,389.16,0.5,-1.0917006,-0.18145591,-1.1542441,-0.24298441
9730,389.2,0.5,-0.76265323,0.14225116,-1.1535385,-0.24229021
9731,389.24,0.5,-1.4547234,-0.53858703,-1.1528323,-0.24159542
9732,389.28,0.5,-1.0982387,-0.18788794,-1.1521257,-0.24090037
9733,389.32,0.5,-1.0329089,-0.123618424,-1.1514193,-0.24020542
9734,389.36,0.5,-1.3165951,-0.40270048,-1.1507133,-0.23951094
9735,389.4,0.5,-1.5210996,-0.603886,-1.1500082,-0.23881726
9736,389.44,0.5,-1.6083922,-0.68976194,-1.1493043,-0.23812473
9737,389.48,0.5,-1.3402941,-0.4260149,-1.1486019,-0.23743372
9738,389.52,0.5,-1.40229,-0.4870046,-1.1479013,-0.23674454
9739,389.56,0.5,-0.95770985,-0.0496398,-1.147203,-0.23605753
9740,389.6,0.5,0.097353816,0.9883007,-1.1465071,-0.23537304
9741,389.64,0.6,-0.80921394,0.096446104,-1.1458143,-0.23469135
9742,389.68,0.6,-0.6070821,0.2952974,-1.1451244,-0.23401278
9743,389.72,0.6,-2.2622235,-1.3329817,-1.1444383,-0.23333764
9744,389.76,0.6,-0.98972607,-0.081136405,-1.1437557,-0.23266621
9745,389.8,0.6,-0.9076797,-0.00042158365,-1.1430773,-0.23199874
9746,389.84,0.6,-1.1189827,-0.20829526,-1.142403,-0.23133552
9747,389.88,0.6,-0.41347295,0.48576444,-1.1417334,-0.23067677
9748,389.92,0.6,-0.7753125,0.12979737,-1.1410686,-0.23002274
9749,389.96,0.6,-1.634624,-0.71556795,-1.1404089,-0.22937366
9750,390.0,0.6,-1.3155632,-0.40168536,-1.1397543,-0.22872974
9751,390.04,0.6,-1.3561547,-0.44161806,-1.1391052,-0.22809117
9752,390.08,0.6,-0.88758147,0.019350432,-1.1384617,-0.22745813
9753,390.12,0.6,-0.9872899,-0.078739785,-1.137824,-0.22683083
9754,390.16,0.6,-0.7311487,0.17324436,-1.1371924,-0.22620939
9755,390.2,0.6,-1.7252071,-0.80468094,-1.1365668,-0.225594
9756,390.24,0.6,-0.9057659,0.0014611408,-1.1359476,-0.22498478
9757,390.28,0.6,-1.3018677,-0.38821214,-1.1353347,-0.22438186
9758,390.32,0.6,-0.77687216,0.128263,-1.1347283,-0.22378539
9759,390.36,0.6,-1.8155591,-0.8935666,-1.1341287,-0.22319543
9760,390.4,0.6,-1.0701755,-0.16028021,-1.1335357,-0.22261214
9761,390.44,0.6,-0.47197396,0.42821288,-1.1329497,-0.22203559
9762,390.48,0.6,-0.95554614,-0.047511205,-1.1323706,-0.22146586
9763,390.52,0.6,-1.1157551,-0.20512003,-1.1317984,-0.22090301
9764,390.56,0.6,-1.030505,-0.12125346,-1.1312333,-0.22034712
9765,390.6,0.6,-0.7621765,0.14272013,-1.1306754,-0.21979825
9766,390.64,0.6,-1.357811,-0.44324747,-1.1301247,-0.21925646
9767,390.68,0.6,-1.1141747,-0.20356533,-1.1295812,-0.21872176
9768,390.72,0.6,-1.1240677,-0.2132977,-1.129045,-0.21819423
9769,390.76,0.6,-1.5237463,-0.6064897,-1.1285161,-0.21767388
9770,390.8,0.6,-1.2876619,-0.37423688,-1.1279944,-0.21716073
9771,390.84,0.6,-0.8001617,0.10535141,-1.1274801,-0.21665484
9772,390.88,0.6,-1.0400233,-0.13061737,-1.1269733,-0.2161562
9773,390.92,0.6,-1.4357442,-0.5199159,-1.1264739,-0.21566486
9774,390.96,0.6,-1.0795445,-0.16949718,-1.1259818,-0.21518083
9775,391.0,0.6,-1.3371094,-0.42288193,-1.1254973,-0.21470416
9776,391.04,0.6,-1.1370648,-0.22608393,-1.1250203,-0.21423483
9777,391.08,0.6,-1.3581749,-0.4436055,-1.1245507,-0.2137729
9778,391.12,0.6,-1.4835342,-0.5669303,-1.1240886,-0.2133184
9779,391.16,0.6,-1.093687,-0.18341017,-1.1236342,-0.21287133
9780,391.2,0.6,-1.177024,-0.2653946,-1.1231874,-0.21243174
9781,391.24,0.6,-1.3731623,-0.45834962,-1.1227483,-0.21199968
9782,391.28,0.6,-1.3882048,-0.47314805,-1.1223167,-0.21157517
9783,391.32,0.6,-0.8855723,0.021326981,-1.1218929,-0.21115825
9784,391.36,0.6,-0.62306905,0.27956998,-1.1214769,-0.21074896
9785,391.4,0.6,-1.6432949,-0.7240982,-1.1210686,-0.21034734
9786,391.44,0.7,-1.5471249,-0.6294889,-1.1206682,-0.20995343
9787,391.48,0.7,-0.9417165,-0.033906005,-1.1202757,-0.20956728
9788,391.52,0.7,-0.9747954,-0.06644806,-1.119891,-0.20918891
9789,391.56,0.7,-0.77297354,0.13209835,-1.1195145,-0.20881838
9790,391.6,0.7,-1.0189059,-0.10984264,-1.1191458,-0.20845573
9791,391.64,0.7,-1.1499131,-0.23872367,-1.1187851,-0.20810097
9792,391.68,0.7,-1.4409397,-0.52502704,-1.1184326,-0.20775416
9793,391.72,0.7,-0.799096,0.10639984,-1.1180882,-0.20741533
9794,391.76,0.7,-0.7155148,0.18862456,-1.117752,-0.20708449
9795,391.8,0.7,-0.66232663,0.24094951,-1.1174238,-0.20676167
9796,391.84,0.7,-1.5553689,-0.6375991,-1.1171038,-0.20644692
9797,391.88,0.7,-0.964075,-0.055901676,-1.1167921,-0.20614022
9798,391.92,0.7,-1.4925592,-0.5758088,-1.1164886,-0.20584159
9799,391.96,0.7,-1.4158883,-0.50038224,-1.1161932,-0.20555106
9800,392.0,0.7,-1.1245568,-0.21377888,-1.1159061,-0.20526864
9801,392.04,0.7,-1.2012718,-0.28924882,-1.1156273,-0.20499432
9802,392.08,0.7,-1.4202821,-0.5047048,-1.1153567,-0.20472813
9803,392.12,0.7,-1.3162165,-0.402328,-1.1150944,-0.20447005
9804,392.16,0.7,-1.30389,-0.3902016,-1.1148403,-0.20422009
9805,392.2,0.7,-1.0653297,-0.155513,-1.1145945,-0.20397824
9806,392.24,0.7,-0.9082053,-0.00093865395,-1.1143569,-0.2037445
9807,392.28,0.7,-0.73007834,0.17429736,-1.1141275,-0.20351885
9808,392.32,0.7,-1.5790626,-0.6609083,-1.1139063,-0.20330127
9809,392.36,0.7,-1.1688622,-0.2573653,-1.1136934,-0.20309174
9810,392.4,0.7,-0.510424,0.39038682,-1.1134884,-0.2028902
9811,392.44,0.7,-0.75723445,0.147582,-1.1132917,-0.20269662
9812,392.48,0.7,-1.2530262,-0.34016335,-1.1131029,-0.20251095
9813,392.52,0.7,-1.2145336,-0.3022954,-1.1129222,-0.20233312
9814,392.56,0.7,-1.2675974,-0.35449806,-1.1127493,-0.20216306
9815,392.6,0.7,-0.694027,0.20976362,-1.1125842,-0.20200066
9816,392.64,0.7,-1.4428346,-0.52689123,-1.1124269,-0.20184585
9817,392.68,0.7,-0.59259367,0.30955076,-1.1122772,-0.20169853
9818,392.72,0.7,-0.6070492,0.2953298,-1.1121348,-0.20155858
9819,392.76,0.7,-0.12165123,0.77285004,-1.112,-0.20142585
9820,392.8,0.7,-1.0731151,-0.1631721,-1.1118722,-0.20130022
9821,392.84,0.7,-0.9746209,-0.06627637,-1.1117516,-0.20118155
9822,392.88,0.7,-1.6242871,-0.70539886,-1.1116378,-0.20106965
9823,392.92,0.7,-0.49248576,0.40803397,-1.1115309,-0.2009644
9824,392.96,0.7,-1.6653469,-0.7457922,-1.1114305,-0.20086561
9825,393.0,0.7,-1.4875165,-0.570848,-1.1113365,-0.2007731
9826,393.04,0.7,-0.7703412,0.13468793,-1.1112486,-0.20068672
9827,393.08,0.7,-0.9686512,-0.06040355,-1.1111668,-0.20060629
9828,393.12,0.7,-0.750626,0.15408316,-1.111091,-0.2005316
9829,393.16,0.7,-1.1324563,-0.2215502,-1.1110207,-0.20046252
9830,393.2,0.7,-1.5039511,-0.5870158,-1.1109561,-0.20039886
9831,393.24,0.7,-1.4482355,-0.5322045,-1.1108967,-0.20034046
9832,393.28,0.7,-0.7413036,0.16325426,-1.1108425,-0.20028718
9833,393.32,0.7,-1.1807454,-0.26905555,-1.1107934,-0.20023882
9834,393.36,0.7,-1.324141,-0.41012397,-1.1107491,-0.20019528
9835,393.4,0.7,-1.4474889,-0.53147,-1.1107095,-0.20015644
9836,393.44,0.7,-1.191069,-0.27921167,-1.1106747,-0.20012213
9837,393.48,0.7,-1.1553869,-0.24410868,-1.1106443,-0.20009229
9838,393.52,0.7,-1.2126069,-0.30040002,-1.1106185,-0.20006679
9839,393.56,0.7,-0.88146514,0.025367491,-1.1105969,-0.20004559
9840,393.6,0.7,-0.8190403,0.086779214,-1.1105796,-0.20002861
9841,393.64,0.7,-2.1865053,-1.2584926,-1.1105666,-0.2000158
9842,393.68,0.7,-1.5640943,-0.64618295,-1.1105578,-0.20000714
9843,393.72,0.6,-1.4822233,-0.5656406,-1.1105533,-0.20000261
9844,393.76,0.6,-1.3605103,-0.44590303,-1.1105528,-0.20000222
9845,393.8,0.6,-1.5443327,-0.6267421,-1.1105567,-0.200006
9846,393.84,0.6,-1.364614,-0.4499401,-1.1105648,-0.20001397
9847,393.88,0.5,-1.15026,-0.23906493,-1.1105772,-0.2000262
9848,393.92,0.5,-1.0487736,-0.13922568,-1.110594,-0.20004277
9849,393.96,0.5,-1.3749564,-0.4601146,-1.1106154,-0.20006375
9850,394.0,0.5,-1.1759615,-0.2643493,-1.1106412,-0.20008923
9851,394.04,0.5,-1.223926,-0.31153533,-1.1106719,-0.20011933
9852,394.08,0.5,-1.1057807,-0.19530755,-1.1107073,-0.20015417
9853,394.12,0.5,-0.8412472,0.06493271,-1.1107476,-0.20019385
9854,394.16,0.5,-0.74302435,0.16156146,-1.110793,-0.20023851
9855,394.2,0.5,-1.0346066,-0.12528853,-1.1108437,-0.20028827
9856,394.24,0.5,-1.1052923,-0.19482708,-1.1108994,-0.20034325
9857,394.28,0.5,-1.0550659,-0.14541578,-1.1109608,-0.2004036
9858,394.32,0.5,-1.2625324,-0.34951517,-1.1110277,-0.20046943
9859,394.36,0.5,-1.0456853,-0.13618743,-1.1111003,-0.20054087
9860,394.4,0.5,-1.5056429,-0.58868015,-1.1111788,-0.20061803
9861,394.44,0.5,-1.0431309,-0.13367449,-1.1112632,-0.20070104
9862,394.48,0.5,-0.9984746,-0.08974296,-1.1113536,-0.20078999
9863,394.52,0.5,-1.153816,-0.24256323,-1.1114502,-0.200885
9864,394.56,0.6,-0.16176671,0.7333856,-1.111553,-0.20098612
9865,394.6,0.6,-0.016893208,0.8759078,-1.111662,-0.20109345
9866,394.64,0.6,-1.2336044,-0.32105675,-1.1117775,-0.20120706
9867,394.68,0.6,-1.1499939,-0.23880318,-1.1118995,-0.20132697
9868,394.72,0.6,-0.71871316,0.18547809,-1.1120278,-0.20145324
9869,394.76,0.6,-1.1947939,-0.28287613,-1.1121626,-0.20158589
9870,394.8,0.6,-0.9469768,-0.039080925,-1.112304,-0.20172493
9871,394.84,0.6,-1.4159892,-0.5004815,-1.1124518,-0.20187034
9872,394.88,0.6,-0.6934042,0.21037632,-1.112606,-0.20202212
9873,394.92,0.6,-0.74592376,0.15870911,-1.1127667,-0.20218025
9874,394.96,0.6,-1.0833228,-0.17321408,-1.112934,-0.20234467
9875,395.0,0.6,-0.25083,0.64576775,-1.1131074,-0.20251536
9876,395.04,0.6,-1.4322056,-0.5164347,-1.1132872,-0.20269224
9877,395.08,0.6,-1.2200005,-0.3076736,-1.1134733,-0.20287526
9878,395.12,0.6,-0.83384454,0.07221524,-1.1136655,-0.20306435
9879,395.16,0.6,-1.0021441,-0.0933529,-1.1138638,-0.20325944
9880,395.2,0.6,-1.4839209,-0.56731075,-1.1140682,-0.20346044
9881,395.24,0.6,-0.97923553,-0.07081613,-1.1142783,-0.20366728
9882,395.28,0.6,-2.158924,-1.2313589,-1.1144944,-0.2038799
9883,395.32,0.6,-2.2342567,-1.3054689,-1.1147164,-0.2040982
9884,395.36,0.6,-1.242245,-0.32955706,-1.114944,-0.20432213
9885,395.4,0.6,-1.1451728,-0.23406035,-1.1151773,-0.20455162
9886,395.44,0.6,-0.583636,0.31836304,-1.1154162,-0.20478661
9887,395.48,0.6,-1.0040904,-0.09526764,-1.1156605,-0.20502706
9888,395.52,0.6,-2.0737677,-1.1475846,-1.1159104,-0.2052729
9889,395.56,0.6,-1.166769,-0.25530607,-1.1161658,-0.20552409
9890,395.6,0.6,-1.19472,-0.28280342,-1.1164266,-0.20578058
9891,395.64,0.6,-0.6748746,0.22860518,-1.1166927,-0.20604236
9892,395.68,0.6,-1.7020731,-0.7819224,-1.116964,-0.20630936
9893,395.72,0.6,-1.215219,-0.30296972,-1.1172407,-0.20658156
9894,395.76,0.6,-0.42125148,0.47811216,-1.1175227,-0.20685893
9895,395.8,0.6,-1.3196776,-0.405733,-1.1178098,-0.20714143
9896,395.84,0.6,-0.39758593,0.50139356,-1.1181022,-0.20742902
9897,395.88,0.6,-1.4849677,-0.56834054,-1.1183996,-0.20772168
9898,395.92,0.6,-1.0350255,-0.12570064,-1.1187023,-0.20801938
9899,395.96,0.6,-1.6558084,-0.7364086,-1.11901,-0.20832205
9900,396.0,0.6,-1.3295097,-0.41540557,-1.1193227,-0.20862968
9901,396.04,0.6,-0.6929139,0.21085867,-1.1196404,-0.2089422
9902,396.08,0.6,-1.7409194,-0.82013816,-1.1199629,-0.2092596
9903,396.12,0.6,-0.82753927,0.07841819,-1.1202904,-0.2095818
9904,396.16,0.6,-1.4607434,-0.5445094,-1.1206228,-0.20990875
9905,396.2,0.6,-0.7557353,0.14905685,-1.1209599,-0.2102404
9906,396.24,0.6,-1.0509429,-0.14135972,-1.1213018,-0.21057667
9907,396.28,0.6,-1.1166514,-0.20600182,-1.1216482,-0.21091747
9908,396.32,0.6,-0.96060365,-0.052486636,-1.1219991,-0.21126276
9909,396.36,0.6,-1.2731959,-0.36000562,-1.1223545,-0.2116124
9910,396.4,0.6,-1.1802853,-0.268603,-1.1227143,-0.21196634
9911,396.44,0.6,-1.0395092,-0.13011156,-1.1230783,-0.2123244
9912,396.48,0.6,-1.2236354,-0.31124952,-1.1234463,-0.2126865
9913,396.52,0.6,-0.58543986,0.31658846,-1.1238184,-0.2130525
9914,396.56,0.6,-1.067292,-0.15744346,-1.1241943,-0.21342222
9915,396.6,0.6,-0.74375224,0.1608454,-1.1245737,-0.21379553
9916,396.64,0.6,-0.7441861,0.16041857,-1.1249566,-0.21417223
9917,396.68,0.6,-1.2419235,-0.32924077,-1.1253427,-0.21455213
9918,396.72,0.6,-0.83343726,0.0726159,-1.1257321,-0.21493503
9919,396.76,0.6,-0.89097786,0.01600916,-1.126124,-0.21532072
9920,396.8,0.6,-1.1215093,-0.21078087,-1.1265187,-0.21570894
9921,396.84,0.6,-1.1437817,-0.23269176,-1.1269157,-0.21609947
9922,396.88,0.6,-1.2654151,-0.3523511,-1.1273147,-0.21649204
9923,396.92,0.6,-0.8946696,0.012377344,-1.1277156,-0.21688637
9924,396.96,0.6,-1.7961833,-0.8745053,-1.1281179,-0.2172822
9925,397.0,0.6,-1.0023671,-0.09357232,-1.1285214,-0.21767925
9926,397.04,0.6,-1.09076,-0.18053061,-1.128926,-0.2180772
9927,397.08,0.6,-1.4616659,-0.5454169,-1.1293311,-0.21847574
9928,397.12,0.6,-0.90773225,-0.00047330558,-1.1297365,-0.21887459
9929,397.16,0.6,-1.31846,-0.40453514,-1.130142,-0.2192734
9930,397.2,0.6,-0.9188527,-0.011413269,-1.1305469,-0.21967185
9931,397.24,0.6,-1.2271937,-0.31475008,-1.1309513,-0.2200696
9932,397.28,0.6,-1.0658164,-0.15599184,-1.1313546,-0.22046633
9933,397.32,0.6,-0.6348071,0.2680224,-1.1317564,-0.22086167
9934,397.36,0.6,-0.5608772,0.34075245,-1.1321565,-0.22125527
9935,397.4,0.6,-1.186989,-0.2751978,-1.1325545,-0.2216468
9936,397.44,0.6,-1.2803057,-0.36700013,-1.13295,-0.22203586
9937,397.48,0.6,-1.0871906,-0.17701916,-1.1333426,-0.2224221
9938,397.52,0.6,-0.9692881,-0.06103015,-1.133732,-0.22280514
9939,397.56,0.6,-1.3598764,-0.4452794,-1.1341177,-0.22318463
9940,397.6,0.6,-0.8935369,0.013491623,-1.1344994,-0.22356018
9941,397.64,0.6,-1.2879988,-0.3745683,-1.1348768,-0.22393145
9942,397.68,0.6,-1.0104688,-0.10154253,-1.1352495,-0.22429805
9943,397.72,0.6,-1.8357416,-0.9134216,-1.135617,-0.22465964
9944,397.76,0.6,-1.6528206,-0.7334692,-1.135979,-0.22501583
9945,397.8,0.6,-0.9238648,-0.016344018,-1.1363354,-0.22536632
9946,397.84,0.6,-1.0464605,-0.13695008,-1.1366855,-0.22571073
9947,397.88,0.6,-1.6770718,-0.7573269,-1.137029,-0.22604875
9948,397.92,0.6,-1.1791946,-0.26752993,-1.1373658,-0.22638004
9949,397.96,0.6,-1.0418427,-0.13240722,-1.1376954,-0.22670428
9950,398.0,0.6,-1.398067,-0.48285016,-1.1380175,-0.22702119
9951,398.04,0.6,-0.77594805,0.12917212,-1.1383319,-0.22733043
9952,398.08,0.6,-0.5879652,0.3141041,-1.1386381,-0.22763173
9953,398.12,0.6,-1.1238825,-0.21311557,-1.138936,-0.22792482
9954,398.16,0.6,-1.1199707,-0.20926721,-1.1392254,-0.2282094
9955,398.2,0.6,-1.3485639,-0.4341505,-1.1395057,-0.22848521
9956,398.24,0.6,-1.4384426,-0.5225705,-1.139777,-0.22875202
9957,398.28,0.6,-1.2032158,-0.29116133,-1.1400387,-0.22900954
9958,398.32,0.6,-1.0830059,-0.17290236,-1.1402909,-0.22925758
9959,398.36,0.6,-1.1172811,-0.20662126,-1.1405331,-0.22949588
9960,398.4,0.6,-1.6676536,-0.7480615,-1.1407652,-0.22972427
9961,398.44,0.6,-1.320806,-0.4068431,-1.140987,-0.22994252
9962,398.48,0.6,-1.7053422,-0.7851384,-1.1411984,-0.23015043
9963,398.52,0.6,-0.7272767,0.17705357,-1.1413991,-0.23034786
9964,398.56,0.6,-0.5037518,0.39695072,-1.1415889,-0.23053461
9965,398.6,0.6,-1.2774823,-0.36422247,-1.1417677,-0.23071054
9966,398.64,0.6,-1.3889943,-0.47392473,-1.1419355,-0.2308755
9967,398.68,0.6,-1.1757493,-0.26414058,-1.1420919,-0.23102936
9968,398.72,0.6,-0.9621712,-0.054028735,-1.1422368,-0.23117198
9969,398.76,0.6,-0.7140958,0.19002053,-1.1423702,-0.23130324
9970,398.8,0.6,-1.6948357,-0.77480245,-1.142492,-0.23142305
9971,398.84,0.6,-1.3552878,-0.44076523,-1.1426021,-0.23153128
9972,398.88,0.6,-2.06641,-1.1403464,-1.1427002,-0.23162785
9973,398.92,0.6,-0.99931234,-0.0905671,-1.1427864,-0.23171268
9974,398.96,0.6,-0.80594635,0.09966066,-1.1428607,-0.23178568
9975,399.0,0.6,-0.5148784,0.38600475,-1.1429228,-0.2318468
9976,399.04,0.6,-1.3432484,-0.4289212,-1.1429727,-0.23189594
9977,399.08,0.6,-0.7093356,0.19470343,-1.1430105,-0.23193306
9978,399.12,0.6,-1.4118186,-0.4963786,-1.1430359,-0.23195808
9979,399.16,0.6,-0.8619219,0.04459355,-1.143049,-0.23197098
9980,399.2,0.6,-1.1228269,-0.21207711,-1.1430497,-0.23197168
9981,399.24,0.6,-0.9987378,-0.090001896,-1.143038,-0.23196013
9982,399.28,0.6,-1.3352641,-0.42106652,-1.1430137,-0.2319363
9983,399.32,0.6,-1.0573008,-0.14761445,-1.142977,-0.23190016
9984,399.36,0.6,-1.1888897,-0.27706775,-1.1429276,-0.23185162
9985,399.4,0.6,-1.2538973,-0.3410203,-1.1428657,-0.23179068
9986,399.44,0.6,-1.442941,-0.52699584,-1.1427912,-0.23171727
9987,399.48,0.6,-1.6124179,-0.6937223,-1.1427038,-0.2316314
9988,399.52,0.6,-1.0933812,-0.18310924,-1.1426038,-0.23153299
9989,399.56,0.6,-0.999723,-0.09097111,-1.142491,-0.23142204
9990,399.6,0.6,-0.97420585,-0.06586808,-1.1423655,-0.23129849
9991,399.64,0.6,-0.8575084,0.048935406,-1.142227,-0.23116234
9992,399.68,0.6,-0.6210946,0.28151238,-1.1420758,-0.23101354
9993,399.72,0.6,-1.4715693,-0.55515957,-1.1419116,-0.23085205
9994,399.76,0.6,-0.71352756,0.19057953,-1.1417345,-0.23067784
9995,399.8,0.6,-0.87626034,0.030487828,-1.1415445,-0.23049088
9996,399.84,0.6,-0.8780587,0.028718688,-1.1413414,-0.23029111
9997,399.88,0.6,-0.78512216,0.12014689,-1.1411253,-0.2300785
9998,399.92,0.6,-0.94816756,-0.040252373,-1.1408961,-0.229853
9999,399.96,0.6,-1.4185696,-0.50302,-1.1406537,-0.22961459
10000,400.0,0.6,-1.1801517,-0.26847154,-1.1403981,-0.2293632
10001,400.04,0.6,-0.7427386,0.16184258,-1.1401294,-0.2290988
10002,400.08,0.6,-0.59596336,0.30623573,-1.1398474,-0.22882134
10003,400.12,0.6,-1.3355083,-0.42130682,-1.139552,-0.2285308
10004,400.16,0.6,-1.3224102,-0.40842125,-1.1392434,-0.22822712
10005,400.2,0.6,-1.6408619,-0.7217046,-1.1389214,-0.22791032
10006,400.24,0.6,-0.9012915,0.005862914,-1.1385859,-0.22758038
10007,400.28,0.6,-1.2447019,-0.3319741,-1.1382372,-0.22723727
10008,400.32,0.6,-1.0802503,-0.17019144,-1.1378751,-0.22688101
10009,400.36,0.6,-1.4473083,-0.5312923,-1.1374996,-0.22651163
10010,400.4,0.6,-1.6656519,-0.7460923,-1.1371108,-0.22612916
10011,400.44,0.6,-1.1218681,-0.21113387,-1.1367087,-0.22573362
10012,400.48,0.6,-1.5561883,-0.63840526,-1.1362935,-0.22532511
10013,400.52,0.6,-1.5011847,-0.5842943,-1.1358651,-0.22490369
10014,400.56,0.6,-1.4303856,-0.51464427,-1.1354237,-0.22446945
10015,400.6,0.6,-0.725955,0.17835379,-1.1349695,-0.22402252
10016,400.64,0.6,-1.7425358,-0.82172847,-1.1345023,-0.22356303
10017,400.68,0.6,-1.1199037,-0.2092013,-1.1340226,-0.2230911
10018,400.72,0.6,-0.951918,-0.043941952,-1.1335304,-0.2226069
10019,400.76,0.6,-0.7283581,0.17598969,-1.133026,-0.2221106
10020,400.8,0.6,-0.3369689,0.5610269,-1.1325094,-0.2216024
10021,400.84,0.6,-0.8442487,0.061979927,-1.1319809,-0.22108248
10022,400.88,0.6,-1.3737202,-0.45889848,-1.1314406,-0.22055107
10023,400.92,0.6,-1.5257373,-0.60844845,-1.130889,-0.2200084
10024,400.96,0.6,-0.892542,0.014470406,-1.1303263,-0.2194547
10025,401.0,0.6,-1.7275251,-0.80696136,-1.1297525,-0.21889025
10026,401.04,0.6,-1.3821125,-0.4671546,-1.129168,-0.2183153
10027,401.08,0.6,-0.8911053,0.015883796,-1.1285732,-0.21773013
10028,401.12,0.6,-0.7089717,0.19506148,-1.1279683,-0.21713507
10029,401.16,0.6,-0.7474288,0.15722853,-1.1273537,-0.21653043
10030,401.2,0.6,-1.1544771,-0.24321364,-1.1267297,-0.21591654
10031,401.24,0.6,-1.4890516,-0.57235813,-1.1260966,-0.21529374
10032,401.28,0.6,-1.1861207,-0.2743437,-1.1254549,-0.2146624
10033,401.32,0.6,-1.8815525,-0.9584889,-1.1248049,-0.21402292
10034,401.36,0.6,-1.1448869,-0.23377901,-1.1241469,-0.21337567
10035,401.4,0.6,-1.5122898,-0.5952192,-1.1234815,-0.21272108
10036,401.44,0.6,-0.8744443,0.032274388,-1.1228092,-0.21205959
10037,401.48,0.6,-1.419946,-0.504374,-1.1221302,-0.21139161
10038,401.52,0.6,-1.3633945,-0.44874036,-1.1214451,-0.21071763
10039,401.56,0.6,-1.5591781,-0.6413465,-1.1207544,-0.21003813
10040,401.6,0.6,-0.6840742,0.21955484,-1.1200584,-0.20935357
10041,401.64,0.6,-1.2129654,-0.30075264,-1.119358,-0.20866446
10042,401.68,0.6,-1.0917758,-0.18152991,-1.1186534,-0.20797133
10043,401.72,0.6,-1.5137789,-0.59668416,-1.1179453,-0.20727468
10044,401.76,0.6,-0.8571464,0.049291573,-1.1172341,-0.20657504
10045,401.8,0.6,-1.4537477,-0.5376273,-1.1165204,-0.20587294
10046,401.84,0.6,-0.7802966,0.124894105,-1.1158048,-0.20516892
10047,401.88,0.6,-1.3121095,-0.39828768,-1.1150877,-0.20446351
10048,401.92,0.6,-0.73416126,0.17028072,-1.1143699,-0.20375729
10049,401.96,0.6,-1.281528,-0.36820254,-1.1136516,-0.20305076
10050,402.0,0.6,-0.60707766,0.29530182,-1.1129338,-0.20234449
10051,402.04,0.6,-0.88909197,0.017864443,-1.1122166,-0.20163903
10052,402.08,0.6,-0.7929418,0.11245414,-1.1115009,-0.20093487
10053,402.12,0.6,-0.95948356,-0.051384725,-1.110787,-0.2002326
10054,402.16,0.6,-0.84915054,0.057157658,-1.1100756,-0.1995327
10055,402.2,0.6,-1.4419405,-0.5260117,-1.1093671,-0.19883573
10056,402.24,0.6,-0.5556594,0.34588557,-1.1086621,-0.19814219
10057,402.28,0.6,-0.770416,0.13461435,-1.1079612,-0.19745257
10058,402.32,0.6,-1.5241078,-0.60684544,-1.1072646,-0.1967674
10059,402.36,0.6,-1.2797782,-0.36648118,-1.1065732,-0.19608718
10060,402.4,0.6,-1.2863284,-0.37292507,-1.1058873,-0.1954124
10061,402.44,0.6,-1.417869,-0.5023308,-1.1052074,-0.19474353
10062,402.48,0.6,-1.046258,-0.13675083,-1.104534,-0.19408105
10063,402.52,0.6,-1.5476502,-0.6300057,-1.1038675,-0.19342546
10064,402.56,0.6,-0.7762722,0.12885323,-1.1032087,-0.19277722
10065,402.6,0.6,-0.76414025,0.14078829,-1.1025577,-0.19213678
10066,402.64,0.6,-1.2598835,-0.34690934,-1.101915,-0.19150461
10067,402.68,0.6,-0.7399153,0.16462007,-1.1012813,-0.19088115
10068,402.72,0.6,-1.9722238,-1.0476887,-1.1006569,-0.19026685
10069,402.76,0.6,-1.1041294,-0.19368306,-1.1000421,-0.18966211
10070,402.8,0.6,-0.6821184,0.22147894,-1.0994376,-0.1890674
10071,402.84,0.6,-0.78692144,0.1183768,-1.0988437,-0.18848309
10072,402.88,0.6,-0.8302431,0.075758226,-1.0982608,-0.18790959
10073,402.92,0.6,-1.0764056,-0.16640922,-1.0976892,-0.18734731
10074,402.96,0.6,-0.7882291,0.11709037,-1.0971293,-0.18679662
10075,403.0,0.6,-1.0965321,-0.18620904,-1.0965817,-0.18625788
10076,403.04,0.6,-0.9596246,-0.051523462,-1.0960467,-0.18573147
10077,403.08,0.6,-2.0014367,-1.0764275,-1.0955244,-0.18521771
10078,403.12,0.6,-1.192849,-0.2809628,-1.0950154,-0.18471697
10079,403.16,0.6,-0.9914988,-0.0828804,-1.09452,-0.18422955
10080,403.2,0.6,-1.210111,-0.29794464,-1.0940384,-0.1837558
10081,403.24,0.6,-1.0553986,-0.14574309,-1.0935711,-0.183296
10082,403.28,0.6,-1.2176231,-0.3053348,-1.0931181,-0.18285045
10083,403.32,0.6,-1.3546298,-0.44011787,-1.09268,-0.18241946
10084,403.36,0.6,-0.9185344,-0.011100143,-1.0922569,-0.18200327
10085,403.4,0.6,-0.83067745,0.075330935,-1.0918492,-0.18160218
10086,403.44,0.6,-0.8601659,0.04632107,-1.0914571,-0.1812164
10087,403.48,0.6,-0.7599139,0.14494601,-1.0910808,-0.18084621
10088,403.52,0.6,-0.96146077,-0.05332984,-1.0907205,-0.1804918
10089,403.56,0.6,-1.2271621,-0.314719,-1.0903766,-0.1801534
10090,403.6,0.6,-1.1424665,-0.23139799,-1.090049,-0.17983118
10091,403.64,0.6,-1.1461526,-0.23502423,-1.0897381,-0.17952535
10092,403.68,0.6,-1.0841435,-0.17402151,-1.089444,-0.17923605
10093,403.72,0.6,-1.5133567,-0.5962688,-1.089167,-0.17896347
10094,403.76,0.6,-0.6135926,0.28889257,-1.088907,-0.17870773
10095,403.8,0.6,-0.468135,0.4319895,-1.0886643,-0.17846896
10096,403.84,0.6,-0.73308605,0.17133847,-1.088439,-0.17824729
10097,403.88,0.6,-0.9596517,-0.051550142,-1.0882311,-0.1780428
10098,403.92,0.6,-1.5982767,-0.6798106,-1.0880408,-0.1778556
10099,403.96,0.6,-1.700839,-0.7807084,-1.0878682,-0.17768577
10100,404.0,0.6,-0.7460439,0.15859091,-1.0877132,-0.17753336
10101,404.04,0.6,-1.2301493,-0.31765765,-1.0875762,-0.17739844
10102,404.08,0.6,-1.9010048,-0.9776255,-1.0874568,-0.17728107
10103,404.12,0.6,-0.951357,-0.04339005,-1.0873554,-0.17718127
10104,404.16,0.6,-0.85361636,0.05276432,-1.0872718,-0.1770991
10105,404.2,0.6,-1.8057897,-0.8839558,-1.0872062,-0.17703453
10106,404.24,0.6,-1.0808952,-0.1708259,-1.0871586,-0.17698762
10107,404.28,0.6,-1.969964,-1.0454656,-1.0871288,-0.17695835
10108,404.32,0.6,-0.78418434,0.12106948,-1.087117,-0.17694673
10109,404.36,0.6,-1.1316261,-0.22073351,-1.087123,-0.1769527
10110,404.4,0.6,-0.44085878,0.45882303,-1.087147,-0.17697626
10111,404.44,0.6,-1.3282444,-0.41416082,-1.0871887,-0.17701735
10112,404.48,0.6,-1.1575149,-0.24620214,-1.0872483,-0.1770759
10113,404.52,0.6,-1.0722922,-0.16236255,-1.0873255,-0.17715183
10114,404.56,0.6,-0.8180804,0.0877235,-1.0874202,-0.17724505
10115,404.6,0.6,-0.7492081,0.15547809,-1.0875324,-0.17735542
10116,404.64,0.6,-0.2776242,0.61940837,-1.087662,-0.17748283
10117,404.68,0.6,-0.9108935,-0.0035832524,-1.0878086,-0.17762712
10118,404.72,0.6,-1.2393379,-0.32669717,-1.0879722,-0.17778808
10119,404.76,0.6,-0.8818832,0.024956219,-1.0881526,-0.17796554
10120,404.8,0.6,-0.9069901,0.00025678426,-1.0883496,-0.17815925
10121,404.84,0.6,-1.4420092,-0.52607924,-1.0885627,-0.17836902
10122,404.88,0.6,-1.2665339,-0.35345176,-1.088792,-0.17859454
10123,404.92,0.6,-0.98545235,-0.07693206,-1.089037,-0.17883556
10124,404.96,0.6,-0.8152446,0.0905133,-1.0892974,-0.17909177
10125,405.0,0.6,-0.5792953,0.3226333,-1.089573,-0.17936285
10126,405.04,0.6,-1.3332119,-0.41904762,-1.0898633,-0.17964847
10127,405.08,0.6,-1.2498193,-0.33700845,-1.0901681,-0.17994829
10128,405.12,0.6,-1.5340194,-0.6165961,-1.0904869,-0.18026191
10129,405.16,0.6,-0.28393936,0.6131957,-1.0908194,-0.18058899
10130,405.2,0.6,-1.0046098,-0.09577861,-1.0911651,-0.1809291
10131,405.24,0.6,-0.46076012,0.4392447,-1.0915236,-0.1812818
10132,405.28,0.6,-0.5341573,0.36703876,-1.0918945,-0.18164672
10133,405.32,0.6,-1.1376345,-0.22664438,-1.0922774,-0.18202339
10134,405.36,0.6,-0.9333684,-0.025693387,-1.0926718,-0.18241134
10135,405.4,0.6,-1.0698063,-0.15991701,-1.0930772,-0.18281013
10136,405.44,0.6,-1.2475713,-0.334797,-1.093493,-0.18321928
10137,405.48,0.6,-1.4534009,-0.537286,-1.0939189,-0.18363832
10138,405.52,0.6,-1.1586131,-0.24728248,-1.0943545,-0.18406676
10139,405.56,0.6,-1.8680832,-0.9452383,-1.094799,-0.18450414
10140,405.6,0.6,-1.0740153,-0.16405763,-1.0952523,-0.18494996
10141,405.64,0.6,-2.4341612,-1.5021291,-1.0957136,-0.18540378
10142,405.68,0.6,-0.91284424,-0.0055023357,-1.0961825,-0.1858651
10143,405.72,0.6,-0.9553161,-0.047284916,-1.0966586,-0.18633346
10144,405.76,0.6,-0.4658324,0.4342547,-1.0971414,-0.1868084
10145,405.8,0.6,-0.75694585,0.14786592,-1.0976304,-0.18728948
10146,405.84,0.6,-0.6714114,0.23201218,-1.0981251,-0.18777622
10147,405.88,0.6,-1.5341847,-0.61675876,-1.0986252,-0.1882682
10148,405.92,0.6,-1.7082258,-0.78797525,-1.0991302,-0.18876496
10149,405.96,0.6,-1.1023648,-0.19194704,-1.0996395,-0.18926609
10150,406.0,0.6,-0.67870736,0.22483462,-1.100153,-0.18977116
10151,406.04,0.6,-1.0225737,-0.11345095,-1.10067,-0.19027975
10152,406.08,0.6,-0.8399506,0.06620825,-1.1011901,-0.19079146
10153,406.12,0.6,-0.7710037,0.13403618,-1.1017131,-0.1913059
10154,406.16,0.6,-0.83091336,0.075098835,-1.1022384,-0.19182271
10155,406.2,0.6,-1.5224391,-0.6052038,-1.1027658,-0.1923415
10156,406.24,0.6,-1.3410615,-0.4267698,-1.1032947,-0.19286193
10157,406.28,0.6,-1.7185913,-0.79817253,-1.1038251,-0.19338363
10158,406.32,0.6,-0.8324632,0.07357416,-1.1043564,-0.19390634
10159,406.36,0.6,-1.2515662,-0.338727,-1.1048884,-0.1944297
10160,406.4,0.6,-1.6379949,-0.7188841,-1.1054208,-0.19495346
10161,406.44,0.6,-1.1146023,-0.20398599,-1.1059533,-0.19547734
10162,406.48,0.6,-1.1035881,-0.19315052,-1.1064857,-0.1960011
10163,406.52,0.6,-1.3885229,-0.4734609,-1.1070178,-0.19652452
10164,406.56,0.6,-1.4541746,-0.53804725,-1.1075493,-0.19704738
10165,406.6,0.6,-0.4914505,0.40905243,-1.10808,-0.19756953
10166,406.64,0.6,-0.4343332,0.46524274,-1.1086099,-0.19809078
10167,406.68,0.6,-1.8920057,-0.9687725,-1.1091386,-0.19861098
10168,406.72,0.6,-1.3757395,-0.46088496,-1.1096662,-0.19913003
10169,406.76,0.6,-0.9276766,-0.020093992,-1.1101925,-0.19964781
10170,406.8,0.6,-1.0717318,-0.16181123,-1.1107175,-0.20016424
10171,406.84,0.6,-1.4067514,-0.49139363,-1.1112411,-0.20067927
10172,406.88,0.6,-1.6582239,-0.7387848,-1.1117631,-0.20119284
10173,406.92,0.6,-2.168244,-1.2405275,-1.1122837,-0.20170495
10174,406.96,0.6,-1.3525112,-0.4380337,-1.1128027,-0.20221557
10175,407.0,0.6,-1.0152102,-0.106206894,-1.1133202,-0.20272473
10176,407.04,0.6,-1.190732,-0.27888012,-1.1138364,-0.20323247
10177,407.08,0.6,-1.0236361,-0.1144961,-1.114351,-0.20373882
10178,407.12,0.6,-1.4720429,-0.5556255,-1.1148645,-0.20424385
10179,407.16,0.6,-1.1928067,-0.28092116,-1.1153766,-0.20474765
10180,407.2,0.6,-1.0746423,-0.16467449,-1.1158875,-0.20525026
10181,407.24,0.6,-0.83119726,0.07481956,-1.1163973,-0.20575182
10182,407.28,0.6,-1.1147449,-0.20412624,-1.1169062,-0.20625238
10183,407.32,0.6,-0.50797784,0.3927933,-1.117414,-0.20675205
10184,407.36,0.6,-1.5758734,-0.6577708,-1.1179211,-0.20725092
10185,407.4,0.6,-0.6485053,0.25454655,-1.1184275,-0.2077491
10186,407.44,0.6,-0.87315536,0.033542432,-1.1189333,-0.20824666
10187,407.48,0.6,-1.0139362,-0.10495359,-1.1194385,-0.20874369
10188,407.52,0.6,-0.2384209,0.6579755,-1.1199433,-0.20924027
10189,407.56,0.6,-0.4870544,0.41337717,-1.1204476,-0.20973647
10190,407.6,0.6,-1.3299353,-0.4158242,-1.1209518,-0.21023235
10191,407.64,0.6,-0.33129054,0.5666131,-1.1214556,-0.21072796
10192,407.68,0.6,-1.0817829,-0.17169924,-1.1219591,-0.21122333
10193,407.72,0.6,-1.3998199,-0.4845746,-1.1224624,-0.21171853
10194,407.76,0.6,-0.5232594,0.37775975,-1.1229656,-0.21221355
10195,407.8,0.6,-1.2366652,-0.3240679,-1.1234686,-0.21270841
10196,407.84,0.6,-1.7368207,-0.8161061,-1.1239716,-0.21320315
10197,407.88,0.6,-1.1829413,-0.27121586,-1.1244743,-0.21369773
10198,407.92,0.6,-1.0579118,-0.14821547,-1.1249769,-0.2141922
10199,407.96,0.6,-1.1757103,-0.26410225,-1.1254793,-0.21468651
10200,408.0,0.6,-1.8967541,-0.97344387,-1.1259817,-0.2151807
10201,408.04,0.6,-0.54678357,0.3546174,-1.1264839,-0.21567471
10202,408.08,0.6,-1.2332011,-0.32066002,-1.1269859,-0.21616857
10203,408.12,0.6,-1.345163,-0.43080476,-1.1274877,-0.21666223
10204,408.16,0.6,-0.8148133,0.09093759,-1.1279893,-0.2171557
10205,408.2,0.6,-0.8357179,0.070372276,-1.1284907,-0.21764892
10206,408.24,0.6,-0.45291787,0.44695967,-1.1289917,-0.2181419
10207,408.28,0.6,-0.2557776,0.64090043,-1.1294926,-0.2186346
10208,408.32,0.6,-1.9537551,-1.0295198,-1.1299931,-0.21912698
10209,408.36,0.6,-1.7525725,-0.8316023,-1.1304933,-0.21961905
10210,408.4,0.6,-1.5387819,-0.6212813,-1.1309931,-0.22011074
10211,408.44,0.6,-0.8129089,0.092811115,-1.1314925,-0.22060205
10212,408.48,0.6,-1.5419614,-0.62440926,-1.1319915,-0.22109295
10213,408.52,0.6,-1.4102235,-0.49480936,-1.13249,-0.22158343
10214,408.56,0.6,-1.1639779,-0.25256017,-1.1329882,-0.22207345
10215,408.6,0.6,-1.1468997,-0.2357592,-1.1334858,-0.22256304
10216,408.64,0.6,-1.3491719,-0.4347486,-1.133983,-0.22305216
10217,408.68,0.6,-1.2450708,-0.33233705,-1.1344798,-0.22354083
10218,408.72,0.6,-1.1361189,-0.22515336,-1.134976,-0.22402903
10219,408.76,0.6,-1.700458,-0.7803336,-1.1354718,-0.2245168
10220,408.8,0.6,-0.9850859,-0.076571554,-1.1359671,-0.2250041
10221,408.84,0.6,-1.5238736,-0.60661495,-1.1364621,-0.22549099
10222,408.88,0.6,-1.2719682,-0.35879794,-1.1369566,-0.22597745
10223,408.92,0.6,-1.4767487,-0.56025493,-1.1374507,-0.22646351
10224,408.96,0.6,-0.73844033,0.16607109,-1.1379443,-0.22694919
10225,409.0,0.6,-0.69975936,0.20412427,-1.1384376,-0.22743446
10226,409.04,0.6,-1.537927,-0.62044036,-1.1389306,-0.22791937
10227,409.08,0.6,-0.010471523,0.8822254,-1.139423,-0.2284039
10228,409.12,0.6,-1.286713,-0.37330338,-1.1399152,-0.22888806
10229,409.16,0.6,-0.5290258,0.37208694,-1.140407,-0.22937183
10230,409.2,0.6,-0.66803896,0.2353299,-1.1408983,-0.22985522
10231,409.24,0.6,-0.37778765,0.52087057,-1.1413893,-0.23033819
10232,409.28,0.6,-1.2432868,-0.33058202,-1.1418798,-0.2308207
10233,409.32,0.6,-1.1387804,-0.22777162,-1.1423697,-0.23130274
10234,409.36,0.6,-1.2608557,-0.34786573,-1.1428592,-0.23178425
10235,409.4,0.6,-1.2677209,-0.35461956,-1.1433481,-0.2322652
10236,409.44,0.6,-1.1940857,-0.28217942,-1.1438364,-0.23274554
10237,409.48,0.6,-1.4878865,-0.571212,-1.144324,-0.23322524
10238,409.52,0.6,-0.97082156,-0.06253871,-1.1448108,-0.23370424
10239,409.56,0.6,-1.519181,-0.60199857,-1.145297,-0.23418249
10240,409.6,0.6,-0.7429807,0.16160437,-1.1457824,-0.23465997
10241,409.64,0.6,-0.93221503,-0.024558745,-1.1462668,-0.23513661
10242,409.68,0.6,-1.7148621,-0.79450387,-1.1467505,-0.23561242
10243,409.72,0.6,-1.2189016,-0.30659258,-1.1472332,-0.23608732
10244,409.76,0.6,-1.1719186,-0.26037207,-1.1477151,-0.23656133
10245,409.8,0.6,-1.0095224,-0.10061149,-1.148196,-0.2370344
10246,409.84,0.6,-1.9952545,-1.0703456,-1.1486758,-0.23750651
10247,409.88,0.6,-1.0409864,-0.13156483,-1.1491548,-0.23797768
10248,409.92,0.6,-1.3173175,-0.40341118,-1.1496328,-0.23844792
10249,409.96,0.6,-1.0966796,-0.1863541,-1.1501099,-0.23891722
10250,410.0,0.6,-1.4904981,-0.57378113,-1.1505859,-0.2393856
10251,410.04,0.6,-1.2182285,-0.30593032,-1.1510612,-0.23985308
10252,410.08,0.6,-0.88204724,0.024794854,-1.1515355,-0.24031973
10253,410.12,0.6,-1.4435174,-0.527563,-1.152009,-0.24078554
10254,410.16,0.6,-1.3647213,-0.45004565,-1.1524817,-0.24125059
10255,410.2,0.6,-1.1869847,-0.2751936,-1.1529536,-0.24171491
10256,410.24,0.6,-1.6064484,-0.68784964,-1.153425,-0.24217859
10257,410.28,0.6,-0.767748,0.13723907,-1.1538957,-0.24264164
10258,410.32,0.6,-0.2783106,0.61873317,-1.1543659,-0.24310417
10259,410.36,0.6,-1.2176607,-0.30537173,-1.1548356,-0.24356624
10260,410.4,0.6,-1.0857694,-0.17562102,-1.1553048,-0.24402793
10261,410.44,0.6,-0.77694076,0.1281955,-1.1557738,-0.24448928
10262,410.48,0.6,-1.272933,-0.35974705,-1.1562425,-0.24495038
10263,410.52,0.6,-1.4360907,-0.52025676,-1.1567111,-0.24541132
10264,410.56,0.6,-1.0544493,-0.14480923,-1.1571795,-0.24587217
10265,410.6,0.6,-1.1159807,-0.20534202,-1.157648,-0.24633299
10266,410.64,0.6,-1.2146403,-0.30240035,-1.1581165,-0.2467939
10267,410.68,0.6,-1.1534158,-0.24216953,-1.1585851,-0.24725495
10268,410.72,0.6,-1.478403,-0.5618823,-1.159054,-0.24771626
10269,410.76,0.6,-1.1487056,-0.23753577,-1.1595232,-0.24817789
10270,410.8,0.6,-1.3746859,-0.4598485,-1.1599929,-0.24863994
10271,410.84,0.6,-0.49094033,0.4095543,-1.1604632,-0.24910252
10272,410.88,0.6,-1.5127903,-0.5957116,-1.160934,-0.2495657
10273,410.92,0.6,-1.0581881,-0.14848731,-1.1614056,-0.2500296
10274,410.96,0.6,-1.3893039,-0.47422934,-1.1618779,-0.2504943
10275,411.0,0.6,-1.3500421,-0.4356047,-1.1623511,-0.2509599
10276,411.04,0.6,-1.8171854,-0.8951665,-1.1628255,-0.25142652
10277,411.08,0.6,-1.631261,-0.71225953,-1.163301,-0.25189424
10278,411.12,0.6,-1.3026367,-0.3889687,-1.1637776,-0.25236318
10279,411.16,0.6,-1.0515139,-0.14192146,-1.1642556,-0.25283343
10280,411.2,0.6,-1.1206272,-0.20991305,-1.1647351,-0.25330508
10281,411.24,0.6,-1.3107601,-0.39696026,-1.1652161,-0.25377825
10282,411.28,0.6,-0.9017284,0.0054331124,-1.1656986,-0.25425303
10283,411.32,0.6,-0.77256393,0.1325013,-1.166183,-0.25472948
10284,411.36,0.6,-0.80903196,0.09662511,-1.166669,-0.25520772
10285,411.4,0.6,-1.1643051,-0.2528821,-1.167157,-0.25568774
10286,411.44,0.6,-1.2622567,-0.34924403,-1.1676469,-0.25616968
10287,411.48,0.6,-0.5645597,0.33712974,-1.1681387,-0.25665352
10288,411.52,0.6,-1.2748758,-0.36165828,-1.1686325,-0.25713933
10289,411.56,0.6,-1.0254449,-0.116275504,-1.1691284,-0.25762713
10290,411.6,0.6,-1.0896468,-0.17943549,-1.1696262,-0.2581169
10291,411.64,0.6,-0.9460491,-0.03816829,-1.1701262,-0.25860867
10292,411.68,0.6,-0.79966176,0.10584325,-1.1706281,-0.2591024
10293,411.72,0.6,-1.0442492,-0.13477464,-1.1711318,-0.25959808
10294,411.76,0.6,-0.77523875,0.12986988,-1.1716377,-0.26009563
10295,411.8,0.6,-1.0156121,-0.10660235,-1.1721452,-0.26059502
10296,411.84,0.6,-1.6906857,-0.7707198,-1.1726546,-0.26109615
10297,411.88,0.6,-0.45211834,0.44774622,-1.1731658,-0.26159897
10298,411.92,0.6,-1.4637289,-0.5474464,-1.1736785,-0.26210338
10299,411.96,0.6,-1.5063684,-0.5893939,-1.1741928,-0.2626093
10300,412.0,0.6,-1.382914,-0.467943,-1.1747084,-0.26311657
10301,412.04,0.6,-1.4496621,-0.5336079,-1.1752254,-0.26362512
10302,412.08,0.6,-0.95532745,-0.047296062,-1.1757435,-0.26413482
10303,412.12,0.6,-0.7034675,0.20047635,-1.1762626,-0.26464552
10304,412.16,0.6,-1.9000343,-0.9766708,-1.1767826,-0.2651571
10305,412.2,0.6,-1.07522,-0.1652428,-1.1773034,-0.26566944
10306,412.24,0.6,-0.9691178,-0.060862623,-1.1778247,-0.26618236
10307,412.28,0.6,-1.3733968,-0.45858032,-1.1783466,-0.26669574
10308,412.32,0.6,-1.2981222,-0.3845274,-1.1788688,-0.2672094
10309,412.36,0.6,-1.3415781,-0.4272781,-1.179391,-0.26772326
10310,412.4,0.6,-1.2574682,-0.34453323,-1.1799134,-0.26823708
10311,412.44,0.6,-0.85943305,0.04704202,-1.1804355,-0.26875076
10312,412.48,0.6,-1.3550416,-0.4405231,-1.1809573,-0.2692641
10313,412.52,0.6,-1.6474956,-0.72823066,-1.1814786,-0.26977694
10314,412.56,0.6,-1.1197772,-0.20907688,-1.1819993,-0.27028915
10315,412.6,0.6,-0.87685907,0.029898815,-1.1825191,-0.27080053
10316,412.64,0.6,-1.7506226,-0.829684,-1.183038,-0.27131093
10317,412.68,0.6,-1.0010431,-0.09226975,-1.1835556,-0.2718202
10318,412.72,0.6,-0.3642344,0.5342039,-1.1840719,-0.2723281
10319,412.76,0.6,-1.1834353,-0.27170184,-1.1845866,-0.2728345
10320,412.8,0.6,-1.2135602,-0.30133784,-1.1850997,-0.27333924
10321,412.84,0.6,-1.6501276,-0.73082,-1.1856109,-0.2738421
10322,412.88,0.6,-1.3604586,-0.44585216,-1.1861199,-0.2743429
10323,412.92,0.6,-1.315609,-0.4017304,-1.1866268,-0.2748415
10324,412.96,0.6,-1.0489798,-0.13942844,-1.187131,-0.27533764
10325,413.0,0.6,-1.3299682,-0.4158566,-1.1876328,-0.2758312
10326,413.04,0.6,-1.0850036,-0.17486764,-1.1881317,-0.27632195
10327,413.08,0.6,-0.6253759,0.2773005,-1.1886275,-0.27680972
10328,413.12,0.6,-1.2002664,-0.28825974,-1.18912,-0.2772943
10329,413.16,0.6,-1.3251884,-0.41115436,-1.1896092,-0.27777553
10330,413.2,0.6,-1.2344773,-0.32191542,-1.1900947,-0.27825314
10331,413.24,0.6,-1.3672385,-0.452522,-1.1905763,-0.278727
10332,413.28,0.6,-1.0425007,-0.13305457,-1.191054,-0.27919686
10333,413.32,0.6,-1.1536584,-0.24240819,-1.1915274,-0.27966255
10334,413.36,0.6,-1.1171868,-0.20652851,-1.1919962,-0.28012383
10335,413.4,0.6,-1.3883679,-0.47330847,-1.1924604,-0.28058052
10336,413.44,0.6,-0.8842466,0.02263119,-1.1929199,-0.2810324
10337,413.48,0.6,-0.87303096,0.033664785,-1.193374,-0.2814793
10338,413.52,0.6,-1.1882815,-0.2764694,-1.193823,-0.28192094
10339,413.56,0.6,-1.1955504,-0.28362036,-1.1942664,-0.28235713
10340,413.6,0.6,-0.8159669,0.089802735,-1.194704,-0.2827877
10341,413.64,0.6,-1.3839113,-0.46892416,-1.1951357,-0.2832124
10342,413.68,0.6,-1.901406,-0.9780203,-1.1955613,-0.28363106
10343,413.72,0.6,-1.6182938,-0.69950277,-1.1959804,-0.28404343
10344,413.76,0.6,-1.4338248,-0.51802766,-1.1963931,-0.2844493
10345,413.8,0.6,-1.6289823,-0.7100178,-1.1967989,-0.28484857
10346,413.84,0.6,-1.2101624,-0.29799518,-1.1971978,-0.28524092
10347,413.88,0.6,-1.4007902,-0.48552918,-1.1975894,-0.28562623
10348,413.92,0.6,-0.9557003,-0.047662847,-1.1979737,-0.2860043
10349,413.96,0.6,-1.4961417,-0.5793332,-1.1983504,-0.28637493
10350,414.0,0.6,-1.0238755,-0.11473159,-1.1987194,-0.28673792
10351,414.04,0.6,-1.2108113,-0.2986335,-1.1990805,-0.28709307
10352,414.08,0.6,-0.86088324,0.045615368,-1.1994333,-0.28744024
10353,414.12,0.6,-0.81455576,0.09119096,-1.1997778,-0.28777918
10354,414.16,0.6,-1.2953619,-0.3818119,-1.2001139,-0.28810972
10355,414.2,0.6,-0.89968973,0.007438682,-1.2004411,-0.28843164
10356,414.24,0.6,-0.38885182,0.5099859,-1.2007594,-0.28874475
10357,414.28,0.6,-1.113273,-0.20267826,-1.2010684,-0.28904882
10358,414.32,0.6,-0.83595896,0.07013514,-1.2013681,-0.28934363
10359,414.36,0.6,-1.0946254,-0.18433324,-1.2016582,-0.28962898
10360,414.4,0.6,-1.5026863,-0.58577156,-1.2019384,-0.28990462
10361,414.44,0.6,-0.63660884,0.26624992,-1.2022085,-0.29017034
10362,414.48,0.6,-1.6814915,-0.7616748,-1.2024683,-0.2904259
10363,414.52,0.6,-1.2995815,-0.38596308,-1.2027174,-0.29067108
10364,414.56,0.6,-0.35854435,0.5398016,-1.2029558,-0.29090562
10365,414.6,0.6,-1.5046239,-0.5876777,-1.2031833,-0.29112932
10366,414.64,0.6,-1.3656425,-0.45095193,-1.2033994,-0.291342
10367,414.68,0.6,-1.7630525,-0.8419121,-1.2036041,-0.29154333
10368,414.72,0.6,-1.3580431,-0.4434758,-1.2037971,-0.2917332
10369,414.76,0.6,-0.80171084,0.103827424,-1.2039782,-0.29191136
10370,414.8,0.6,-1.2116481,-0.29945678,-1.2041472,-0.29207763
10371,414.84,0.6,-0.7399435,0.16459233,-1.204304,-0.29223177
10372,414.88,0.6,-1.3858548,-0.4708362,-1.2044482,-0.2923737
10373,414.92,0.6,-1.2916503,-0.37816054,-1.2045797,-0.29250315
10374,414.96,0.6,-1.2004126,-0.28840363,-1.2046986,-0.29262
10375,415.0,0.6,-1.5931648,-0.6747816,-1.2048044,-0.29272413
10376,415.04,0.6,-1.5415142,-0.62396926,-1.2048972,-0.2928154
10377,415.08,0.6,-1.1451972,-0.23408428,-1.2049768,-0.29289368
10378,415.12,0.6,-0.9922275,-0.08359724,-1.2050431,-0.2929589
10379,415.16,0.6,-2.0572004,-1.1312861,-1.205096,-0.29301095
10380,415.2,0.6,-1.5499692,-0.6322871,-1.2051355,-0.29304978
10381,415.24,0.6,-1.7741878,-0.8528667,-1.2051615,-0.29307538
10382,415.28,0.6,-1.2087626,-0.29661813,-1.205174,-0.2930877
10383,415.32,0.6,-1.8172524,-0.8952324,-1.205173,-0.2930867
10384,415.36,0.6,-1.829501,-0.90728223,-1.2051585,-0.29307243
10385,415.4,0.6,-0.99477726,-0.08610563,-1.2051305,-0.29304492
10386,415.44,0.6,-0.7869887,0.11831065,-1.2050891,-0.29300418
10387,415.48,0.6,-1.6424191,-0.72323656,-1.2050343,-0.29295027
10388,415.52,0.6,-1.4112298,-0.49579936,-1.2049662,-0.29288325
10389,415.56,0.6,-0.60688233,0.29549396,-1.2048848,-0.2928032
10390,415.6,0.6,-0.74719906,0.15745452,-1.2047902,-0.2927102
10391,415.64,0.6,-0.3291881,0.5686814,-1.2046826,-0.29260433
10392,415.68,0.6,-1.4341304,-0.5183283,-1.204562,-0.29248565
10393,415.72,0.6,-1.1670326,-0.25556535,-1.2044284,-0.2923543
10394,415.76,0.6,-0.95522475,-0.047195032,-1.2042822,-0.2922103
10395,415.8,0.6,-1.0102763,-0.10135314,-1.204123,-0.29205382
10396,415.84,0.6,-1.206448,-0.294341,-1.2039514,-0.2918849
10397,415.88,0.6,-0.60063875,0.30163622,-1.2037671,-0.29170367
10398,415.92,0.6,-1.5980825,-0.67961955,-1.2035705,-0.2915102
10399,415.96,0.6,-1.306386,-0.3926571,-1.2033615,-0.2913046
10400,416.0,0.6,-1.1976476,-0.28568345,-1.2031403,-0.29108697
10401,416.04,0.6,-1.3677871,-0.4530617,-1.2029068,-0.2908574
10402,416.08,0.6,-1.6119182,-0.6932307,-1.2026615,-0.290616
10403,416.12,0.6,-0.7081237,0.1958957,-1.2024041,-0.29036286
10404,416.16,0.6,-1.547533,-0.62989044,-1.2021351,-0.2900981
10405,416.2,0.6,-0.8314084,0.07461185,-1.2018542,-0.2898218
10406,416.24,0.6,-1.7579666,-0.8369088,-1.2015617,-0.2895341
10407,416.28,0.6,-1.016661,-0.10763425,-1.2012578,-0.28923506
10408,416.32,0.6,-1.4099576,-0.4945478,-1.2009424,-0.2889248
10409,416.36,0.6,-0.74497473,0.15964273,-1.2006158,-0.28860345
10410,416.4,0.6,-1.1695621,-0.2580538,-1.2002779,-0.28827113
10411,416.44,0.7,-1.1403885,-0.22935367,-1.199929,-0.2879279
10412,416.48,0.7,-1.3330164,-0.4188553,-1.1995691,-0.28757384
10413,416.52,0.7,-0.9129974,-0.005653031,-1.1991985,-0.28720912
10414,416.56,0.7,-1.3430017,-0.42867857,-1.1988169,-0.28683382
10415,416.6,0.7,-0.7802716,0.12491874,-1.1984248,-0.28644803
10416,416.64,0.7,-1.4775174,-0.56101114,-1.198022,-0.28605184
10417,416.68,0.7,-1.3903043,-0.4752135,-1.1976088,-0.28564537
10418,416.72,0.7,-1.3843193,-0.46932557,-1.1971853,-0.2852287
10419,416.76,0.7,-0.9396139,-0.031837508,-1.1967515,-0.28480193
10420,416.8,0.5,-1.6395648,-0.7204285,-1.1963075,-0.28436515
10421,416.84,0.3,-1.1841998,-0.27245393,-1.1958535,-0.28391847
10422,416.88,0.2,-1.4407148,-0.52480584,-1.1953894,-0.28346196
10423,416.92,0.2,-0.979842,-0.07141276,-1.1949155,-0.2829957
10424,416.96,0.2,-1.0423255,-0.13288218,-1.1944318,-0.28251985
10425,417.0,0.2,-0.6998224,0.20406225,-1.1939384,-0.2820344
10426,417.04,0.2,-1.1269593,-0.21614245,-1.1934353,-0.2815395
10427,417.08,0.2,-1.707291,-0.7870557,-1.1929227,-0.2810352
10428,417.12,0.2,-1.6942735,-0.7742494,-1.1924006,-0.28052163
10429,417.16,0.2,-1.2310247,-0.31851894,-1.1918691,-0.27999878
10430,417.2,0.2,-1.2351173,-0.32254508,-1.1913283,-0.27946675
10431,417.24,0.2,-0.7531999,0.1515511,-1.1907783,-0.27892566
10432,417.28,0.2,-1.1786911,-0.26703468,-1.190219,-0.27837548
10433,417.32,0.2,-0.73212475,0.17228419,-1.1896507,-0.27781633
10434,417.36,0.2,-0.65709734,0.24609393,-1.1890732,-0.27724826
10435,417.4,0.2,-1.3778007,-0.4629128,-1.1884867,-0.2766713
10436,417.44,0.2,-1.0740222,-0.16406444,-1.1878912,-0.27608547
10437,417.48,0.0,-1.3081502,-0.39439264,-1.1872867,-0.2754908
10438,417.52,0.0,-1.2469691,-0.33420452,-1.1866734,-0.27488735
10439,417.56,0.0,-1.2847756,-0.37139744,-1.186051,-0.27427512
10440,417.6,0.0,-0.9376554,-0.02991081,-1.1854198,-0.27365416
10441,417.64,0.0,-1.1636508,-0.2522384,-1.1847798,-0.27302444
10442,417.68,0.0,-0.79519343,0.110239066,-1.1841308,-0.27238598
10443,417.72,0.0,-1.3420367,-0.42772922,-1.1834729,-0.27173883
10444,417.76,0.0,-1.5147345,-0.59762424,-1.1828061,-0.2710829
10445,417.8,0.0,-0.59460616,0.3075709,-1.1821306,-0.2704183
10446,417.84,0.0,-0.8774546,0.029312976,-1.1814461,-0.26974493
10447,417.88,0.0,-1.0932497,-0.18297988,-1.1807528,-0.26906285
10448,417.92,0.0,-1.4422537,-0.52631974,-1.1800506,-0.26837203
10449,417.96,0.0,-1.3836626,-0.46867952,-1.1793395,-0.2676725
10450,418.0,0.0,-1.1433951,-0.23231144,-1.1786195,-0.26696423
10451,418.04,0.0,-0.7085302,0.19549581,-1.1778907,-0.2662472
10452,418.08,0.0,-0.9690238,-0.06077015,-1.177153,-0.2655215
10453,418.12,0.0,-1.1354399,-0.22448535,-1.1764065,-0.26478708
10454,418.16,0.0,-2.090157,-1.163708,-1.1756511,-0.26404396
10455,418.2,0.0,-1.8482741,-0.9257507,-1.174887,-0.2632922
10456,418.24,0.0,-1.2620225,-0.3490136,-1.174114,-0.26253182
10457,418.28,0.0,-1.4943061,-0.57752734,-1.1733323,-0.26176283
10458,418.32,0.0,-0.86906546,0.03756594,-1.172542,-0.26098534
10459,418.36,0.0,-1.1614966,-0.25011924,-1.1717432,-0.26019943
10460,418.4,0.0,-1.1780328,-0.266387,-1.1709358,-0.2594051
10461,418.44,0.0,-1.6050484,-0.68647236,-1.1701199,-0.2586025
10462,418.48,0.0,-1.1007893,-0.19039714,-1.1692957,-0.2577917
10463,418.52,0.0,-0.962171,-0.054028563,-1.1684633,-0.25697282
10464,418.56,0.0,-1.2201273,-0.3077984,-1.1676228,-0.25614595
10465,418.6,0.0,-1.2407951,-0.32813075,-1.1667743,-0.25531125
10466,418.64,0.0,-1.5599325,-0.64208865,-1.165918,-0.25446883
10467,418.68,-0.2,-0.6293948,0.27334684,-1.165054,-0.25361884
10468,418.72,-0.3,-1.262857,-0.34983453,-1.1641824,-0.25276142
10469,418.76,-0.3,-0.7962511,0.10919855,-1.1633035,-0.25189674
10470,418.8,-0.3,-1.6335692,-0.7145303,-1.1624173,-0.25102493
10471,418.84,-0.4,-1.3189806,-0.40504727,-1.161524,-0.2501462
10472,418.88,-0.5,-1.5500376,-0.6323544,-1.160624,-0.24926074
10473,418.92,-0.5,-0.5920584,0.3100773,-1.1597172,-0.2483687
10474,418.96,-0.5,-1.3238288,-0.40981683,-1.1588039,-0.24747027
10475,419.0,-0.5,-0.41057444,0.48861587,-1.1578845,-0.24656567
10476,419.04,-0.5,-1.6198338,-0.7010178,-1.1569588,-0.2456551
10477,419.08,-0.5,-1.2731048,-0.35991603,-1.1560274,-0.24473877
10478,419.12,-0.5,-1.1224204,-0.21167721,-1.1550903,-0.24381688
10479,419.16,-0.4,-0.78960514,0.115736656,-1.1541477,-0.24288966
10480,419.2,-0.3,-1.392608,-0.4774798,-1.1532,-0.2419573
10481,419.24,-0.2,-1.6681933,-0.7485925,-1.1522474,-0.24102007
10482,419.28,0.0,-1.3117721,-0.3979558,-1.1512899,-0.24007818
10483,419.32,0.0,-0.53110135,0.37004507,-1.150328,-0.23913187
10484,419.36,0.0,-0.903871,0.003325276,-1.1493618,-0.23818135
10485,419.4,0.0,-1.246804,-0.3340421,-1.1483916,-0.23722689
10486,419.44,0.0,-1.4987812,-0.58192986,-1.1474177,-0.2362687
10487,419.48,0.0,-1.3126571,-0.39882645,-1.1464401,-0.23530705
10488,419.52,0.0,-1.0657462,-0.15592277,-1.1454593,-0.23434219
10489,419.56,0.0,-0.55941105,0.34219483,-1.1444755,-0.23337434
10490,419.6,0.0,-1.2962625,-0.3826979,-1.1434889,-0.23240377
10491,419.64,0.0,-1.3842671,-0.46927422,-1.1424998,-0.23143071
10492,419.68,0.0,-0.8882741,0.018669076,-1.1415085,-0.23045541
10493,419.72,0.0,-1.0558043,-0.14614218,-1.140515,-0.22947812
10494,419.76,0.0,-1.5242288,-0.6069644,-1.1395198,-0.22849911
10495,419.8,-0.2,-1.1097279,-0.19919063,-1.1385232,-0.2275186
10496,419.84,-0.2,-1.224072,-0.311679,-1.1375252,-0.22653686
10497,419.88,-0.2,-0.93693316,-0.029200308,-1.1365262,-0.22555412
10498,419.92,-0.2,-1.0640596,-0.15426356,-1.1355265,-0.22457065
10499,419.96,-0.2,-1.4964101,-0.57959723,-1.1345264,-0.22358668
10500,420.0,-0.2,-1.323323,-0.40931922,-1.1335258,-0.22260244
10501,420.04,-0.2,-1.3732938,-0.458479,-1.1325254,-0.2216182
10502,420.08,-0.3,-1.1048954,-0.19443655,-1.1315252,-0.22063419
10503,420.12,-0.3,-0.6263723,0.27632034,-1.1305254,-0.21965064
10504,420.16,-0.3,-0.95109946,-0.043136686,-1.1295264,-0.21866779
10505,420.2,-0.3,-1.1773866,-0.26575133,-1.1285282,-0.21768588
10506,420.24,-0.3,-1.5080879,-0.5910855,-1.1275313,-0.21670511
10507,420.28,-0.3,-1.2546508,-0.3417616,-1.1265358,-0.21572572
10508,420.32,-0.3,-1.3271153,-0.41305,-1.1255418,-0.2147479
10509,420.36,-0.3,-0.9652355,-0.05704328,-1.1245496,-0.2137719
10510,420.4,-0.3,-0.87995386,0.02685424,-1.1235596,-0.21279787
10511,420.44,-0.3,-0.9892139,-0.08063254,-1.1225717,-0.21182601
10512,420.48,-0.3,-1.4223394,-0.50672865,-1.1215862,-0.21085651
10513,420.52,-0.3,-1.185483,-0.27371627,-1.1206033,-0.20988956
10514,420.56,-0.3,-0.87722266,0.029541142,-1.1196231,-0.20892529
10515,420.6,-0.3,-1.0834094,-0.17329934,-1.1186458,-0.20796387
10516,420.64,-0.3,-1.3047247,-0.39102277,-1.1176716,-0.20700544
10517,420.68,-0.3,-1.4458476,-0.5298554,-1.1167005,-0.20605013
10518,420.72,-0.3,-1.0716267,-0.1617078,-1.1157327,-0.20509803
10519,420.76,-0.3,-0.5164665,0.38444245,-1.1147683,-0.20414926
10520,420.8,-0.3,-0.98975,-0.08115998,-1.1138073,-0.20320392
10521,420.84,-0.4,-0.9913883,-0.08277168,-1.11285,-0.20226206
10522,420.88,-0.4,-1.1074032,-0.19690366,-1.1118962,-0.20132373
10523,420.92,-0.4,-0.9452053,-0.03733816,-1.1109459,-0.200389
10524,420.96,-0.4,-1.0971496,-0.18681651,-1.1099995,-0.19945785
10525,421.0,-0.5,-1.0728837,-0.16294447,-1.1090567,-0.19853033
10526,421.04,-0.5,-1.0222193,-0.113102295,-1.1081175,-0.1976064
10527,421.08,-0.5,-0.77316475,0.13191023,-1.1071819,-0.19668604
10528,421.12,-0.5,-1.3239481,-0.4099342,-1.10625,-0.1957692
10529,421.16,-0.5,-1.3802433,-0.46531573,-1.1053215,-0.19485585
10530,421.2,-0.5,-0.93915945,-0.03139046,-1.1043966,-0.19394587
10531,421.24,-0.5,-0.51791584,0.3830166,-1.103475,-0.1930392
10532,421.28,-0.5,-1.2330319,-0.3204935,-1.1025566,-0.1921357
10533,421.32,-0.5,-1.3634715,-0.44881615,-1.1016413,-0.19123529
10534,421.36,-0.5,-1.1674864,-0.2560118,-1.100729,-0.19033778
10535,421.4,-0.5,-0.82004654,0.0857893,-1.0998194,-0.18944305
10536,421.44,-0.5,-0.6439632,0.25901487,-1.0989126,-0.1885509
10537,421.48,-0.5,-1.0643947,-0.15459321,-1.0980083,-0.18766119
10538,421.52,-0.5,-1.335796,-0.4215898,-1.0971061,-0.18677369
10539,421.56,-0.5,-1.1279112,-0.21707888,-1.096206,-0.18588819
10540,421.6,-0.5,-1.3189528,-0.40501997,-1.0953077,-0.18500447
10541,421.64,-0.5,-1.2258661,-0.313444,-1.0944109,-0.18412231
10542,421.68,-0.5,-1.0300822,-0.12083761,-1.0935155,-0.18324144
10543,421.72,-0.5,-1.016065,-0.10704787,-1.0926212,-0.18236163
10544,421.76,-0.5,-1.37629,-0.46142656,-1.0917277,-0.1814826
10545,421.8,-0.5,-1.2860606,-0.37266153,-1.0908347,-0.18060409
10546,421.84,-0.5,-1.2821863,-0.36885014,-1.0899419,-0.1797258
10547,421.88,-0.5,-0.8588806,0.047585525,-1.0890491,-0.17884743
10548,421.92,-0.5,-0.880918,0.025905736,-1.0881559,-0.17796871
10549,421.96,-0.5,-0.9139719,-0.00661169,-1.0872619,-0.17708932
10550,422.0,-0.5,-0.7585154,0.1463218,-1.086367,-0.17620893
10551,422.04,-0.5,-1.1685607,-0.2570687,-1.0854708,-0.17532721
10552,422.08,-0.5,-1.0753707,-0.16539104,-1.0845728,-0.17444386
10553,422.12,-0.5,-0.8102764,0.09540091,-1.0836729,-0.17355849
10554,422.16,-0.5,-0.92642325,-0.018860959,-1.0827705,-0.17267078
10555,422.2,-0.5,-1.4710125,-0.55461174,-1.0818654,-0.17178038
10556,422.24,-0.5,-1.090363,-0.18014008,-1.0809572,-0.1708869
10557,422.28,-0.5,-0.87152475,0.035146557,-1.0800455,-0.16999002
10558,422.32,-0.5,-0.5898156,0.31228372,-1.0791299,-0.16908933
10559,422.36,-0.5,-0.75701934,0.14779362,-1.0782102,-0.16818449
10560,422.4,-0.5,-0.87952447,0.027276672,-1.0772859,-0.16727512
10561,422.44,-0.5,-1.3817489,-0.46679693,-1.0763565,-0.16636086
10562,422.48,-0.5,-0.7642822,0.1406486,-1.0754218,-0.1654413
10563,422.52,-0.5,-1.2231966,-0.31081787,-1.0744814,-0.16451612
10564,422.56,-0.5,-0.84625536,0.060005836,-1.0735347,-0.16358493
10565,422.6,-0.5,-0.93749464,-0.029752664,-1.0725818,-0.1626474
10566,422.64,-0.5,-0.9071429,0.0001064986,-1.0716219,-0.16170315
10567,422.68,-0.5,-1.0323149,-0.123034045,-1.070655,-0.16075186
10568,422.72,-0.5,-1.1742201,-0.26263618,-1.0696805,-0.15979321
10569,422.76,-0.5,-1.6700687,-0.75043744,-1.0686983,-0.15882689
10570,422.8,-0.5,-1.3164442,-0.402552,-1.0677079,-0.1578526
10571,422.84,-0.5,-1.34878,-0.4343631,-1.0667092,-0.15687005
10572,422.88,-0.5,-0.9452609,-0.03739287,-1.0657017,-0.15587902
10573,422.92,-0.5,-1.8585099,-0.9358203,-1.0646855,-0.15487924
10574,422.96,-0.5,-1.1942588,-0.28234968,-1.0636601,-0.15387052
10575,423.0,-0.5,-1.17709,-0.26545957,-1.0626254,-0.15285268
10576,423.04,-0.5,-1.190728,-0.27887613,-1.0615814,-0.15182553
10577,423.08,-0.5,-0.94316846,-0.03533441,-1.0605277,-0.15078895
10578,423.12,-0.5,-0.7298597,0.17451245,-1.0594643,-0.14974283
10579,423.16,-0.5,-1.3671694,-0.452454,-1.0583911,-0.14868706
10580,423.2,-0.5,-0.92597455,-0.018419541,-1.0573081,-0.14762162
10581,423.24,-0.5,-0.9937049,-0.08505068,-1.0562152,-0.14654641
10582,423.28,-0.5,-0.928547,-0.020950273,-1.0551124,-0.14546147
10583,423.32,-0.5,-0.6517802,0.25132477,-1.0539995,-0.14436679
10584,423.36,-0.5,-0.894671,0.012375943,-1.052877,-0.14326242
10585,423.4,-0.5,-1.405883,-0.49053928,-1.0517446,-0.14214844
10586,423.44,-0.5,-1.3107008,-0.39690185,-1.0506026,-0.14102492
10587,423.48,-0.5,-1.1316876,-0.22079402,-1.049451,-0.139892
10588,423.52,-0.5,-1.3336356,-0.4194644,-1.0482899,-0.13874982
10589,423.56,-0.5,-1.0836983,-0.1735835,-1.0471197,-0.1375986
10590,423.6,-0.5,-1.1608175,-0.24945113,-1.0459405,-0.13643855
10591,423.64,-0.5,-0.80362386,0.10194547,-1.0447526,-0.13526988
10592,423.68,-0.5,-0.7886063,0.1167193,-1.0435562,-0.1340929
10593,423.72,-0.5,-1.1005123,-0.1901246,-1.0423517,-0.13290791
10594,423.76,-0.5,-0.8783915,0.02839125,-1.0411394,-0.13171525
10595,423.8,-0.5,-1.0182804,-0.10922731,-1.0399196,-0.1305153
10596,423.84,-0.5,-1.2383244,-0.3257001,-1.0386928,-0.12930846
10597,423.88,-0.5,-0.9103172,-0.003016293,-1.0374595,-0.12809515
10598,423.92,-0.5,-0.9717108,-0.063413516,-1.0362201,-0.12687585
10599,423.96,-0.5,-0.9793103,-0.07088966,-1.034975,-0.12565108
10600,424.0,-0.5,-0.71024764,0.19380623,-1.033725,-0.124421336
10601,424.04,-0.5,-1.4203057,-0.504728,-1.0324706,-0.12318722
10602,424.08,-0.5,-1.5729554,-0.6549002,-1.0312123,-0.12194933
10603,424.12,-0.5,-1.4137684,-0.49829677,-1.0299509,-0.12070831
10604,424.16,-0.5,-1.1801994,-0.26851845,-1.0286868,-0.11946484
10605,424.2,-0.5,-0.9438101,-0.035965636,-1.027421,-0.118219614
10606,424.24,-0.5,-1.5502868,-0.6325995,-1.0261543,-0.11697341
10607,424.28,-0.5,-1.1023284,-0.19191128,-1.0248873,-0.11572699
10608,424.32,-0.5,-1.1350412,-0.2240932,-1.023621,-0.11448119
10609,424.36,-0.5,-1.0961285,-0.18581194,-1.022356,-0.11323686
10610,424.4,-0.5,-1.3242365,-0.41021788,-1.0210936,-0.111994885
10611,424.44,-0.5,-1.0488582,-0.13930883,-1.0198345,-0.110756196
10612,424.48,-0.5,-0.90092736,0.006221138,-1.0185797,-0.10952173
10613,424.52,-0.5,-1.3462219,-0.43184653,-1.0173302,-0.10829248
10614,424.56,-0.5,-1.2486918,-0.33589926,-1.0160869,-0.107069455
10615,424.6,-0.5,-0.99999803,-0.091241665,-1.0148511,-0.10585369
10616,424.64,-0.5,-0.5872595,0.31479838,-1.0136237,-0.10464625
10617,424.68,-0.5,-0.7833133,0.121926405,-1.012406,-0.10344822
10618,424.72,-0.5,-0.9854288,-0.076908894,-1.0111989,-0.1022607
10619,424.76,-0.5,-0.8928121,0.014204718,-1.0100036,-0.10108483
10620,424.8,-0.5,-1.107248,-0.19675097,-1.0088214,-0.09992175
10621,424.84,-0.5,-1.3800547,-0.4651302,-1.0076532,-0.09877262
10622,424.88,-0.5,-1.1463035,-0.23517269,-1.0065005,-0.09763864
10623,424.92,-0.5,-1.3358383,-0.42163143,-1.0053644,-0.09652099
10624,424.96,-0.5,-0.84266454,0.06353838,-1.0042462,-0.09542088
10625,425.0,-0.5,-0.8310215,0.074992485,-1.003147,-0.09433955
10626,425.04,-0.5,-1.0511665,-0.14157973,-1.0020682,-0.093278214
10627,425.08,-0.6,-0.96331185,-0.05515088,-1.0010109,-0.09223813
10628,425.12,-0.6,-1.1582272,-0.24690285,-0.9999766,-0.09122053
10629,425.16,-0.6,-1.0045938,-0.09576289,-0.9989663,-0.09022668
10630,425.2,-0.6,-0.5807971,0.3211559,-0.9979815,-0.08925783
10631,425.24,-0.6,-1.132546,-0.2216384,-0.99702334,-0.08831524
10632,425.28,-0.6,-0.55943847,0.34216785,-0.99609315,-0.08740017
10633,425.32,-0.6,-1.3156266,-0.40174776,-0.9951922,-0.08651388
10634,425.36,-0.6,-1.0285025,-0.11928348,-0.9943219,-0.085657604
10635,425.4,-0.6,-0.96474797,-0.056563687,-0.99348325,-0.084832616
10636,425.44,-0.6,-0.81874305,0.08707165,-0.9926777,-0.08404014
10637,425.48,-0.6,-0.9512353,-0.043270327,-0.99190646,-0.08328142
10638,425.52,-0.6,-1.0217421,-0.11263284,-0.99117076,-0.08255768
10639,425.56,-0.6,-0.92504555,-0.017505623,-0.9904719,-0.08187013
10640,425.6,-0.6,-0.5953083,0.30688015,-0.989811,-0.081219986
10641,425.64,-0.6,-1.0821656,-0.17207569,-0.9891894,-0.08060843
10642,425.68,-0.6,-1.012918,-0.103951946,-0.9886082,-0.08003665
10643,425.72,-0.6,-0.9018826,0.0052814186,-0.9880685,-0.07950579
10644,425.76,-0.6,-0.8488729,0.05743078,-0.9875717,-0.07901701
10645,425.8,-0.6,-0.7861029,0.11918207,-0.9871188,-0.07857144
10646,425.84,-0.6,-1.3819869,-0.46703097,-0.9867109,-0.078170195
10647,425.88,-0.6,-0.70384616,0.20010382,-0.9863492,-0.077814355
10648,425.92,-0.6,-0.46140778,0.4386075,-0.98603475,-0.077505015
10649,425.96,-0.5,-1.2739618,-0.3607591,-0.9857686,-0.07724321
10650,426.0,-0.5,-0.78204465,0.12317445,-0.9855519,-0.07702999
10651,426.04,-0.5,-1.1285785,-0.21773538,-0.9853856,-0.07686635
10652,426.08,-0.5,-0.9186319,-0.011196077,-0.9852707,-0.0767533
10653,426.12,-0.4,-1.0268078,-0.11761631,-0.98520815,-0.07669181
10654,426.16,-0.4,-1.0585632,-0.14885639,-0.985199,-0.07668281
10655,426.2,-0.4,-1.0907292,-0.18050034,-0.98524415,-0.07672725
10656,426.24,-0.4,-0.83327866,0.072771944,-0.9853446,-0.07682601
10657,426.28,-0.4,-0.9699435,-0.061674923,-0.9855011,-0.076979995
10658,426.32,-0.4,-0.9253633,-0.017818213,-0.9857146,-0.07719005
10659,426.36,-0.4,-0.80660605,0.09901165,-0.98598593,-0.077456996
10660,426.4,-0.4,-1.468536,-0.5521755,-0.98631597,-0.077781655
10661,426.44,-0.4,-1.2038168,-0.29175252,-0.9867054,-0.078164816
10662,426.48,-0.4,-0.7137778,0.1903334,-0.98715514,-0.07860722
10663,426.52,-0.3,-1.199721,-0.2877232,-0.98766583,-0.07910961
10664,426.56,-0.3,-0.9934405,-0.084790565,-0.9882382,-0.079672694
10665,426.6,-0.2,-1.0793827,-0.16933791,-0.98887295,-0.08029714
10666,426.64,-0.2,-0.9322473,-0.02459047,-0.98957074,-0.08098362
10667,426.68,-0.2,-1.0659987,-0.15617114,-0.99033225,-0.081732735
10668,426.72,-0.1,-1.1290656,-0.21821457,-0.991158,-0.082545094
10669,426.76,-0.1,-0.8777454,0.029026888,-0.9920486,-0.08342125
10670,426.8,-0.1,-0.8714585,0.035211764,-0.9930046,-0.08436175
10671,426.84,-0.1,-0.883092,0.023767062,-0.99402654,-0.08536708
10672,426.88,-0.1,-1.1210359,-0.21031518,-0.99511486,-0.08643772
10673,426.92,-0.1,-1.1096653,-0.19912906,-0.99626994,-0.087574095
10674,426.96,-0.1,-0.8223173,0.08355541,-0.9974923,-0.08877661
10675,427.0,0.0,-0.9223349,-0.014838971,-0.9987823,-0.09004562
10676,427.04,0.0,-1.2275274,-0.31507832,-1.0001402,-0.091381475
10677,427.08,0.0,-0.72819585,0.17614934,-1.0015663,-0.09278446
10678,427.12,0.0,-1.1802387,-0.26855713,-1.0030609,-0.094254814
10679,427.16,0.0,-0.6239216,0.2787313,-1.0046242,-0.09579276
10680,427.2,0.0,-0.789111,0.11622276,-1.0062565,-0.0973985
10681,427.24,0.0,-1.038116,-0.12874098,-1.0079577,-0.09907214
10682,427.28,0.0,-1.0881784,-0.17799091,-1.0097281,-0.1008138
10683,427.32,0.0,-1.2100134,-0.29784858,-1.0115677,-0.10262353
10684,427.36,0.0,-1.1726263,-0.26106822,-1.0134765,-0.104501344
10685,427.4,0.0,-0.73420346,0.17023921,-1.0154544,-0.10644723
10686,427.44,0.0,-1.1042943,-0.19384526,-1.0175016,-0.10846111
10687,427.48,0.0,-1.1167258,-0.206075,-1.0196177,-0.110542886
10688,427.52,0.0,-0.6645087,0.23880285,-1.0218027,-0.112692416
10689,427.56,0.0,-0.9061205,0.0011123046,-1.0240563,-0.11490949
10690,427.6,0.0,-1.096851,-0.18652275,-1.0263784,-0.11719389
10691,427.64,0.0,-0.5993872,0.30286744,-1.0287687,-0.11954533
10692,427.68,0.0,-1.172541,-0.26098436,-1.0312266,-0.121963486
10693,427.72,0.0,-1.1543927,-0.2431306,-1.0337522,-0.124447994
10694,427.76,0.0,-0.94527245,-0.037404247,-1.0363448,-0.12699845
10695,427.8,0.0,-0.8631839,0.04335203,-1.0390038,-0.12961438
10696,427.84,0.0,-1.1615002,-0.25012276,-1.041729,-0.13229533
10697,427.88,0.0,-1.3015289,-0.38787887,-1.0445197,-0.1350407
10698,427.92,0.0,-1.3003917,-0.38676006,-1.0473752,-0.13784996
10699,427.96,0.0,-0.8352478,0.07083475,-1.0502951,-0.14072244
10700,428.0,0.0,-1.2800177,-0.3667168,-1.0532786,-0.1436575
10701,428.04,0.0,-1.1729717,-0.2614081,-1.056325,-0.14665441
10702,428.08,0.0,-0.6616103,0.24165419,-1.0594333,-0.14971241
10703,428.12,0.0,-1.2047317,-0.2926526,-1.0626031,-0.15283072
10704,428.16,0.0,-1.1485538,-0.2373865,-1.0658333,-0.15600845
10705,428.2,0.0,-0.92313856,-0.015629575,-1.069123,-0.15924475
10706,428.24,0.0,-1.0084668,-0.09957303,-1.0724713,-0.16253866
10707,428.28,0.0,-1.2315242,-0.31901032,-1.0758771,-0.16588919
10708,428.32,0.0,-1.3206295,-0.4066694,-1.0793394,-0.16929533
10709,428.36,0.0,-0.92950666,-0.021894328,-1.0828571,-0.17275599
10710,428.4,-0.2,-1.0737524,-0.16379905,-1.0864291,-0.17627005
10711,428.44,-0.2,-0.99372363,-0.08506909,-1.0900543,-0.17983636
10712,428.48,-0.2,-0.52326477,0.37775448,-1.0937313,-0.1834537
10713,428.52,-0.2,-0.72167397,0.18256533,-1.0974588,-0.18712078
10714,428.56,-0.2,-1.0578734,-0.14817771,-1.1012357,-0.19083634
10715,428.6,-0.2,-0.8896186,0.01734639,-1.1050605,-0.19459897
10716,428.64,-0.2,-0.99130744,-0.08269212,-1.1089317,-0.19840732
10717,428.68,-0.2,-1.0853809,-0.17523882,-1.1128478,-0.2022599
10718,428.72,-0.2,-0.98753965,-0.078985475,-1.1168073,-0.20615524
10719,428.76,-0.2,-1.4122622,-0.49681497,-1.1208088,-0.2100918
10720,428.8,-0.3,-1.125085,-0.21429852,-1.1248506,-0.214068
10721,428.84,-0.3,-0.9286411,-0.021042794,-1.128931,-0.2180822
10722,428.88,-0.3,-1.1639053,-0.25248876,-1.1330485,-0.22213277
10723,428.92,-0.3,-1.0292476,-0.12001657,-1.1372011,-0.226218
10724,428.96,-0.3,-1.2816068,-0.36828005,-1.1413872,-0.23033611
10725,429.0,-0.3,-1.3889282,-0.47385967,-1.1456048,-0.23448537
10726,429.04,-0.3,-1.4253813,-0.50972116,-1.1498524,-0.23866394
10727,429.08,-0.3,-0.53953934,0.36174402,-1.1541278,-0.24286997
10728,429.12,-0.3,-1.2850745,-0.37169144,-1.1584291,-0.24710156
10729,429.16,-0.3,-0.98841023,-0.07984193,-1.1627547,-0.2513568
10730,429.2,-0.3,-0.9437488,-0.0359053,-1.1671021,-0.25563374
10731,429.24,-0.3,-0.94753516,-0.039630234,-1.1714697,-0.2599304
10732,429.28,-0.3,-1.1506413,-0.23944008,-1.1758552,-0.26424474
10733,429.32,-0.3,-1.1337807,-0.22285312,-1.1802566,-0.26857468
10734,429.36,-0.3,-1.1318798,-0.22098306,-1.1846718,-0.27291822
10735,429.4,-0.3,-1.1933601,-0.28146556,-1.1890986,-0.27727318
10736,429.44,-0.3,-1.2073658,-0.2952439,-1.1935349,-0.2816375
10737,429.48,-0.3,-0.93940663,-0.03163363,-1.1979785,-0.28600895
10738,429.52,-0.3,-1.1068501,-0.19635962,-1.2024271,-0.2903854
10739,429.56,-0.3,-1.2082311,-0.2960952,-1.2068785,-0.29476467
10740,429.6,-0.3,-1.208036,-0.29590324,-1.2113307,-0.2991445
10741,429.64,-0.3,-0.94734436,-0.03944253,-1.2157811,-0.30352268
10742,429.68,-0.3,-1.230969,-0.31846404,-1.2202276,-0.30789697
10743,429.72,-0.3,-0.7843455,0.12091092,-1.2246678,-0.31226513
10744,429.76,-0.3,-0.7619257,0.14296687,-1.2290994,-0.31662485
10745,429.8,-0.3,-1.3770567,-0.46218088,-1.2335202,-0.32097387
10746,429.84,-0.3,-1.3553646,-0.44084078,-1.2379278,-0.32530993
10747,429.88,-0.3,-1.0319359,-0.122661225,-1.24232,-0.32963076
10748,429.92,-0.3,-0.6738926,0.22957122,-1.2466941,-0.333934
10749,429.96,-0.3,-1.0379951,-0.12862206,-1.2510483,-0.33821747
10750,430.0,-0.3,-1.0626478,-0.15287468,-1.2553799,-0.34247884
10751,430.04,-0.3,-1.3309444,-0.41681695,-1.2596868,-0.3467159
10752,430.08,-0.3,-0.9953534,-0.08667241,-1.2639668,-0.3509263
10753,430.12,-0.3,-1.1496227,-0.23843798,-1.2682173,-0.35510793
10754,430.16,-0.3,-1.7226819,-0.80219674,-1.2724365,-0.35925853
10755,430.2,-0.3,-1.6088194,-0.69018215,-1.2766218,-0.36337593
10756,430.24,-0.3,-1.6110911,-0.692417,-1.2807711,-0.367458
10757,430.28,-0.3,-1.4297228,-0.5139922,-1.2848824,-0.37150258
10758,430.32,-0.3,-1.6816492,-0.76183,-1.2889535,-0.3755076
10759,430.36,-0.3,-2.0491657,-1.1233819,-1.2929825,-0.37947106
10760,430.4,-0.3,-1.1192611,-0.2085692,-1.2969669,-0.38339093
10761,430.44,-0.3,-1.8403193,-0.91792494,-1.3009052,-0.3872653
10762,430.48,-0.3,-1.3161402,-0.40225297,-1.3047953,-0.3910922
10763,430.52,-0.3,-0.77443135,0.1306642,-1.3086352,-0.3948699
10764,430.56,-0.3,-1.51462,-0.59751153,-1.3124233,-0.3985965
10765,430.6,-0.3,-0.9568451,-0.048789084,-1.3161578,-0.40227032
10766,430.64,-0.3,-1.7518395,-0.8308811,-1.3198369,-0.40588966
10767,430.68,-0.3,-1.3040148,-0.39032438,-1.3234589,-0.4094529
10768,430.72,-0.3,-1.2078831,-0.29575288,-1.3270222,-0.41295844
10769,430.76,-0.3,-0.92541975,-0.01787375,-1.3305255,-0.4164048
10770,430.8,-0.3,-1.0252695,-0.11610299,-1.3339671,-0.41979057
10771,430.84,-0.3,-1.2067508,-0.2946389,-1.3373457,-0.42311436
10772,430.88,-0.3,-2.0313082,-1.1058142,-1.34066,-0.42637488
10773,430.92,-0.3,-2.0961273,-1.1695813,-1.3439088,-0.42957088
10774,430.96,-0.3,-1.2029291,-0.2908793,-1.3470907,-0.4327012
10775,431.0,-0.3,-1.5961123,-0.67768127,-1.3502048,-0.4357648
10776,431.04,-0.3,-2.3101163,-1.3800974,-1.3532501,-0.43876064
10777,431.08,-0.3,-1.8311659,-0.9089201,-1.3562256,-0.44168782
10778,431.12,-0.3,-1.8237493,-0.9016239,-1.3591304,-0.44454548
10779,431.16,-0.3,-1.6146237,-0.6958922,-1.3619637,-0.44733286
10780,431.2,-0.3,-1.5443649,-0.6267737,-1.364725,-0.4500493
10781,431.24,-0.3,-1.5906404,-0.6722982,-1.3674135,-0.4526942
10782,431.28,-0.3,-1.3979807,-0.48276526,-1.3700289,-0.45526704
10783,431.32,-0.3,-1.6638149,-0.7442851,-1.3725704,-0.4577674
10784,431.36,-0.3,-1.3033284,-0.38964912,-1.3750379,-0.46019486
10785,431.4,-0.3,-1.3688078,-0.45406583,-1.3774312,-0.4625492
10786,431.44,-0.3,-1.4009483,-0.4856847,-1.3797498,-0.4648302
10787,431.48,-0.3,-1.6928792,-0.7728777,-1.3819937,-0.46703768
10788,431.52,-0.3,-1.1325213,-0.22161412,-1.3841628,-0.46917164
10789,431.56,-0.3,-2.0055318,-1.0804561,-1.3862573,-0.4712321
10790,431.6,-0.3,-1.2693667,-0.35623866,-1.388277,-0.47321907
10791,431.64,-0.3,-1.6233453,-0.70447224,-1.3902223,-0.47513276
10792,431.68,-0.3,-1.9024141,-0.97901195,-1.3920933,-0.47697338
10793,431.72,-0.3,-1.6706102,-0.7509701,-1.3938903,-0.47874126
10794,431.76,-0.3,-1.2398379,-0.32718906,-1.3956137,-0.48043668
10795,431.8,-0.3,-1.2640855,-0.35104316,-1.3972639,-0.48206007
10796,431.84,-0.3,-1.3385301,-0.42427948,-1.3988413,-0.4836119
10797,431.88,-0.3,-1.0355014,-0.12616879,-1.4003465,-0.4850927
10798,431.92,-0.3,-1.2534121,-0.34054297,-1.4017801,-0.48650306
10799,431.96,-0.3,-0.88175035,0.025086932,-1.4031428,-0.48784357
10800,432.0,-0.3,-1.3253757,-0.41133857,-1.4044352,-0.48911494
10801,432.04,-0.3,-1.2396004,-0.32695544,-1.4056579,-0.49031788
10802,432.08,-0.3,-1.6778557,-0.75809807,-1.406812,-0.49145317
10803,432.12,-0.3,-1.2006632,-0.28865016,-1.407898,-0.49252158
10804,432.16,-0.3,-1.4959481,-0.5791427,-1.408917,-0.49352401
10805,432.2,-0.3,-1.6924301,-0.7724359,-1.4098697,-0.49446133
10806,432.24,-0.3,-1.19519,-0.28326574,-1.4107572,-0.49533445
10807,432.28,-0.3,-1.8351679,-0.9128571,-1.4115806,-0.49614438
10808,432.32,-0.3,-1.617913,-0.6991282,-1.4123406,-0.49689212
10809,432.36,-0.3,-1.3674245,-0.45270497,-1.4130385,-0.4975787
10810,432.4,-0.3,-1.6317809,-0.712771,-1.4136753,-0.4982052
10811,432.44,-0.3,-1.5571077,-0.6393097,-1.4142523,-0.49877274
10812,432.48,-0.3,-1.5606098,-0.642755,-1.4147704,-0.49928242
10813,432.52,-0.3,-1.1249359,-0.21415183,-1.4152308,-0.49973541
10814,432.56,-0.3,-1.2185625,-0.30625892,-1.4156349,-0.5001329
10815,432.6,-0.3,-1.0845264,-0.1743982,-1.4159838,-0.5004761
10816,432.64,-0.3,-1.7428052,-0.82199347,-1.4162787,-0.5007663
10817,432.68,-0.3,-1.8285282,-0.90632516,-1.416521,-0.50100464
10818,432.72,-0.3,-1.2015377,-0.2895105,-1.4167118,-0.5011924
10819,432.76,-0.3,-1.5913954,-0.6730409,-1.4168526,-0.5013309
10820,432.8,-0.3,-0.87800765,0.028768875,-1.4169446,-0.5014214
10821,432.84,-0.3,-1.4477321,-0.53170925,-1.4169891,-0.5014652
10822,432.88,-0.3,-1.0587718,-0.1490616,-1.4169875,-0.5014636
10823,432.92,-0.3,-1.1193995,-0.20870535,-1.416941,-0.5014179
10824,432.96,-0.3,-1.1995889,-0.28759328,-1.416851,-0.5013294
10825,433.0,-0.3,-0.9904585,-0.08185694,-1.416719,-0.5011994
10826,433.04,-0.3,-1.3109899,-0.39718625,-1.4165461,-0.5010293
10827,433.08,-0.3,-1.5014125,-0.58451843,-1.4163337,-0.50082034
10828,433.12,-0.3,-1.3707982,-0.45602396,-1.4160831,-0.5005738
10829,433.16,-0.3,-1.9967556,-1.0718224,-1.4157957,-0.5002911
10830,433.2,-0.3,-1.3690858,-0.4543393,-1.4154727,-0.49997342
10831,433.24,-0.3,-0.928006,-0.020418018,-1.4151156,-0.49962214
10832,433.28,-0.3,-1.5121732,-0.59510446,-1.4147257,-0.49923852
10833,433.32,-0.3,-1.6032436,-0.68469685,-1.4143043,-0.49882385
10834,433.36,-0.3,-1.5992353,-0.6807536,-1.4138525,-0.49837947
10835,433.4,-0.3,-1.6154424,-0.69669765,-1.4133718,-0.49790657
10836,433.44,-0.3,-1.548728,-0.631066,-1.4128635,-0.4974065
10837,433.48,-0.3,-0.9163569,-0.008958004,-1.4123287,-0.4968805
10838,433.52,-0.3,-1.42571,-0.5100445,-1.411769,-0.49632978
10839,433.56,-0.3,-1.7119504,-0.79163945,-1.4111854,-0.49575564
10840,433.6,-0.3,-1.0695032,-0.15961878,-1.4105792,-0.49515927
10841,433.64,-0.3,-1.4780946,-0.561579,-1.4099516,-0.49454188
10842,433.68,-0.3,-1.1836102,-0.2718739,-1.4093039,-0.4939047
10843,433.72,-0.3,-1.1969717,-0.2850185,-1.4086373,-0.4932489
10844,433.76,-0.3,-1.5477302,-0.6300844,-1.4079529,-0.49257562
10845,433.8,-0.3,-1.7527556,-0.8317824,-1.407252,-0.49188605
10846,433.84,-0.3,-1.5364006,-0.6189386,-1.4065355,-0.49118128
10847,433.88,-0.3,-0.8774121,0.029354773,-1.4058049,-0.49046245
10848,433.92,-0.3,-1.0729802,-0.16303933,-1.405061,-0.48973066
10849,433.96,-0.3,-1.9623003,-1.0379263,-1.404305,-0.48898694
10850,434.0,-0.3,-0.9305999,-0.02296985,-1.403538,-0.48823237
10851,434.04,-0.3,-1.4075334,-0.49216294,-1.402761,-0.48746797
10852,434.08,-0.3,-1.135904,-0.22494191,-1.401975,-0.48669478
10853,434.12,-0.3,-1.6405222,-0.72137046,-1.4011811,-0.48591372
10854,434.16,-0.3,-1.2672212,-0.35412794,-1.4003801,-0.48512578
10855,434.2,-0.3,-1.7901602,-0.86857986,-1.3995732,-0.48433188
10856,434.24,-0.3,-1.4034338,-0.48812988,-1.398761,-0.48353294
10857,434.28,-0.3,-1.6637744,-0.74424523,-1.3979447,-0.48272985
10858,434.32,-0.3,-1.7984953,-0.87677974,-1.397125,-0.4819235
10859,434.36,-0.3,-1.0521444,-0.14254174,-1.3963028,-0.48111463
10860,434.4,-0.3,-1.0319421,-0.12266733,-1.395479,-0.48030415
10861,434.44,-0.3,-1.2289537,-0.3164815,-1.3946542,-0.47949275
10862,434.48,-0.3,-1.447548,-0.5315282,-1.3938293,-0.47868127
10863,434.52,-0.3,-1.9758518,-1.0512577,-1.393005,-0.47787035
10864,434.56,-0.3,-0.93090963,-0.023274533,-1.3921821,-0.47706074
10865,434.6,-0.3,-1.1818403,-0.27013272,-1.3913611,-0.47625306
10866,434.64,-0.3,-0.94865113,-0.0407281,-1.3905426,-0.47544798
10867,434.68,-0.3,-1.1235303,-0.21276903,-1.3897275,-0.47464603
10868,434.72,-0.3,-1.1254779,-0.21468507,-1.3889161,-0.47384784
10869,434.76,-0.3,-0.91431564,-0.006949857,-1.3881091,-0.47305393
10870,434.8,-0.3,-1.1387693,-0.2277607,-1.3873069,-0.47226477
10871,434.84,-0.3,-1.044237,-0.13476267,-1.3865101,-0.47148082
10872,434.88,-0.3,-1.7413062,-0.82051873,-1.385719,-0.47070256
10873,434.92,-0.3,-1.1879807,-0.2761734,-1.3849341,-0.46993038
10874,434.96,-0.3,-0.85873574,0.04772801,-1.3841558,-0.46916467
10875,435.0,-0.3,-0.88251364,0.024336003,-1.3833842,-0.46840575
10876,435.04,-0.3,-1.9011912,-0.97780895,-1.3826201,-0.46765396
10877,435.08,-0.3,-1.3362371,-0.4220237,-1.3818635,-0.46690962
10878,435.12,-0.3,-1.6972375,-0.7771653,-1.3811147,-0.46617302
10879,435.16,-0.3,-0.91281307,-0.005471669,-1.3803741,-0.4654444
10880,435.2,-0.3,-1.2770182,-0.36376593,-1.3796418,-0.46472394
10881,435.24,-0.3,-1.6484504,-0.72916996,-1.378918,-0.464012
10882,435.28,-0.3,-1.3291469,-0.41504857,-1.3782032,-0.4633087
10883,435.32,-0.3,-1.6797593,-0.7599707,-1.3774973,-0.46261427
10884,435.36,-0.3,-1.0634762,-0.15368962,-1.3768005,-0.4619289
10885,435.4,-0.3,-1.089458,-0.17924973,-1.3761133,-0.46125278
10886,435.44,-0.3,-1.7618654,-0.84074426,-1.3754356,-0.46058607
10887,435.48,-0.3,-1.6151918,-0.6964512,-1.3747677,-0.45992896
10888,435.52,-0.3,-1.3713114,-0.4565288,-1.3741096,-0.4592816
10889,435.56,-0.3,-1.7688065,-0.84757274,-1.3734616,-0.45864415
10890,435.6,-0.3,-1.2324392,-0.31991038,-1.372824,-0.45801678
10891,435.64,-0.3,-1.9659464,-1.0415132,-1.3721967,-0.4573997
10892,435.68,-0.3,-1.8604858,-0.93776417,-1.37158,-0.45679304
10893,435.72,-0.3,-0.91906685,-0.011623949,-1.3709742,-0.45619702
10894,435.76,-0.3,-1.4536818,-0.53756243,-1.3703792,-0.4556118
10895,435.8,-0.3,-2.0125167,-1.0873277,-1.3697956,-0.45503753
10896,435.84,-0.3,-1.2045876,-0.29251084,-1.3692232,-0.45447448
10897,435.88,-0.3,-1.1536705,-0.24242015,-1.3686625,-0.4539228
10898,435.92,-0.3,-1.6812618,-0.76144886,-1.3681134,-0.45338276
10899,435.96,-0.3,-1.5938091,-0.6754155,-1.3675765,-0.4528545
10900,436.0,-0.3,-1.2025923,-0.29054788,-1.3670518,-0.45233834
10901,436.04,-0.3,-1.8700418,-0.94716513,-1.3665396,-0.45183444
10902,436.08,-0.3,-1.1186742,-0.20799175,-1.3660401,-0.4513431
10903,436.12,-0.3,-1.803185,-0.8813933,-1.3655537,-0.45086455
10904,436.16,-0.3,-1.5955762,-0.6771538,-1.3650805,-0.45039904
10905,436.2,-0.3,-1.799906,-0.8781675,-1.3646209,-0.44994685
10906,436.24,-0.3,-1.5600522,-0.6422064,-1.3641751,-0.44950828
10907,436.28,-0.3,-1.1199687,-0.20926523,-1.3637433,-0.44908357
10908,436.32,-0.3,-0.40876484,0.49039614,-1.3633261,-0.44867304
10909,436.36,-0.3,-1.5856464,-0.6673853,-1.3629234,-0.44827697
10910,436.4,-0.3,-2.0894864,-1.1630481,-1.3625358,-0.44789568
10911,436.44,-0.3,-1.103262,-0.19282967,-1.3621635,-0.4475294
10912,436.48,-0.3,-1.2280512,-0.31559363,-1.3618069,-0.4471785
10913,436.52,-0.3,-1.6741636,-0.7544658,-1.361466,-0.4468433
10914,436.56,-0.3,-1.4960914,-0.57928365,-1.3611416,-0.44652402
10915,436.6,-0.3,-1.1662922,-0.25483695,-1.3608335,-0.44622102
10916,436.64,-0.3,-1.2103834,-0.2982126,-1.3605424,-0.44593456
10917,436.68,-0.3,-1.8145087,-0.8925332,-1.3602684,-0.44566497
10918,436.72,-0.3,-1.5879074,-0.6696096,-1.3600117,-0.44541252
10919,436.76,-0.3,-1.6857615,-0.7658755,-1.3597728,-0.4451775
10920,436.8,-0.3,-0.8395537,0.06659872,-1.3595519,-0.44496018
10921,436.84,-0.3,-1.3169606,-0.40306005,-1.3593494,-0.44476086
10922,436.88,-0.3,-1.2753834,-0.3621576,-1.3591653,-0.44457978
10923,436.92,-0.3,-2.1843934,-1.2564149,-1.359,-0.4444172
10924,436.96,-0.3,-1.6223904,-0.70353293,-1.3588538,-0.44427335
10925,437.0,-0.3,-0.97362065,-0.06529237,-1.3587269,-0.44414848
10926,437.04,-0.3,-1.3298492,-0.41573957,-1.3586193,-0.44404277
10927,437.08,-0.3,-0.82873046,0.07724633,-1.3585316,-0.44395643
10928,437.12,-0.3,-1.2468822,-0.33411902,-1.3584638,-0.44388962
10929,437.16,-0.4,-0.4647991,0.43527126,-1.3584158,-0.4438425
10930,437.2,-0.4,-1.0259386,-0.11676126,-1.3583881,-0.4438152
10931,437.24,-0.4,-1.1265264,-0.2157165,-1.3583806,-0.44380784
10932,437.28,-0.5,-2.2203352,-1.2917734,-1.3583934,-0.44382048
10933,437.32,-0.5,-1.3038357,-0.39014825,-1.3584267,-0.44385317
10934,437.36,-0.5,-1.2192106,-0.30689654,-1.3584803,-0.44390595
10935,437.4,-0.5,-0.76874906,0.13625428,-1.3585544,-0.44397882
10936,437.44,-0.5,-1.8185301,-0.8964893,-1.3586489,-0.44407177
10937,437.48,-0.5,-1.6436243,-0.7244222,-1.3587637,-0.44418478
10938,437.52,-0.5,-0.43451452,0.46506435,-1.3588989,-0.44431773
10939,437.56,-0.5,-1.4116442,-0.49620706,-1.3590542,-0.44447055
10940,437.6,-0.5,-1.6182935,-0.69950247,-1.3592296,-0.4446431
10941,437.64,-0.5,-0.77291393,0.132157,-1.359425,-0.44483525
10942,437.68,-0.5,-1.808193,-0.88632,-1.35964,-0.44504678
10943,437.72,-0.5,-1.4878013,-0.57112813,-1.3598745,-0.44527754
10944,437.76,-0.5,-1.2495605,-0.33675385,-1.3601284,-0.44552726
10945,437.8,-0.5,-1.0987649,-0.1884056,-1.3604012,-0.44579566
10946,437.84,-0.5,-1.1941932,-0.28228518,-1.3606927,-0.4460825
10947,437.88,-0.5,-1.0680112,-0.15815097,-1.3610028,-0.44638744
10948,437.92,-0.5,-1.7068784,-0.78664976,-1.3613307,-0.44671017
10949,437.96,-0.5,-1.0486646,-0.13911837,-1.3616766,-0.4470503
10950,438.0,-0.5,-1.6612542,-0.7417659,-1.3620396,-0.44740742
10951,438.04,-0.5,-1.0715256,-0.16160835,-1.3624195,-0.44778118
10952,438.08,-0.4,-1.4165623,-0.50104535,-1.3628159,-0.44817108
10953,438.12,-0.3,-1.2338701,-0.32131815,-1.3632281,-0.4485767
10954,438.16,-0.3,-1.736911,-0.81619495,-1.3636559,-0.44899753
10955,438.2,-0.3,-0.76361537,0.14130464,-1.3640987,-0.4494331
10956,438.24,-0.3,-1.3600206,-0.44542128,-1.3645558,-0.4498828
10957,438.28,-0.3,-1.0147663,-0.10577028,-1.3650268,-0.4503462
10958,438.32,-0.3,-0.7256422,0.17866153,-1.3655111,-0.45082262
10959,438.36,-0.3,-1.6844615,-0.76459664,-1.366008,-0.45131156
10960,438.4,-0.3,-1.4052179,-0.489885,-1.3665172,-0.45181236
10961,438.44,-0.3,-1.2059234,-0.293825,-1.3670377,-0.45232442
10962,438.48,-0.3,-0.87416005,0.032554023,-1.367569,-0.4528471
10963,438.52,-0.4,-1.4677625,-0.5514145,-1.3681104,-0.45337975
10964,438.56,-0.4,-1.3255403,-0.41150054,-1.3686613,-0.4539217
10965,438.6,-0.4,-1.2399048,-0.32725483,-1.369221,-0.4544723
10966,438.64,-0.4,-1.686733,-0.7668313,-1.3697888,-0.4550309
10967,438.68,-0.5,-1.2307056,-0.31820497,-1.370364,-0.45559677
10968,438.72,-0.5,-1.9396517,-1.0156453,-1.3709459,-0.45616928
10969,438.76,-0.5,-1.5580578,-0.64024436,-1.3715339,-0.45674768
10970,438.8,-0.5,-1.5289378,-0.611597,-1.3721272,-0.45733136
10971,438.84,-0.5,-2.2347302,-1.3059348,-1.3727251,-0.45791963
10972,438.88,-0.5,-1.5620017,-0.64412427,-1.3733271,-0.45851177
10973,438.92,-0.5,-1.6995019,-0.7793929,-1.3739322,-0.45910716
10974,438.96,-0.5,-1.3429644,-0.4286419,-1.3745401,-0.4597051
10975,439.0,-0.5,-0.6038704,0.29845703,-1.37515,-0.460305
10976,439.04,-0.5,-1.7182255,-0.79781264,-1.375761,-0.46090618
10977,439.08,-0.5,-0.54115295,0.3601566,-1.3763727,-0.46150798
10978,439.12,-0.5,-1.8312398,-0.9089928,-1.3769845,-0.46210974
10979,439.16,-0.5,-1.0825689,-0.17247243,-1.3775955,-0.46271092
10980,439.2,-0.5,-1.4668456,-0.55051255,-1.3782053,-0.46331084
10981,439.24,-0.5,-1.7590371,-0.8379619,-1.3788133,-0.4639089
10982,439.28,-0.5,-1.6896255,-0.76967686,-1.3794187,-0.4645045
10983,439.32,-0.5,-1.119527,-0.20883071,-1.3800211,-0.4650971
10984,439.36,-0.5,-1.423213,-0.5075881,-1.3806198,-0.46568605
10985,439.4,-0.5,-1.3892701,-0.474196,-1.3812141,-0.46627086
10986,439.44,-0.5,-0.8676814,0.038927548,-1.3818038,-0.46685094
10987,439.48,-0.5,-1.8772985,-0.954304,-1.3823881,-0.46742573
10988,439.52,-0.5,-1.3881248,-0.47306934,-1.3829665,-0.46799475
10989,439.56,-0.5,-1.490923,-0.57419926,-1.3835385,-0.46855748
10990,439.6,-0.5,-0.88662475,0.020291619,-1.3841037,-0.46911344
10991,439.64,-0.5,-1.5091186,-0.5920994,-1.3846613,-0.4696621
10992,439.68,-0.5,-1.574517,-0.6564365,-1.3852112,-0.47020307
10993,439.72,-0.5,-1.277946,-0.36467865,-1.3857528,-0.47073585
10994,439.76,-0.5,-1.2075515,-0.2954266,-1.3862857,-0.47126004
10995,439.8,-0.5,-0.9005301,0.0066119507,-1.3868093,-0.4717752
10996,439.84,-0.5,-1.8756013,-0.95263433,-1.3873234,-0.47228098
10997,439.88,-0.5,-1.2801859,-0.36688226,-1.3878276,-0.47277698
10998,439.92,-0.5,-1.3935041,-0.47836134,-1.3883215,-0.47326285
10999,439.96,-0.5,-1.4522574,-0.53616107,-1.3888048,-0.47373825
11000,440.0,-0.5,-1.6576381,-0.73820853,-1.3892771,-0.47420293
11001,440.04,-0.5,-1.1811898,-0.26949275,-1.3897382,-0.47465655
11002,440.08,-0.5,-1.6216933,-0.7028471,-1.3901879,-0.47509888
11003,440.12,-0.5,-1.41165,-0.49621266,-1.3906257,-0.47552964
11004,440.16,-0.5,-1.5746099,-0.6565279,-1.3910517,-0.4759487
11005,440.2,-0.5,-2.1635633,-1.2359228,-1.3914654,-0.4763558
11006,440.24,-0.5,-1.2308682,-0.31836495,-1.391867,-0.47675082
11007,440.28,-0.5,-1.43188,-0.5161144,-1.3922561,-0.47713363
11008,440.32,-0.5,-1.8138542,-0.8918894,-1.3926327,-0.47750413
11009,440.36,-0.5,-1.0516331,-0.14203873,-1.3929968,-0.47786224
11010,440.4,-0.5,-1.4489743,-0.53293127,-1.3933481,-0.4782079
11011,440.44,-0.5,-1.6291486,-0.7101814,-1.3936868,-0.47854108
11012,440.48,-0.5,-1.7218218,-0.80135053,-1.3940128,-0.47886184
11013,440.52,-0.5,-1.7870339,-0.8655043,-1.3943262,-0.47917014
11014,440.56,-0.5,-0.8566118,0.04981748,-1.3946271,-0.47946605
11015,440.6,-0.5,-0.9088513,-0.0015742183,-1.3949153,-0.47974965
11016,440.64,-0.5,-1.7276372,-0.80707157,-1.3951912,-0.48002106
11017,440.68,-0.5,-1.5169132,-0.59976757,-1.3954548,-0.48028037
11018,440.72,-0.5,-1.2115657,-0.2993757,-1.3957063,-0.48052773
11019,440.76,-0.5,-1.2537946,-0.3409192,-1.3959457,-0.48076332
11020,440.8,-0.5,-0.9066013,0.0006392747,-1.3961734,-0.48098725
11021,440.84,-0.5,-1.5788693,-0.6607182,-1.3963895,-0.48119983
11022,440.88,-0.5,-0.5612758,0.34036037,-1.3965942,-0.4814012
11023,440.92,-0.5,-1.3399295,-0.42565617,-1.3967876,-0.4815916
11024,440.96,-0.5,-1.4488939,-0.5328522,-1.3969704,-0.48177135
11025,441.0,-0.5,-1.5098194,-0.5927889,-1.3971425,-0.4819407
11026,441.04,-0.5,-1.0053056,-0.09646314,-1.3973044,-0.48209992
11027,441.08,-0.5,-1.3082576,-0.3944983,-1.3974563,-0.48224938
11028,441.12,-0.5,-1.7325912,-0.81194514,-1.3975986,-0.48238936
11029,441.16,-0.5,-1.4947258,-0.5779403,-1.3977317,-0.48252028
11030,441.2,-0.5,-2.2592354,-1.3300421,-1.3978559,-0.4826425
11031,441.24,-0.5,-0.9246117,-0.017078795,-1.3979717,-0.48275644
11032,441.28,-0.5,-2.3713536,-1.4403409,-1.3980796,-0.48286256
11033,441.32,-0.5,-1.48842,-0.5717368,-1.3981799,-0.48296127
11034,441.36,-0.5,-1.3558909,-0.44135854,-1.3982732,-0.48305312
11035,441.4,-0.5,-1.8593881,-0.9366843,-1.3983601,-0.48313856
11036,441.44,-0.5,-1.3465334,-0.43215293,-1.3984411,-0.48321816
11037,441.48,-0.5,-1.1852075,-0.27344528,-1.3985165,-0.48329246
11038,441.52,-0.5,-1.672313,-0.75264525,-1.3985873,-0.48336205
11039,441.56,-0.5,-0.9455932,-0.03771978,-1.3986539,-0.48342752
11040,441.6,-0.5,-1.362642,-0.44800016,-1.3987169,-0.4834895
11041,441.64,-0.5,-2.0093193,-1.0841821,-1.398777,-0.48354864
11042,441.68,-0.5,-1.3588464,-0.44426614,-1.3988348,-0.48360556
11043,441.72,-0.5,-2.0308511,-1.1053646,-1.3988912,-0.48366097
11044,441.76,-0.5,-1.8818555,-0.958787,-1.3989466,-0.4837155
11045,441.8,-0.5,-1.7838752,-0.86239696,-1.399002,-0.4837699
11046,441.84,-0.5,-1.286833,-0.3734215,-1.3990577,-0.48382488
11047,441.88,-0.5,-0.6679286,0.23543847,-1.399115,-0.48388115
11048,441.92,-0.5,-1.5685513,-0.6505676,-1.3991742,-0.48393944
11049,441.96,-0.5,-2.3912883,-1.459952,-1.3992363,-0.4840005
11050,442.0,-0.5,-0.91224575,-0.004913561,-1.3993019,-0.48406506
11051,442.04,-0.5,-1.7466516,-0.8257774,-1.3993719,-0.48413387
11052,442.08,-0.5,-1.0541213,-0.14448649,-1.3994468,-0.48420766
11053,442.12,-0.5,-1.7594059,-0.83832467,-1.3995277,-0.48428717
11054,442.16,-0.5,-1.0028487,-0.09404611,-1.399615,-0.48437312
11055,442.2,-0.5,-1.6046302,-0.68606097,-1.3997097,-0.48446625
11056,442.24,-0.5,-2.0055637,-1.0804875,-1.3998125,-0.48456725
11057,442.28,-0.5,-1.6298473,-0.7108688,-1.3999238,-0.48467684
11058,442.32,-0.5,-1.57394,-0.6558689,-1.4000446,-0.48479566
11059,442.36,-0.5,-1.0812745,-0.17119907,-1.4001755,-0.48492435
11060,442.4,-0.5,-0.49821,0.40240258,-1.400317,-0.48506358
11061,442.44,-0.5,-0.926679,-0.019112572,-1.4004698,-0.48521394
11062,442.48,-0.5,-1.792438,-0.87082076,-1.4006345,-0.485376
11063,442.52,-0.5,-1.9197555,-0.99607193,-1.4008117,-0.48555028
11064,442.56,-0.5,-0.30365402,0.593801,-1.4010017,-0.4857373
11065,442.6,-0.5,-0.5246543,0.37638748,-1.4012053,-0.4859375
11066,442.64,-0.5,-0.84340715,0.06280782,-1.4014226,-0.4861513
11067,442.68,-0.5,-1.4090254,-0.49363074,-1.4016542,-0.48637915
11068,442.72,-0.5,-1.1279534,-0.21712038,-1.4019004,-0.48662132
11069,442.76,-0.5,-0.9512602,-0.043294832,-1.4021614,-0.48687813
11070,442.8,-0.5,-1.4225798,-0.5069651,-1.4024376,-0.4871498
11071,442.84,-0.5,-1.0700676,-0.16017409,-1.402729,-0.48743656
11072,442.88,-0.5,-1.2439525,-0.33123687,-1.4030361,-0.48773858
11073,442.92,-0.5,-0.77043045,0.13460016,-1.4033587,-0.48805597
11074,442.96,-0.5,-0.7918881,0.11349074,-1.403697,-0.48838878
11075,443.0,-0.5,-0.23884642,0.65755683,-1.404051,-0.48873705
11076,443.04,-0.5,-1.9788872,-1.0542439,-1.4044207,-0.48910078
11077,443.08,-0.5,-2.0541873,-1.128322,-1.4048061,-0.4894799
11078,443.12,-0.5,-1.5552146,-0.6374474,-1.405207,-0.4898743
11079,443.16,-0.5,-0.66175306,0.24151379,-1.4056234,-0.49028394
11080,443.2,-0.5,-1.7496586,-0.8287356,-1.406055,-0.49070856
11081,443.24,-0.5,-1.1612437,-0.24987036,-1.4065018,-0.49114802
11082,443.28,-0.5,-1.714659,-0.794304,-1.4069633,-0.4916021
11083,443.32,-0.5,-2.0337048,-1.1081719,-1.4074395,-0.49207053
11084,443.36,-0.5,-0.9043566,0.0028475598,-1.40793,-0.49255306
11085,443.4,-0.5,-1.3517046,-0.43724018,-1.4084345,-0.4930494
11086,443.44,-0.5,-1.0641477,-0.15435022,-1.4089527,-0.4935592
11087,443.48,-0.5,-1.6106458,-0.6919789,-1.4094843,-0.49408218
11088,443.52,-0.5,-1.5588946,-0.6410676,-1.4100289,-0.49461794
11089,443.56,-0.5,-1.9145416,-0.99094266,-1.4105861,-0.49516612
11090,443.6,-0.5,-1.8414335,-0.91902107,-1.4111556,-0.49572635
11091,443.64,-0.5,-1.9953353,-1.0704252,-1.4117368,-0.4962982
11092,443.68,-0.5,-1.69135,-0.77137333,-1.4123296,-0.49688128
11093,443.72,-0.5,-0.80584425,0.099761106,-1.4129333,-0.49747518
11094,443.76,-0.5,-0.85055846,0.05577258,-1.4135475,-0.49807948
11095,443.8,-0.5,-1.7994797,-0.87774813,-1.4141719,-0.49869373
11096,443.84,-0.5,-1.3266705,-0.41261244,-1.414806,-0.4993175
11097,443.88,-0.5,-1.4609275,-0.54469043,-1.4154493,-0.49995035
11098,443.92,-0.5,-1.5703232,-0.6523108,-1.4161013,-0.50059175
11099,443.96,-0.5,-2.1416783,-1.214393,-1.4167616,-0.5012414
11100,444.0,-0.5,-1.4845623,-0.56794167,-1.4174297,-0.50189865
11101,444.04,-0.5,-1.6823206,-0.7624905,-1.4181051,-0.5025631
11102,444.08,-0.5,-1.0358341,-0.1264961,-1.4187875,-0.5032343
11103,444.12,-0.5,-1.4932518,-0.57649016,-1.4194762,-0.50391185
11104,444.16,-0.5,-1.2324857,-0.31995612,-1.4201707,-0.5045951
11105,444.2,-0.5,-1.8756421,-0.95267445,-1.4208707,-0.5052837
11106,444.24,-0.5,-1.1529948,-0.24175532,-1.4215755,-0.50597715
11107,444.28,-0.5,-1.2693131,-0.35618588,-1.4222847,-0.5066749
11108,444.32,-0.5,0.10748994,0.9982724,-1.422998,-0.50737655
11109,444.36,-0.5,-2.0213733,-1.0960405,-1.4237146,-0.5080815
11110,444.4,-0.5,-2.0018601,-1.0768441,-1.4244341,-0.50878936
11111,444.44,-0.5,-1.4355642,-0.5197388,-1.4251561,-0.5094996
11112,444.48,-0.5,-1.4380798,-0.52221364,-1.42588,-0.5102117
11113,444.52,-0.5,-1.5622668,-0.6443851,-1.4266052,-0.51092523
11114,444.56,-0.5,-1.8236554,-0.90153146,-1.4273314,-0.5116396
11115,444.6,-0.5,-0.91629255,-0.0088946745,-1.428058,-0.51235443
11116,444.64,-0.5,-1.1234893,-0.21272868,-1.4287845,-0.5130692
11117,444.68,-0.5,-1.9963378,-1.0714114,-1.4295105,-0.5137834
11118,444.72,-0.5,-1.9130068,-0.98943275,-1.4302354,-0.5144965
11119,444.76,-0.5,-1.3834646,-0.46848473,-1.4309589,-0.5152082
11120,444.8,-0.5,-1.3348773,-0.42068595,-1.4316802,-0.51591784
11121,444.84,-0.5,-1.6073215,-0.6887086,-1.432399,-0.51662505
11122,444.88,-0.5,-1.1471655,-0.23602071,-1.433115,-0.51732934
11123,444.92,-0.5,-2.1779993,-1.2501245,-1.4338275,-0.5180303
11124,444.96,-0.5,-1.5911615,-0.67281085,-1.4345361,-0.51872736
11125,445.0,-0.5,-1.0936422,-0.18336606,-1.4352403,-0.5194202
11126,445.04,-0.5,-1.1721238,-0.2605739,-1.4359398,-0.5201083
11127,445.08,-0.5,-1.3778358,-0.46294728,-1.436634,-0.5207912
11128,445.12,-0.5,-1.1556685,-0.24438566,-1.4373224,-0.5214685
11129,445.16,-0.5,-1.1888983,-0.27707618,-1.4380047,-0.5221398
11130,445.2,-0.5,-1.0088304,-0.09993072,-1.4386805,-0.5228045
11131,445.24,-0.5,-0.85226166,0.054097034,-1.4393492,-0.52346236
11132,445.28,-0.5,-2.1832979,-1.2553371,-1.4400104,-0.5241128
11133,445.32,-0.5,-0.9420655,-0.03424932,-1.4406637,-0.52475554
11134,445.36,-0.5,-1.6333494,-0.7143141,-1.4413086,-0.52538997
11135,445.4,-0.5,-0.7765258,0.12860373,-1.4419447,-0.5260158
11136,445.44,-0.5,-1.8865316,-0.96338725,-1.4425716,-0.52663255
11137,445.48,-0.5,-1.3863056,-0.47127962,-1.443189,-0.52723986
11138,445.52,-0.5,-0.6280947,0.2746259,-1.4437963,-0.52783734
11139,445.56,-0.5,-1.9930463,-1.0681733,-1.4443932,-0.5284245
11140,445.6,-0.5,-1.9611027,-1.0367482,-1.4449793,-0.5290011
11141,445.64,-0.5,-1.096961,-0.186631,-1.4455543,-0.5295667
11142,445.68,-0.5,-1.766012,-0.84482354,-1.4461176,-0.5301209
11143,445.72,-0.5,-2.0390117,-1.1133927,-1.4466691,-0.5306635
11144,445.76,-0.5,-1.2029804,-0.29092973,-1.4472084,-0.5311941
11145,445.8,-0.5,-1.0894462,-0.17923811,-1.4477353,-0.53171235
11146,445.84,-0.5,-1.5996199,-0.68113196,-1.4482493,-0.5322181
11147,445.88,-0.5,-1.0039616,-0.09514087,-1.4487504,-0.5327109
11148,445.92,-0.5,-1.6952057,-0.7751664,-1.4492381,-0.5331907
11149,445.96,-0.5,-1.4548035,-0.53866583,-1.4497122,-0.5336572
11150,446.0,-0.5,-1.7070614,-0.78682977,-1.4501727,-0.5341101
11151,446.04,-0.5,-1.7978702,-0.87616473,-1.4506191,-0.53454936
11152,446.08,-0.5,-1.6564289,-0.737019,-1.4510515,-0.53497475
11153,446.12,-0.5,-1.2256789,-0.31325987,-1.4514698,-0.5353862
11154,446.16,-0.5,-1.4967996,-0.5799804,-1.4518737,-0.5357835
11155,446.2,-0.5,-1.3220252,-0.4080425,-1.4522631,-0.53616667
11156,446.24,-0.5,-1.7620482,-0.84092414,-1.4526381,-0.5365356
11157,446.28,-0.5,-1.1990865,-0.28709906,-1.4529986,-0.53689027
11158,446.32,-0.5,-1.2585139,-0.34556198,-1.4533446,-0.5372307
11159,446.36,-0.5,-2.0273192,-1.10189,-1.4536761,-0.5375568
11160,446.4,-0.5,-1.6265061,-0.7075818,-1.4539932,-0.53786874
11161,446.44,-0.5,-1.5906143,-0.6722725,-1.454296,-0.53816664
11162,446.48,-0.5,-1.108965,-0.1984402,-1.4545845,-0.5384505
11163,446.52,-0.5,-1.9973322,-1.0723896,-1.4548589,-0.5387204
11164,446.56,-0.5,-1.3309134,-0.41678646,-1.4551195,-0.53897667
11165,446.6,-0.5,-1.7854307,-0.86392707,-1.4553661,-0.5392194
11166,446.64,-0.5,-1.5839863,-0.66575205,-1.4555994,-0.53944886
11167,446.68,-0.5,-1.3662978,-0.45159662,-1.4558194,-0.5396652
11168,446.72,-0.5,-2.371917,-1.4408951,-1.4560263,-0.53986883
11169,446.76,-0.5,-1.310386,-0.3965921,-1.4562205,-0.5400599
11170,446.8,-0.5,-1.7935898,-0.87195385,-1.4564024,-0.54023886
11171,446.84,-0.5,-2.0409439,-1.1152935,-1.4565723,-0.540406
11172,446.88,-0.5,-1.9583583,-1.0340482,-1.4567306,-0.5405617
11173,446.92,-0.5,-1.8465567,-0.92406106,-1.4568776,-0.54070634
11174,446.96,-0.5,-1.4968759,-0.5800555,-1.4570138,-0.5408403
11175,447.0,-0.5,-1.2935947,-0.38007343,-1.4571397,-0.5409641
11176,447.04,-0.5,-1.4258014,-0.51013446,-1.4572556,-0.5410782
11177,447.08,-0.5,-1.1760416,-0.26442814,-1.457362,-0.54118294
11178,447.12,-0.5,-1.9579339,-1.0336307,-1.4574596,-0.5412788
11179,447.16,-0.5,-1.4700813,-0.55369574,-1.4575485,-0.5413663
11180,447.2,-0.5,-0.7915638,0.11380977,-1.4576293,-0.54144585
11181,447.24,-0.5,-1.1969435,-0.28499082,-1.4577026,-0.5415179
11182,447.28,-0.5,-1.3671881,-0.45247242,-1.4577688,-0.54158306
11183,447.32,-0.5,-1.1006829,-0.19029242,-1.4578284,-0.54164165
11184,447.36,-0.5,-1.2201575,-0.30782804,-1.4578817,-0.5416941
11185,447.4,-0.5,-1.0491159,-0.13956237,-1.4579294,-0.54174095
11186,447.44,-0.5,-1.1793506,-0.26768345,-1.4579717,-0.54178256
11187,447.48,-0.5,-1.6197939,-0.7009785,-1.458009,-0.5418194
11188,447.52,-0.5,-1.1650797,-0.25364414,-1.4580419,-0.54185176
11189,447.56,-0.5,-1.4833982,-0.5667965,-1.4580708,-0.54188013
11190,447.6,-0.5,-0.8818462,0.024992637,-1.4580959,-0.5419048
11191,447.64,-0.5,-0.96947163,-0.061210692,-1.4581175,-0.54192615
11192,447.68,-0.5,-1.3230851,-0.40908515,-1.4581362,-0.54194444
11193,447.72,-0.5,-1.7625027,-0.84137124,-1.458152,-0.54196006
11194,447.76,-0.5,-1.0628055,-0.15302983,-1.4581655,-0.5419733
11195,447.8,-0.5,-0.8383836,0.067749836,-1.4581767,-0.5419844
11196,447.84,-0.4,-2.093745,-1.1672376,-1.4581861,-0.5419936
11197,447.88,-0.3,-1.2803915,-0.36708444,-1.4581938,-0.5420011
11198,447.92,-0.2,-1.6888868,-0.76895005,-1.4582,-0.5420072
11199,447.96,-0.2,-1.4710145,-0.55461377,-1.458205,-0.5420121
